,taxon_id,parent_taxon_id,name,rank,iconic_taxon_id,iconic_taxon_name,geomodel_version,geometry,Vernacular Name
100,22394,22086,Eleutherodactylus guttilatus,species,20978,Amphibia,2.32,"MULTIPOLYGON (((-100.44806316817073 19.58965778712641, -100.69039443154017 19.696993648289162, -100.71126480565886 19.950225440275393, -100.48885666771001 20.095966263809867, -100.24614175594594 19.988077983219963, -100.02356905132595 20.13309597170379, -99.78165485661474 20.024650747651304, -99.76267937794928 19.771750499009954, -99.52194372041178 19.663326454024986, -99.50355310661605 19.410842207232477, -99.26399540064494 19.302464573662732, -99.04249204374882 19.44599555321972, -99.05994147906603 19.6982800038422, -98.83774550480526 19.841457660878444, -98.85482742793909 20.09395704839462, -98.63194033701387 20.236754926857092, -98.39260445696642 20.126692378007313, -98.1696720050312 20.268734384258035, -98.18543154386458 20.52118679085466, -98.42507366075587 20.631834346475543, -98.44140707761609 20.884683728247417, -98.68227371208981 20.995370670587306, -98.90648899698746 20.8526293906182, -99.14825144922148 20.962761303949048, -99.16612900508852 21.21620143776614, -99.40910655048809 21.326329554697082, -99.42757845306564 21.580107011800987, -99.67177200940414 21.690205273917208, -99.89713266005178 21.545971889516014, -100.1421693135341 21.655470332305995, -100.16221886071557 21.909743868177415, -100.40845988672133 22.01916832434476, -100.42912391506975 22.273717587158465, -100.20256482065666 22.418667929033226, -100.22286223861455 22.673298356035808, -99.99554415005719 22.817786089646987, -100.01547009814655 23.07247048201483, -99.7873940691404 23.21646880687037, -99.80694365382573 23.47117997140861, -100.05556964392832 23.582080087127476, -100.28425836121265 23.43774207511895, -100.53372738115401 23.547971275481064, -100.7622395232724 23.402785626173518, -101.01251885640957 23.51233435511067, -101.24082187658792 23.366309676892225, -101.49187833779796 23.47516875294836, -101.7199396579978 23.3283141327791, -101.69639108332254 23.07296923224892, -101.92364448171149 22.925669726709028, -101.89974486231893 22.670387147645577, -102.12619012192515 22.52267012170378, -102.1019444188732 22.26747723852621, -102.32758142576262 22.119370139446495, -102.57797485579299 22.226064782223617, -102.80330212995736 22.07719326524786, -102.777738102782 21.822030958928792, -102.52782329935143 21.715824640896173, -102.50290014494617 21.46089315970231, -102.72692070529317 21.3120884874605, -102.701666098971 21.057328607869877, -102.45335604648037 20.951458035955095, -102.22983116705237 21.099851730608183, -101.98218756971356 20.993348528709152, -101.95852643068685 20.738960683597664, -102.1815473156442 20.59097841010866, -102.15755115724338 20.336798358650945, -101.91148977744747 20.230703111715886, -101.8881131319616 19.97685325904498, -101.64317844613575 19.870685137269287, -101.42118946023535 20.01784339044964, -101.17696389156835 19.911093971089333, -101.15514650605526 19.65772267233559, -100.91206227750143 19.55094329953949, -100.89084636987165 19.297963326177392, -100.6489040830086 19.19117960342904, -100.42778894776009 19.33682566860269, -100.44806316817073 19.58965778712641)), ((-98.53308056419422 18.725102997793893, -98.29674971354852 18.616411843619872, -98.07643517359834 18.758483368560267, -97.84100500195167 18.64932050378127, -97.6206806735846 18.790680922710525, -97.63513864717731 19.041561931517005, -97.87084676673085 19.151332996777104, -98.091819328661 19.009613038317184, -98.32844557026188 19.11890503811635, -98.54939253702933 18.97646467931769, -98.78690975560536 19.08526834777329, -99.00780236044578 18.942115240907075, -98.99056128450778 18.690538339938765, -98.75335688441074 18.582327895278684, -98.53308056419422 18.725102997793893)))",Spotted Chirping Frog
101,22445,22086,Eleutherodactylus flavescens,species,20978,Amphibia,2.32,"MULTIPOLYGON (((-70.5308338883656 18.514248824498484, -70.71266340790473 18.417952739280192, -70.92082209979871 18.51653723616502, -71.10340077866522 18.41971152351295, -71.07757101550327 18.223852036526505, -71.26064453024912 18.12604755180389, -71.23486650682531 17.929024779373435, -71.41843443072594 17.830241036276888, -71.62801921761456 17.928931074060067, -71.65359579173848 18.126217725283094, -71.86326438958154 18.2244520464771, -71.88869138120674 18.420830124044617, -72.09843666918252 18.518595785993433, -72.12371331408056 18.714056979935794, -72.33352817026459 18.81134131878205, -72.3586537201637 19.005877667441005, -72.56853102297038 19.102668301568286, -72.59350474568483 19.296272190500623, -72.80343737530633 19.392557023656835, -72.82825855485993 19.585221184248397, -73.03823939470198 19.680988408352643, -73.22380833055352 19.584292497006604, -73.19920130289877 19.39140624075669, -72.98881025823921 19.295436748669076, -72.96404895935248 19.101603803203037, -73.1498938822504 19.003515718261166, -73.12519338940268 18.80851285664998, -72.91443265175879 18.711827222449475, -72.88957754341206 18.51588521764832, -72.6788627376347 18.418698735614047, -72.49342190232207 18.517653744264962, -72.28318282521604 18.420174406365067, -72.2579629316403 18.223545724049792, -72.04778882497781 18.125587827619057, -72.02241752753282 17.92804317557473, -71.81231555202648 17.829619558152256, -71.78679360826656 17.63116749347556, -71.57677092450122 17.532291272912413, -71.39270905415366 17.632054470478206, -71.18321519649494 17.532921933796747, -70.99989143718192 17.632159903113646, -71.02581639256682 17.830075032968963, -70.84299034817892 17.928331885345415, -70.86896597044084 18.125084971976033, -70.68663801772966 18.222361101132552, -70.47859036648599 18.12333788767608, -70.29702091010529 18.220086871201957, -70.0895472878002 18.12081442844203, -69.90874890815634 18.217037622674606, -69.70186561086294 18.117522941965607, -69.52185053194184 18.2132218453341, -69.3155735118525 18.113471984514728, -69.13635359907869 18.20864823318125, -68.93069846008919 18.10867031130355, -68.90379322973618 17.913350203451806, -68.69829960843893 17.81298742386131, -68.5201878282762 17.908109740370403, -68.54726721227925 18.103126866826972, -68.36967178542874 18.197263243477266, -68.39678925022122 18.39113250998599, -68.21971002865277 18.48428470815731, -68.24686473937427 18.677007447178262, -68.4509293487333 18.77687679074697, -68.47795206881747 18.968749692318386, -68.68218941825523 19.068224273148726, -68.70907922132014 19.25923875256767, -68.91348271118564 19.358305543277336, -68.94023868340268 19.548453332916594, -69.144801694998 19.64709954399903, -69.323073591829 19.555770951577628, -69.5282514931225 19.65416076956361, -69.7073098123672 19.56230349079969, -69.91308724382313 19.66042970851235, -69.93934820974545 19.850232807334617, -70.14525731065642 19.947906369988278, -70.32535663768493 19.85595763761909, -70.531838730778 19.9533507425605, -70.55777244065527 20.142507134246035, -70.7643685411337 20.239425837985305, -70.94547277303265 20.14737392190375, -71.15261464520219 20.243995557549024, -71.33445076456546 20.15140398423983, -71.30890400896774 19.961762258958743, -71.10132481217816 19.86495107505934, -71.07563297492142 19.67439082938901, -70.86815249623722 19.57709795012226, -70.84231637215088 19.385626319974133, -70.63494152848624 19.287863837433658, -70.60896192718752 19.095488289228665, -70.40169962834827 18.997268562813698, -70.37557737409082 18.80399689460857, -70.16843452139474 18.705332547668235, -70.14217045291223 18.51117289000758, -70.32323806140336 18.41540505118876, -70.5308338883656 18.514248824498484)), ((-74.48523821217938 18.500409882989523, -74.27280703947982 18.404458021185373, -74.24867859648067 18.2066658609498, -74.03625202307181 18.110186762797724, -73.84835074585273 18.211710442462984, -73.63633699818709 18.114923045567455, -73.44908113024482 18.21591434711234, -73.23749933147464 18.118824810791033, -73.0509041799589 18.219283804599343, -73.07569858842434 18.41639598095814, -73.28687075947069 18.51328317762492, -73.47365721366877 18.413259282429145, -73.68526809118931 18.509840871578334, -73.7096868165312 18.706240172079593, -73.9213195245249 18.80230162040853, -74.10893051837753 18.70217080829979, -74.32097077645416 18.797910890950682, -74.50920598820196 18.697242475392372, -74.48523821217938 18.500409882989523)), ((-73.8417024169922 21.092666170083728, -73.87058568609619 20.875640876820995, -73.71296682048687 20.75381782288907, -73.52692827894582 20.848411071968716, -73.3708000719215 20.726750647129016, -73.18578267659063 20.820692231797764, -73.15596039753494 21.036079458346187, -72.97103659991667 21.129154591376675, -72.9408344663628 21.344269353713095, -72.75600988614089 21.43646931437108, -72.72542778332183 21.651295558084307, -72.88012547265788 21.774745729455155, -73.06589047802136 21.682781747390113, -73.0960147890962 21.467130438477504, -73.28187666031802 21.374281290142957, -73.43855726640079 21.497312758737557, -73.6254534557219 21.403807459699596, -73.65472330540337 21.187049197510166, -73.8417024169922 21.092666170083728)), ((-73.79675372679665 22.739914465740455, -73.6070632023733 22.83181584871215, -73.5772792153365 23.04948205655258, -73.73767744317281 23.1760707679575, -73.9283445368504 23.084416838611446, -73.95763410682738 22.86592564623581, -74.14837904583088 22.773344888233254, -74.31081320498998 22.89949570111093, -74.50260847676755 22.806227955639322, -74.53098832163363 22.586577040171797, -74.36808389133842 22.461015396042395, -74.39657086342733 22.241862202346308, -74.23474507765637 22.117029525748244, -74.04489916756792 22.210755872267004, -74.01591091793883 22.429088664505365, -73.8261397143573 22.521906836127123, -73.79675372679665 22.739914465740455)), ((-72.9749055621176 22.330163959392234, -73.00533636471395 22.11430477461799, -72.84961762023586 21.990094915536417, -72.6639551870796 22.081165409366598, -72.63306369092514 22.296196612250828, -72.78829270016699 22.42098411193106, -72.75747462142395 22.63651161623857, -72.91373394038226 22.76204624458773, -73.10130502385546 22.671480801090407, -73.1316559135551 22.455124839637044, -72.9749055621176 22.330163959392234)), ((-72.50974589945073 21.95713380426022, -72.54070805356689 21.742611938180257, -72.38750803028852 21.619344632833872, -72.20383597297285 21.710020511552212, -72.0521260806128 21.58694442475037, -71.8695037353218 21.676986886047402, -71.71927617724673 21.554110163007618, -71.69406128716672 21.369573544229322, -71.87610962092806 21.279200502958634, -71.8509482865847 21.09351032872528, -71.64353881088272 20.99840950437183, -71.46171735024627 21.089194723598315, -71.25482025553195 20.99376873947629, -71.07371570987702 21.084008938753605, -71.09927108622412 21.26925935708478, -70.91865088044142 21.358539621152197, -70.94425599849815 21.542640475191355, -71.1502889977629 21.637682438926436, -71.17575162513903 21.820855078520964, -71.32400076404699 21.94408980982904, -71.5054386867705 21.855559116077917, -71.65516569754496 21.97900522334253, -71.83766232539803 21.889850394324988, -71.98887548321727 22.01349991260183, -72.17242933003804 21.923713755033265, -72.32513666570527 22.04755850947298, -72.50974589945073 21.95713380426022)), ((-72.09097549103399 19.96681292939303, -72.27471438248017 19.872170035443602, -72.48381220524254 19.968057149876874, -72.50875039152572 20.158388236670937, -72.71790569179117 20.253753547700047, -72.90253548664192 20.15898706541931, -73.11215018929076 20.25402178616284, -73.29744328028492 20.15870828656486, -73.27292926955943 19.967944013787992, -73.06290733144603 19.872705916151393, -72.87780756128849 19.96843671176945, -72.66823865058996 19.872870879895327, -72.6433585103749 19.681374095288643, -72.43384246835684 19.585288505408585, -72.24962572273064 19.680899393886495, -72.04059242121454 19.584501953221395, -71.8570730537271 19.679571960069985, -71.88236652006356 19.87061109348257, -72.09097549103399 19.96681292939303)), ((-75.46146545461563 20.881410238878686, -75.62662461914843 21.003913058681928, -75.8187053104076 20.905270625107462, -75.84466521779973 20.683955651873294, -75.67907450116242 20.562086266857385, -75.48795278995964 20.660897547282122, -75.46146545461563 20.881410238878686)), ((-74.71866400864833 23.94152883946591, -74.55292911191691 23.813265937236896, -74.35921592312936 23.90511071752593, -74.3302351749523 24.124966536617052, -74.49549122464502 24.253798128883343, -74.69020971257083 24.162206225456814, -74.71866400864833 23.94152883946591)), ((-67.78483956327055 18.08985133035213, -67.98853897608588 18.19047018785887, -68.16530580755067 18.09685077517629, -68.13805621137057 17.90214191316454, -67.93387251924179 17.801364960847238, -67.75742369968087 17.895455937609153, -67.78483956327055 18.08985133035213)))",Buenaventura Robber Frog
102,22454,22086,Eleutherodactylus coqui,species,20978,Amphibia,2.32,"MULTIPOLYGON (((-159.75485440303297 21.53541066019847, -159.48776464753965 21.51476415197713, -159.3297533187907 21.720072627461544, -159.06194839272848 21.698860957138518, -158.90311450068438 21.903839622016786, -159.0125248052353 22.13003781764305, -159.28089381424 22.151018736816393, -159.39061017509593 22.37640770967177, -159.65883092501284 22.39656802869345, -159.81676550614728 22.191581067749187, -160.08424573554342 22.211163589500465, -160.24132981720263 22.005854264468137, -160.50804387606883 22.024873227179352, -160.66426564203266 21.81926523360438, -160.9301884402161 21.83773502806116, -161.08553651101016 21.631852107000032, -160.97546234317454 21.407488319866673, -160.71010615062252 21.388736760693316, -160.55426072408687 21.59463107374614, -160.28811343364143 21.57534351095003, -160.13140753325632 21.780959049517598, -159.86449403779105 21.761121160481782, -159.75485440303297 21.53541066019847)), ((169.3422716409949 14.57344958961436, 169.1844317220308 14.750068965377876, 168.9370809172824 14.713895681205205, 168.8485947760346 14.501359915845411, 169.00664872642034 14.325527593012325, 169.252978945854 14.361445270833606, 169.3422716409949 14.57344958961436)), ((-64.52258012140135 17.650193089897503, -64.35395122075535 17.800487520304074, -64.38347071980198 17.996895524435445, -64.58134207221843 18.04274207711826, -64.7493902973297 17.892735804954206, -64.9461883211465 17.938312344831274, -65.11343628350693 17.788309107655774, -65.08447079320861 17.59244302670148, -64.88798039829798 17.54630529981782, -64.72014784409171 17.696595892403497, -64.52258012140135 17.650193089897503)), ((167.3008187551726 9.088978981160414, 167.45238528709638 8.927332332126445, 167.68369603226944 8.96139508655411, 167.7643213750598 9.157391087662164, 167.61288505786837 9.319798855341881, 167.38068986531874 9.285448078820776, 167.3008187551726 9.088978981160414)), ((-118.83106703017792 33.91826626424624, -118.5473605014824 33.847633648977784, -118.48595051692138 33.605897794609334, -118.202781298695 33.53408150626043, -117.97987039179853 33.704043398783384, -118.04038609770777 33.94617247140065, -118.32471169293866 34.01794786850725, -118.38604677616748 34.25924045292967, -118.67092378069164 34.32982085501092, -118.89329043734647 34.15915947339577, -118.83106703017792 33.91826626424624)), ((-169.52001514434872 17.15076548711106, -169.76286409000252 17.161442237616942, -169.89667355914315 16.95553452650493, -169.78833636733577 16.738864205601246, -169.9218366976901 16.53312882329218, -169.81370695364728 16.316098274958605, -169.57189338491537 16.304342442234734, -169.4376950135542 16.5101568818794, -169.1946998178077 16.4982047151073, -169.05949780529141 16.70427417469361, -169.1679812079569 16.922219913225163, -169.41149651313145 16.93364169379733, -169.52001514434872 17.15076548711106)), ((-68.4509293487333 18.77687679074697, -68.47795206881747 18.968749692318386, -68.68218941825523 19.068224273148726, -68.85987641902483 18.97599309533578, -68.83302601163619 18.783830117649213, -68.62831530443361 18.684187366450274, -68.60133090676382 18.491166834695303, -68.77923045527369 18.397495362833915, -68.98441377152608 18.497305898465285, -69.16312268212143 18.403113097472804, -69.13635359907869 18.20864823318125, -68.93069846008919 18.10867031130355, -68.75228521857008 18.203325674763548, -68.54726721227925 18.103126866826972, -68.36967178542874 18.197263243477266, -68.39678925022122 18.39113250998599, -68.21971002865277 18.48428470815731, -68.24686473937427 18.677007447178262, -68.4509293487333 18.77687679074697)), ((-66.250365606679 17.861720249290816, -66.05761060564396 17.81773223505197, -66.02938405000867 17.623536474777822, -65.8358489833412 17.578730302014225, -65.67022333078572 17.728690761194315, -65.69872598688163 17.923168860154238, -65.53287550512123 18.072868422325868, -65.33793257497713 18.028377216263387, -65.17127090653167 18.17809129145314, -64.97524394113735 18.133338542971163, -64.80777823868975 18.28305489884136, -64.61067440699932 18.238033902483163, -64.44241216344658 18.387740189684457, -64.2442390522846 18.34244418950359, -64.07518810355658 18.492127947474703, -64.10488660410341 18.686813691167856, -64.30335958704774 18.731564943684266, -64.33287109479934 18.925131414631803, -64.5305810148186 18.969058689815252, -64.6984773082773 18.819962319942988, -64.66924198676263 18.626645300419593, -64.83692380367756 18.477231304057717, -65.03325869109027 18.521429325741188, -65.06221789812948 18.71449133646115, -65.25778252741749 18.75786918349264, -65.42407801362236 18.60873775302252, -65.61855921850626 18.651851212038956, -65.78404355717635 18.502720695090996, -65.97743470041323 18.54557657782191, -66.00565714423114 18.73700442445029, -66.19827103577789 18.779047364375696, -66.36234352556043 18.63022354284743, -66.56296705825419 18.73111540414268, -66.73613853679817 18.640998561712685, -66.93747715823969 18.74170076558279, -67.11151094556921 18.651074503451987, -67.31355158249686 18.751579595935052, -67.48843833218716 18.660441258620118, -67.46095475306372 18.468329209623896, -67.63636187237029 18.376208911080145, -67.60891174457464 18.18295592188144, -67.40589307163232 18.082137986590325, -67.37831488638302 17.888061189000158, -67.17549857571207 17.7868991342639, -67.00075363455592 17.87996719255208, -66.79864164575503 17.778623574459804, -66.62476307531554 17.871183613838685, -66.42336867130919 17.76966579357332, -66.250365606679 17.861720249290816)), ((144.36008222105062 13.362885827388498, 144.55727019043172 13.197659247016421, 144.80051215722017 13.277751564216109, 144.8468375628314 13.52286035715448, 144.64985330940578 13.688051452845572, 144.40633848466678 13.608168105894302, 144.36008222105062 13.362885827388498)), ((-155.35998890137031 18.706791291115774, -155.19789808424503 18.911504087266866, -154.929971278952 18.882219300420772, -154.7672237953287 19.08656924772081, -154.87268225188404 19.320301026357814, -154.70956029588518 19.524365273797507, -154.81517157130796 19.757710106524527, -154.65167379150665 19.961462818644947, -154.75743806491235 20.194395906501203, -155.0269548011226 20.223396408066368, -155.13312629670295 20.455719168634165, -155.40275908586565 20.484017790006014, -155.56568151314605 20.280099736606918, -155.8348678112481 20.307800737053935, -155.94166767307604 20.539300054125704, -155.77905534121868 20.743289028357545, -155.8860167862531 20.974322655470893, -156.15581201091368 21.001172961649512, -156.26315591266606 21.231528538035565, -156.5329973021786 21.25763322777263, -156.64071514109438 21.48728895652889, -156.91057920128313 21.512634287482506, -157.07217189521216 21.308479851160595, -157.3414815760296 21.33322104673779, -157.44974865665904 21.56194769310509, -157.71903059925305 21.58591531077887, -157.82764266367306 21.81389575390711, -157.66680375853335 22.018120877213892, -157.77559105346103 22.245550440251765, -158.04538142817833 22.26853963686785, -158.2058214004494 22.06429110506319, -158.09687331066377 21.8370772231161, -158.2569306849044 21.632471864251052, -158.52552570939406 21.6550608461574, -158.68478796142125 21.450098630998436, -158.57587256384238 21.222572480606324, -158.3078363600543 21.19977592541969, -158.19924283649178 20.971496074652276, -157.93112601716592 20.947924833572408, -157.77105008108987 21.152829588311295, -157.5023229695047 21.128679828293482, -157.39422813122943 20.899442011528194, -157.12547012527222 20.87453073094006, -157.01772644482568 20.644584548877553, -157.17855817996093 20.43976991463421, -157.07098375766964 20.209353355405774, -156.8027648525796 20.183534468678555, -156.64157708467906 20.388291838083376, -156.37282733455194 20.36189745623896, -156.26581193214918 20.130599354610723, -156.4273410852424 19.925907358278344, -156.32048953070944 19.694174171519023, -156.48164174170515 19.489200420381312, -156.374953765159 19.257056650129716, -156.1073208072478 19.22967199563231, -156.00100421862996 18.99692165783546, -156.16210921112122 18.791776287929547, -156.05595321583118 18.55865854095132, -155.78890799424207 18.53046962505744, -155.62748923519504 18.735522402064746, -155.35998890137031 18.706791291115774)), ((-62.153287421431145 16.097106451864875, -62.12198044838371 15.891498079622233, -61.91626138946799 15.837859119469863, -61.884764558841425 15.631139489491943, -61.67830425314935 15.576662592946622, -61.646617401142336 15.36883416343436, -61.4394187723515 15.313519838588283, -61.40754175740241 15.104585427058703, -61.199607857624684 15.048434500407872, -61.02328655349058 15.201763241879805, -61.05544093027706 15.4109732957759, -61.263639437926315 15.46658007828574, -61.295603791747766 15.674682886078172, -61.11964663017109 15.827447282490088, -61.15169802308739 16.034705916323354, -60.97556506934579 16.187156962657816, -61.007703197667695 16.393559207447602, -61.21569806946536 16.44725386595739, -61.24764679280253 16.652538399032924, -61.45491260540638 16.70539369001476, -61.62996330446083 16.55349857813132, -61.83622765892807 16.606050134597062, -61.86771041950354 16.80995994981506, -61.69320564482251 16.96157430419013, -61.486672023567905 16.909558451352787, -61.31144181454012 17.06111725954121, -61.34328818287739 17.26440730923619, -61.550088797213476 17.31589294339274, -61.58174622320715 17.518058639030063, -61.406878809402684 17.668978572884967, -61.43862313758365 17.870256001953265, -61.64495932986648 17.920377451813504, -61.8192832743249 17.76974505543394, -62.02461658675506 17.81955250545563, -62.198208183853566 17.668849095266356, -62.16701585723682 17.46805259222671, -61.961955503863095 17.417714636206842, -61.93057430619508 17.215794223448704, -62.104530098920435 17.06446243024672, -62.30931528746525 17.115336519982456, -62.340419714681815 17.317005121627172, -62.54446123312039 17.367041342544074, -62.575376785472855 17.567587739571938, -62.77867207483101 17.616787043173993, -62.809398975010936 17.816210596882055, -62.637107435538326 17.966684306188032, -62.667922606244815 18.16523112528719, -62.870752729583245 18.213058941592703, -62.901379657398834 18.41048060434645, -63.103461443470565 18.457474574436795, -63.27463008007524 18.307581169243793, -63.47567254854593 18.35427810274243, -63.646073873601466 18.204337520957278, -63.61600034781003 18.007410818164693, -63.41524861818712 17.960173093134316, -63.384987097354085 17.76212525931569, -63.55575443313229 17.61157263572226, -63.52558196923101 17.41266431758295, -63.32436475778354 17.364046816945994, -63.29400386438441 17.1640195891452, -63.09203048888676 17.114567344276153, -62.92013042292572 17.265690560069572, -62.717118045102154 17.21594956850266, -62.68629084211216 17.014539238663318, -62.48252949128292 16.96396128209653, -62.45151322879801 16.76143143998622, -62.24700539583975 16.710015698452967, -62.21579985889744 16.506367534738807, -62.01054815832242 16.454113471204952, -61.979153153198865 16.24934850726769, -62.153287421431145 16.097106451864875)), ((145.36865037601842 15.06281165109558, 145.56525060289778 14.898062271825939, 145.8081478857668 14.975298155208344, 145.85473823694076 15.217038615444176, 145.65837667340588 15.381730444251634, 145.41518464277328 15.304738218361544, 145.36865037601842 15.06281165109558)), ((-60.926616897169836 14.570274469220825, -60.958874571805296 14.781410915825454, -61.16754056079682 14.838397291542629, -61.343684900125 14.684794033982502, -61.311704986916794 14.473942876402146, -61.10330277799703 14.416408596137902, -60.926616897169836 14.570274469220825)), ((165.4369091528472 11.628094597149127, 165.3595554162124 11.4238971302933, 165.5182148382304 11.257577520764233, 165.75417262370263 11.294668993652465, 165.83236615527005 11.498433745473733, 165.67376543848047 11.665541455116056, 165.4369091528472 11.628094597149127)), ((-67.93387251924179 17.801364960847238, -67.75742369968087 17.895455937609153, -67.78483956327055 18.08985133035213, -67.98853897608588 18.19047018785887, -68.16530580755067 18.09685077517629, -68.13805621137057 17.90214191316454, -67.93387251924179 17.801364960847238)), ((-64.69254748391002 32.31495089637144, -64.8424249586816 32.471420571191466, -65.10710501235741 32.44426799409604, -65.22004367449975 32.26074170496791, -65.06940434564982 32.105297105498416, -64.80657895111077 32.13235417302466, -64.69254748391002 32.31495089637144)), ((166.69698979770413 10.86897593253174, 166.93285850115524 10.904894964437016, 167.01350377248895 11.107301841276504, 166.85747797910278 11.274253625895131, 166.62069779951105 11.238015794432567, 166.54085833707302 11.035146538987783, 166.69698979770413 10.86897593253174)), ((169.02889706446012 10.084132896403554, 168.9445941466957 9.885354038363506, 169.0946526554202 9.72082703515077, 169.32882109464714 9.754320598952672, 169.41385034906227 9.952583882166808, 169.2639884060277 10.117870397967923, 169.02889706446012 10.084132896403554)), ((162.36526407233583 11.699716743473516, 162.1319600727685 11.659735822660485, 162.06275925682155 11.45560178072773, 162.22595552218553 11.291790010334443, 162.45842953183012 11.331322483269863, 162.52853445612448 11.535113102269746, 162.36526407233583 11.699716743473516)), ((171.93053548002922 6.857919021367076, 172.01821241235695 7.0458412775607675, 171.87809596194927 7.2037155731580205, 171.6500218311125 7.1729542385412834, 171.56295737941093 6.984484458933109, 171.70335115124237 6.82732271075972, 171.93053548002922 6.857919021367076)))",Coqui frog
103,22502,22086,Eleutherodactylus verrucipes,species,20978,Amphibia,2.32,"MULTIPOLYGON (((-100.97622346897434 20.311153929842714, -100.95475031625139 20.05754835050113, -100.71126480565886 19.950225440275393, -100.48885666771001 20.095966263809867, -100.50937692576707 20.349423175861585, -100.28622925955239 20.494827509522228, -100.04313615972629 20.386386653310307, -100.02356905132595 20.13309597170379, -99.78165485661474 20.024650747651304, -99.55894752677786 20.16893702781106, -99.31786372314704 20.059943585776388, -99.29983537633967 19.807235162264465, -99.05994147906603 19.6982800038422, -98.83774550480526 19.841457660878444, -98.85482742793909 20.09395704839462, -98.63194033701387 20.236754926857092, -98.39260445696642 20.126692378007313, -98.1696720050312 20.268734384258035, -98.18543154386458 20.52118679085466, -98.42507366075587 20.631834346475543, -98.44140707761609 20.884683728247417, -98.68227371208981 20.995370670587306, -98.6991880586778 21.248591485130763, -98.94128074544392 21.35929220238197, -98.9587831089553 21.612858593496338, -99.20210317288733 21.723547162543912, -99.22020067420868 21.977432975164, -99.46474922385924 22.08808317707091, -99.48344901567745 22.342261972696168, -99.25661876213807 22.485580801790825, -99.27494025986263 22.739822844484838, -99.0473772474422 22.88264451254434, -99.06531564506989 23.136922717906334, -98.83702138536839 23.27922081051619, -98.85457184689248 23.533508114022062, -99.10141562490156 23.64571994241528, -99.11957812740387 23.90021881333364, -99.36769084391395 24.012312634752824, -99.38647288733583 24.266995880870795, -99.63585556147724 24.37894428550873, -99.65526467840463 24.633784513375158, -99.42427275082048 24.776466664810034, -99.44329155124812 25.0312339052227, -99.69432724300037 25.143523298277124, -99.71398170891798 25.398401507359072, -99.96630236397586 25.510480944388053, -99.98660019097197 25.765442356911436, -99.75353958528072 25.908124675167066, -99.77344403948946 26.16294928512754, -100.02745365018887 26.275285621254163, -100.26115520008327 26.132300458860776, -100.51604695384314 26.243875553517224, -100.74956556534818 26.099945565823575, -100.72757225510409 25.84475474754987, -100.47310451772049 25.733666059556143, -100.45176869206153 25.478520993571227, -100.1985724911762 25.367175320787677, -100.17788651004894 25.112104026388057, -100.40936502089832 24.968201336964547, -100.3882960673011 24.713047197079618, -100.61898194338539 24.56857388907785, -100.59753516148695 24.31336403744155, -100.82742750145891 24.168346747594533, -100.80560799746769 23.91310839671041, -101.03470601468456 23.767573932722815, -101.28620194556048 23.876931067858095, -101.51507086524218 23.730548596272723, -101.49187833779796 23.47516875294836, -101.24082187658792 23.366309676892225, -101.21827209302762 23.111096186187712, -101.44577955191676 22.96460838686843, -101.42287213287541 22.70944831880919, -101.64958357394963 22.562524605569116, -101.62632346968032 22.307445298901133, -101.37733837577208 22.19941939538054, -101.35471090466861 21.9445708613838, -101.58008767284909 21.797623566107294, -101.55711083836714 21.54290140421463, -101.30973197843485 21.435256244320314, -101.28737941702347 21.18081030635501, -101.51143647626331 21.033884915003664, -101.75838117898682 21.141013179251505, -101.98218756971356 20.993348528709152, -101.95852643068685 20.738960683597664, -101.71202093346083 20.632349092602254, -101.68898094200604 20.37827355889593, -101.44361487005436 20.271579978297073, -101.22086279331747 20.418438105531845, -100.97622346897434 20.311153929842714)), ((-99.15613048667669 24.409366580449667, -98.9076622647538 24.29674086467431, -98.67723579487533 24.438214719188387, -98.69460919565059 24.692614151940454, -98.94342629865642 24.805770827280547, -99.174521286587 24.663995241250607, -99.15613048667669 24.409366580449667)), ((-96.76281510843538 19.854288238835764, -96.99808002689096 19.965758294792714, -97.22033365480898 19.825579957145113, -97.20663625542043 19.574264052301217, -96.97161882766356 19.463408467924015, -96.75005076070249 19.603256063259398, -96.76281510843538 19.854288238835764)), ((-97.67886149896367 19.795628017795615, -97.45657866788824 19.936566644275658, -97.4708292474475 20.188337018580548, -97.70830434648057 20.299430402847147, -97.93125266757177 20.158151500950407, -97.91605999227797 19.906121283719678, -97.67886149896367 19.795628017795615)), ((-98.78690975560536 19.08526834777329, -99.00780236044578 18.942115240907075, -98.99056128450778 18.690538339938765, -98.75335688441074 18.582327895278684, -98.53308056419422 18.725102997793893, -98.29674971354852 18.616411843619872, -98.07643517359834 18.758483368560267, -98.091819328661 19.009613038317184, -98.32844557026188 19.11890503811635, -98.54939253702933 18.97646467931769, -98.78690975560536 19.08526834777329)), ((-96.91932794006374 18.46152304314379, -97.13896576671387 18.3212311224423, -97.12559271417015 18.07139870253069, -96.89349326924595 17.962135380580392, -96.67452758072412 18.10207693525273, -96.68698974311738 18.351630420654924, -96.91932794006374 18.46152304314379)), ((-96.71206321483506 18.85153654951158, -96.7246751179244 19.10187090719454, -96.95846763864293 19.212571359222956, -97.17940573300037 19.072313600780706, -97.16587195759395 18.82169774976489, -96.93232250622764 18.711619399427917, -96.71206321483506 18.85153654951158)))",Big-eared Chirping Frog
104,22540,22086,Eleutherodactylus nitidus,species,20978,Amphibia,2.32,"MULTIPOLYGON (((-109.34030626685443 23.696279752948328, -109.60155460700767 23.792504225835756, -109.82275390208791 23.633193797530602, -110.0841412598213 23.728593886296018, -110.30452671150006 23.568645116107074, -110.26336006124824 23.313770249597567, -110.00273517952039 23.218651565482297, -109.96227460439766 22.963721462608518, -109.70252248972736 22.868085094661154, -109.48248461845738 23.02708722553627, -109.52201610530258 23.28219835767826, -109.30100710110061 23.441041366903832, -109.34030626685443 23.696279752948328)), ((-106.20345148875336 22.25301217212606, -105.94817795437886 22.151513487833313, -105.91614220305145 21.896069503141874, -105.66189381133515 21.794253270309305, -105.6305280145954 21.53895555759819, -105.37730970981843 21.43684889944936, -105.34660803531625 21.181725619289246, -105.56817326208281 21.02873890270575, -105.82080445326203 21.130422195902824, -105.8524562045963 21.3855135669857, -106.10610391845793 21.486917114876952, -106.13842271999889 21.742173338413657, -106.39308189181074 21.84327015779594, -106.42607343437807 22.09866301108926, -106.68173870367491 22.199426037023674, -106.90377999916909 22.044404208113313, -106.86983799102308 21.789080789406775, -107.09097062449408 21.6338662818058, -107.05676133034409 21.37874782806106, -106.80236033200727 21.27876389921559, -106.58153681320515 21.433511321955457, -106.32749482560206 21.332815485600445, -106.29489776319615 21.0777742645094, -106.0418536769076 20.97678252740929, -106.00992073246732 20.721924656721413, -106.2300927762422 20.56811530502782, -106.19788334740718 20.313517960921228, -105.94643547761567 20.212678725972662, -105.91488169650641 19.95831093437939, -105.66442860052148 19.85723989166592, -105.6335249226092 19.603129238487572, -105.38407132707422 19.501852827618436, -105.3538121777434 19.248026668222934, -105.10536253296345 19.14657117527716, -105.07574231036607 18.89305661685431, -104.82830079501316 18.791448155573995, -104.60993956517635 18.942893600713457, -104.36298176707967 18.84068558727029, -104.33491456163594 18.587506653208035, -104.08898504689049 18.485187653248097, -103.87061155757094 18.63556640557115, -103.62521402949754 18.53266939788469, -103.5986904305876 18.279888358306813, -103.35433988964199 18.17692217507862, -103.32843097379099 17.924550071481285, -103.08513004681409 17.821540094026997, -102.86726792668506 17.970392067379237, -102.62456040876424 17.86684228635938, -102.60017425641692 17.614963674580764, -102.35853297709986 17.511411294994453, -102.1408362285351 17.659208631459844, -101.89983280264373 17.55513889448541, -101.87695678037423 17.30381332968612, -101.63703478093359 17.19978177978183, -101.41957552723052 17.346528899628595, -101.18033423795167 17.242002734760007, -101.15895443460896 16.991288566608418, -100.92080833208071 16.886840876035834, -100.70365690560097 17.032543212898737, -100.46623274068305 16.927623868781755, -100.44633403206342 16.67757814569453, -100.21001740037002 16.572776980153453, -99.99324225250989 16.71744091248185, -99.75768712190833 16.6121911980727, -99.73925323715504 16.36286957802864, -99.50481659036461 16.2577770832158, -99.2884842111319 16.40140986494974, -99.05484693710821 16.295891995393692, -98.83843192620637 16.438915697470332, -98.60562051972452 16.33298015154726, -98.5895261599604 16.084636006585622, -98.35785247778516 15.978911455959917, -98.14198710869306 16.120912171411344, -97.9111745378568 16.01479328994978, -97.89650222513474 15.767302908974868, -97.66683479389236 15.661432270523628, -97.4515803938252 15.802419352605067, -97.22280757091836 15.696177623993679, -97.20953732253759 15.44959136763275, -96.9819157454893 15.34363422203554, -96.76733145107029 15.483617656471997, -96.54063622786569 15.377312491737673, -96.3261191890515 15.516681527211452, -96.10037352294442 15.410036626178988, -95.88594933649199 15.548784314821264, -95.66117592505852 15.441808118038878, -95.4468699710151 15.579927831907233, -95.45665550304378 15.825382521942972, -95.24179761364786 15.963219221972937, -95.01785031793509 15.85524829561559, -94.80314840189679 15.992435440382248, -94.58023309395091 15.884145035574369, -94.36571214192955 16.020676891779253, -94.1438498593098 15.912076128911728, -93.9295345880485 16.047947286740797, -93.70874581048479 15.939045412819121, -93.49466064817287 16.074250784195566, -93.27496528933668 15.96505716452753, -93.26945920800665 15.72135221675278, -93.48280198957211 15.586460634198609, -93.4769069422829 15.343105817220877, -93.25851061671777 15.235024231361107, -93.04591162075113 15.369601686258381, -92.82861605861257 15.261256025568368, -92.61629272549546 15.395181850632426, -92.40011634764265 15.286581288436603, -92.39633506169211 15.044762373207778, -92.18135367081463 14.936626206999295, -92.17800392425383 14.695580977386367, -92.38881578415916 14.562265799658395, -92.38507762772072 14.321603407180312, -92.17134264768963 14.214663024972067, -91.96128760878142 14.347672222928908, -91.9642119938437 14.587926375203711, -91.75371845337723 14.72060426938587, -91.75625234503669 14.961231597483195, -91.97009432596529 15.069600308517192, -91.9730524016319 15.311004897213696, -91.76134926970101 15.443614613586234, -91.76391241461467 15.685354915035914, -91.97900269740465 15.794910756869665, -92.1914802254056 15.66201530104701, -92.40772263081242 15.771321625107504, -92.41154779672179 16.014227317019365, -92.62899887769758 16.123975901030647, -92.84255176159802 15.990116090801749, -93.06113436152752 16.099591980991622, -93.0662479821231 16.34362285427991, -93.2860416404413 16.453508703577928, -93.29161215992355 16.698238967034246, -93.51262204948247 16.808515662835017, -93.72795545110728 16.673373382286822, -93.95007058972583 16.783339323853163, -93.95696947342853 17.02912805054619, -94.18030173744698 17.139450597545842, -94.3966039711198 17.003305750760603, -94.62101653365315 17.113293000362287, -94.83751344571111 16.976453708756846, -95.06298495382565 17.08609590372195, -95.27965101032534 16.94856742470906, -95.50615953897253 17.057854950906176, -95.51617720452259 17.305330042971697, -95.74389116825522 17.414908355137538, -95.754414220849 17.663000000026265, -95.98333724162146 17.772847554250504, -96.20153695158747 17.633953017677165, -96.4314612902225 17.743405448875645, -96.44339780846545 17.99239309019828, -96.67452758072412 18.10207693525273, -96.68698974311738 18.351630420654924, -96.91932794006374 18.46152304314379, -96.93232250622764 18.711619399427917, -96.71206321483506 18.85153654951158, -96.7246751179244 19.10187090719454, -96.50379671336158 19.241387644525858, -96.51602175949637 19.491933960381676, -96.75005076070249 19.603256063259398, -96.76281510843538 19.854288238835764, -96.99808002689096 19.965758294792714, -97.22033365480898 19.825579957145113, -97.45657866788824 19.936566644275658, -97.4708292474475 20.188337018580548, -97.70830434648057 20.299430402847147, -97.72311512000734 20.551630560604337, -97.96182262187321 20.66280587302983, -98.18543154386458 20.52118679085466, -98.42507366075587 20.631834346475543, -98.44140707761609 20.884683728247417, -98.68227371208981 20.995370670587306, -98.6991880586778 21.248591485130763, -98.94128074544392 21.35929220238197, -98.9587831089553 21.612858593496338, -99.20210317288733 21.723547162543912, -99.42757845306564 21.580107011800987, -99.67177200940414 21.690205273917208, -99.89713266005178 21.545971889516014, -99.87769057541455 21.292000826990755, -100.10231460177795 21.147350262925723, -100.08250845585913 20.893523632332588, -100.30639478581114 20.748482731973137, -100.55066693490086 20.856893374134454, -100.57143768836511 21.110886937029164, -100.816888800885 21.21924123546138, -101.04116567516341 21.07306489607189, -101.01943062542513 20.818922090997365, -101.24294536461268 20.6723912735525, -101.48873783357196 20.779610654079754, -101.51143647626331 21.033884915003664, -101.75838117898682 21.141013179251505, -101.78170255645509 21.3955817561713, -102.02979833427516 21.50259233959449, -102.2541200258103 21.35452497766052, -102.50290014494617 21.46089315970231, -102.72692070529317 21.3120884874605, -102.97635222605687 21.417806803695548, -103.20004060164318 21.268275648782296, -103.45009024713032 21.37333700169746, -103.6734154610765 21.223090610546663, -103.92404964361889 21.327488275403947, -103.95187640238885 21.58259771512405, -103.72810467659201 21.733270383927024, -103.75561590460967 21.988550981611137, -104.00786906799568 22.093192666102254, -104.03603632850874 22.348657702609945, -104.28938652978195 22.453048776514372, -104.51402260164599 22.30152569271359, -104.76790672610058 22.405202043381557, -104.79771323848419 22.660836209722156, -105.05267313929131 22.76421760147673, -105.08315197368013 23.019970346497065, -105.33918339449616 23.123029341700388, -105.37034071513419 23.378872241098797, -105.62743909874045 23.481581326332776, -105.65928104248076 23.737485829163095, -105.9174415252624 23.839817435974357, -105.94997419832531 24.09575488423235, -106.20919160479409 24.19768141010289, -106.43524115855465 24.043286139609922, -106.6948619102908 24.14440872895138, -106.72907956795343 24.40029582338839, -106.5026899168156 24.55511688801487, -106.53662222797553 24.81103392394382, -106.7979366807907 24.91206745008067, -107.02465445574657 24.756821894999007, -106.98973136191593 24.50096930677476, -107.215498440438 24.345394540085454, -107.18029848796925 24.089580479149248, -106.92031201706598 23.989266158162746, -106.8858140811118 23.733436567328678, -107.11032701178897 23.57800092091119, -107.07555380517641 23.322256381634446, -106.81723751792752 23.221873729964308, -106.78315724401139 22.96616140516104, -106.52584945598086 22.865379467403407, -106.49245642936229 22.60972804476713, -106.23616299507177 22.50857410734105, -106.20345148875336 22.25301217212606), (-101.98218756971356 20.993348528709152, -101.95852643068685 20.738960683597664, -102.1815473156442 20.59097841010866, -102.4287339017544 20.696974552621374, -102.45335604648037 20.951458035955095, -102.22983116705237 21.099851730608183, -101.98218756971356 20.993348528709152), (-98.34438882221109 19.370515923678912, -98.58221288851958 19.479912837607934, -98.59872205161255 19.731980415855254, -98.83774550480526 19.841457660878444, -98.85482742793909 20.09395704839462, -98.63194033701387 20.236754926857092, -98.39260445696642 20.126692378007313, -98.37646787972356 19.87441910622172, -98.13834306414827 19.76442907162886, -97.91605999227797 19.906121283719678, -97.67886149896367 19.795628017795615, -97.66422871157185 19.544044862027068, -97.88585740547612 19.402702552658425, -98.12277290362063 19.512595306637763, -98.34438882221109 19.370515923678912), (-95.044825250854 16.592754738021483, -94.8288717849576 16.72995121736459, -94.60460758979501 16.620635932491016, -94.38883574668255 16.757152764871574, -94.16563564657189 16.64750733552442, -94.1583454368793 16.402024093619566, -94.37339000800448 16.265829968407708, -94.59645108778155 16.374797954234058, -94.81168945900811 16.237933679572333, -95.03579852968643 16.346576794966385, -95.044825250854 16.592754738021483), (-97.63513864717731 19.041561931517005, -97.4141691014683 19.182554226698635, -97.17940573300037 19.072313600780706, -97.16587195759395 18.82169774976489, -97.38617780801296 18.681055583169496, -97.6206806735846 18.790680922710525, -97.63513864717731 19.041561931517005)), ((-91.53895220727571 14.372897034488254, -91.32748757337664 14.265533450034644, -91.11810960063269 14.39728257840502, -90.90780437661113 14.289720591953584, -90.69879705269928 14.420833931789808, -90.69931248203233 14.659786144081991, -90.90963116558116 14.768072912627273, -91.11942240285782 14.636681418251689, -91.33091484986977 14.74476650036401, -91.54106806669326 14.612729929164347, -91.53895220727571 14.372897034488254)), ((-92.64617150475453 17.10046854205069, -92.86614060789083 17.211737142501175, -93.08170857713526 17.077703783607834, -93.0765349734251 16.83268700692154, -92.85665003393194 16.722109431714106, -92.64185329948324 16.85585902602525, -92.64617150475453 17.10046854205069)))",Peters' Shiny Peeping Frog
105,22601,22086,Eleutherodactylus abbotti,species,20978,Amphibia,2.32,"MULTIPOLYGON (((-70.68663801772966 18.222361101132552, -70.47859036648599 18.12333788767608, -70.29702091010529 18.220086871201957, -70.0895472878002 18.12081442844203, -69.90874890815634 18.217037622674606, -69.93515393781163 18.412076806187645, -69.75486063867442 18.507317923349152, -69.54843954281336 18.407976566003217, -69.36893259555917 18.502692625583716, -69.16312268212143 18.403113097472804, -68.98441377152608 18.497305898465285, -68.77923045527369 18.397495362833915, -68.75228521857008 18.203325674763548, -68.54726721227925 18.103126866826972, -68.36967178542874 18.197263243477266, -68.39678925022122 18.39113250998599, -68.21971002865277 18.48428470815731, -68.24686473937427 18.677007447178262, -68.4509293487333 18.77687679074697, -68.47795206881747 18.968749692318386, -68.68218941825523 19.068224273148726, -68.85987641902483 18.97599309533578, -69.06474952924917 19.075231077558627, -69.09146503596364 19.26652800212535, -69.29649388323148 19.365348258875645, -69.47527122793765 19.273044406273804, -69.68091023188603 19.37161089917397, -69.7073098123672 19.56230349079969, -69.91308724382313 19.66042970851235, -70.09292030517551 19.568041581246863, -70.29928156646149 19.665897059369545, -70.32535663768493 19.85595763761909, -70.531838730778 19.9533507425605, -70.71269174918538 19.860866706677204, -70.919730650022 19.95797232434132, -71.10132481217816 19.86495107505934, -71.30890400896774 19.961762258958743, -71.49122642405581 19.86820202965134, -71.46573189056188 19.677399713754355, -71.64854013324606 19.58286928859328, -71.8570730537271 19.679571960069985, -72.04059242121454 19.584501953221395, -72.24962572273064 19.680899393886495, -72.43384246835684 19.585288505408585, -72.6433585103749 19.681374095288643, -72.66823865058996 19.872870879895327, -72.87780756128849 19.96843671176945, -73.06290733144603 19.872705916151393, -73.27292926955943 19.967944013787992, -73.45868781142343 19.871667707815835, -73.4342357305381 19.679734950458702, -73.22380833055352 19.584292497006604, -73.03823939470198 19.680988408352643, -72.82825855485993 19.585221184248397, -72.80343737530633 19.392557023656835, -72.59350474568483 19.296272190500623, -72.56853102297038 19.102668301568286, -72.3586537201637 19.005877667441005, -72.33352817026459 18.81134131878205, -72.518489650636 18.71335825175974, -72.49342190232207 18.517653744264962, -72.6788627376347 18.418698735614047, -72.88957754341206 18.51588521764832, -73.07569858842434 18.41639598095814, -73.0509041799589 18.219283804599343, -72.83977316792894 18.121898400861053, -72.65385371501421 18.221825331784263, -72.44319203409694 18.124150440414393, -72.2579629316403 18.223545724049792, -72.04778882497781 18.125587827619057, -71.86326438958154 18.2244520464771, -71.65359579173848 18.126217725283094, -71.62801921761456 17.928931074060067, -71.41843443072594 17.830241036276888, -71.23486650682531 17.929024779373435, -71.26064453024912 18.12604755180389, -71.07757101550327 18.223852036526505, -71.10340077866522 18.41971152351295, -70.92082209979871 18.51653723616502, -70.71266340790473 18.417952739280192, -70.68663801772966 18.222361101132552)), ((-75.32387437116152 20.5391421512353, -75.48795278995964 20.660897547282122, -75.67907450116242 20.562086266857385, -75.70516335972225 20.34135391390961, -75.54065351003331 20.22023536905692, -75.35048362154423 20.319211442954316, -75.18747533211015 20.198212683745346, -74.99829272359044 20.296510406790144, -74.83678125935239 20.175640520814852, -74.64859089532925 20.27326614278544, -74.6209706766218 20.49158506481626, -74.7820387711683 20.613084639407102, -74.97117303867638 20.515636564651853, -75.13374379836952 20.637268627225826, -75.32387437116152 20.5391421512353)), ((-77.31471669248536 18.440081476189047, -77.50727459890798 18.334726973737638, -77.48507689298171 18.13539849615991, -77.27006737892839 18.041592455285166, -77.07759080223002 18.147355632296968, -77.10004159261803 18.346514755931867, -77.31471669248536 18.440081476189047)), ((-76.61508241322144 20.2828528114068, -76.6396967418535 20.060333035670677, -76.47175916287931 19.939653337645257, -76.27961649256967 20.040842232776285, -76.25445885968097 20.26257095029717, -76.42198458665656 20.383901062241684, -76.61508241322144 20.2828528114068)), ((-71.71927617724674 21.554110163007643, -71.53770523577786 21.643526270180686, -71.5054386867705 21.855559116077917, -71.65516569754496 21.97900522334253, -71.83766232539803 21.889850394324988, -71.8695037353218 21.676986886047402, -71.71927617724674 21.554110163007643)))",Abbott's Robber Frog
106,22616,22086,Eleutherodactylus brittoni,species,20978,Amphibia,2.32,"MULTIPOLYGON (((-69.06474952924917 19.075231077558627, -69.2432400676303 18.982475950155138, -69.44873389966973 19.08147008607609, -69.62801664873997 18.988188895499153, -69.60152255602885 18.795461112064853, -69.3955646282626 18.696293272808564, -69.21656587186492 18.790027988697453, -69.01122394115754 18.69061909040474, -68.98441377152608 18.497305898465285, -68.77923045527369 18.397495362833915, -68.60133090676382 18.491166834695303, -68.39678925022122 18.39113250998599, -68.21971002865277 18.48428470815731, -68.24686473937427 18.677007447178262, -68.4509293487333 18.77687679074697, -68.62831530443361 18.684187366450274, -68.83302601163619 18.783830117649213, -68.85987641902483 18.97599309533578, -69.06474952924917 19.075231077558627)), ((-61.5030701521363 15.72945218809547, -61.67830425314935 15.576662592946622, -61.646617401142336 15.36883416343436, -61.4394187723515 15.313519838588283, -61.263639437926315 15.46658007828574, -61.295603791747766 15.674682886078172, -61.5030701521363 15.72945218809547)), ((-72.2579629316403 18.223545724049792, -72.28318282521604 18.420174406365067, -72.49342190232207 18.517653744264962, -72.6788627376347 18.418698735614047, -72.65385371501421 18.221825331784263, -72.44319203409694 18.124150440414393, -72.2579629316403 18.223545724049792)), ((-66.73613853679817 18.640998561712685, -66.93747715823969 18.74170076558279, -67.11151094556921 18.651074503451987, -67.08386881176891 18.459275203468877, -67.25842487972736 18.367667301428042, -67.23081431947608 18.17473001527179, -67.40589307163232 18.082137986590325, -67.37831488638302 17.888061189000158, -67.17549857571207 17.7868991342639, -67.00075363455592 17.87996719255208, -66.79864164575503 17.778623574459804, -66.62476307531554 17.871183613838685, -66.42336867130919 17.76966579357332, -66.250365606679 17.861720249290816, -66.05761060564396 17.81773223505197, -65.89257812609873 17.96740517444708, -65.69872598688163 17.923168860154238, -65.53287550512123 18.072868422325868, -65.33793257497713 18.028377216263387, -65.17127090653167 18.17809129145314, -64.97524394113735 18.133338542971163, -64.80777823868975 18.28305489884136, -64.61067440699932 18.238033902483163, -64.44241216344658 18.387740189684457, -64.47183418433023 18.582174094113213, -64.66924198676263 18.626645300419593, -64.83692380367756 18.477231304057717, -65.03325869109027 18.521429325741188, -65.2001401166492 18.37200459883068, -65.39539477320406 18.415936248998346, -65.42407801362236 18.60873775302252, -65.61855921850626 18.651851212038956, -65.78404355717635 18.502720695090996, -65.97743470041323 18.54557657782191, -66.00565714423114 18.73700442445029, -66.19827103577789 18.779047364375696, -66.36234352556043 18.63022354284743, -66.56296705825419 18.73111540414268, -66.73613853679817 18.640998561712685)), ((-62.901379657398834 18.41048060434645, -63.103461443470565 18.457474574436795, -63.27463008007524 18.307581169243793, -63.24427973404576 18.110403987938163, -63.04248409033582 18.062874587295735, -62.870752729583245 18.213058941592703, -62.901379657398834 18.41048060434645)), ((-60.97556506934579 16.187156962657816, -61.007703197667695 16.393559207447602, -61.21569806946536 16.44725386595739, -61.24764679280253 16.652538399032924, -61.45491260540638 16.70539369001476, -61.62996330446083 16.55349857813132, -61.59829112857679 16.348470414175388, -61.773160324472826 16.196255875667582, -61.74157567907024 15.990375971714462, -61.534844587903606 15.936444824965532, -61.3594298026768 16.088935288974373, -61.15169802308739 16.034705916323354, -60.97556506934579 16.187156962657816)), ((-70.68680639302471 19.670553726374212, -70.86815249623722 19.57709795012226, -70.84231637215088 19.385626319974133, -71.02415522422635 19.291197161584805, -71.23207601772782 19.388677647993624, -71.41464885190967 19.293712836072288, -71.62309871601377 19.3909044668121, -71.80639228269689 19.295402561297646, -72.0153540179774 19.392298566870945, -72.04059242121454 19.584501953221395, -72.24962572273064 19.680899393886495, -72.43384246835684 19.585288505408585, -72.40881082021974 19.392851986951644, -72.19935472725574 19.29625828074353, -72.17417229426678 19.10288906561102, -72.3586537201637 19.005877667441005, -72.33352817026459 18.81134131878205, -72.12371331408056 18.714056979935794, -72.09843666918252 18.518595785993433, -71.88869138120674 18.420830124044617, -71.86326438958154 18.2244520464771, -71.65359579173848 18.126217725283094, -71.62801921761456 17.928931074060067, -71.41843443072594 17.830241036276888, -71.23486650682531 17.929024779373435, -71.26064453024912 18.12604755180389, -71.46979000021756 18.224551624853024, -71.49542028987878 18.42067328132048, -71.31210555406776 18.51802985441102, -71.10340077866522 18.41971152351295, -70.92082209979871 18.51653723616502, -70.71266340790473 18.417952739280192, -70.5308338883656 18.514248824498484, -70.32323806140336 18.41540505118876, -70.14217045291223 18.51117289000758, -70.16843452139474 18.705332547668235, -70.37557737409082 18.80399689460857, -70.40169962834827 18.997268562813698, -70.60896192718752 19.095488289228665, -70.63494152848624 19.287863837433658, -70.45384956441451 19.381758931054637, -70.24703722391305 19.283721396664244, -70.06670470701711 19.37708415858235, -70.09292030517551 19.568041581246863, -70.29928156646149 19.665897059369545, -70.47987733873433 19.572976053929974, -70.68680639302471 19.670553726374212)), ((-61.16754056079682 14.838397291542629, -61.343684900125 14.684794033982502, -61.311704986916794 14.473942876402146, -61.10330277799703 14.416408596137902, -60.926616897169836 14.570274469220825, -60.958874571805296 14.781410915825454, -61.16754056079682 14.838397291542629)), ((-62.92013042292572 17.265690560069572, -62.717118045102154 17.21594956850266, -62.54446123312039 17.367041342544074, -62.575376785472855 17.567587739571938, -62.77867207483101 17.616787043173993, -62.950768802233355 17.465980509536415, -62.92013042292572 17.265690560069572)))",Grass Coqui
107,22627,22086,Eleutherodactylus leprus,species,20978,Amphibia,2.32,"MULTIPOLYGON (((-99.14825144922148 20.962761303949048, -98.90648899698746 20.8526293906182, -98.68227371208981 20.995370670587306, -98.44140707761609 20.884683728247417, -98.42507366075587 20.631834346475543, -98.18543154386458 20.52118679085466, -98.1696720050312 20.268734384258035, -97.93125266757177 20.158151500950407, -97.91605999227797 19.906121283719678, -97.67886149896367 19.795628017795615, -97.45657866788824 19.936566644275658, -97.22033365480898 19.825579957145113, -96.99808002689096 19.965758294792714, -96.76281510843538 19.854288238835764, -96.75005076070249 19.603256063259398, -96.97161882766356 19.463408467924015, -96.95846763864293 19.212571359222956, -97.17940573300037 19.072313600780706, -97.16587195759395 18.82169774976489, -96.93232250622764 18.711619399427917, -96.91932794006374 18.46152304314379, -96.68698974311738 18.351630420654924, -96.67452758072412 18.10207693525273, -96.44339780846545 17.99239309019828, -96.4314612902225 17.743405448875645, -96.20153695158747 17.633953017677165, -96.19011936490436 17.385553780299922, -95.96139731311362 17.27635497639442, -95.95049199353825 17.02856627973488, -95.72296893161091 16.91964288442223, -95.71256926387055 16.672486433020296, -95.48624175003407 16.563859786979222, -95.47634116901055 16.31735684463004, -95.25120562200688 16.20904784010255, -95.03579852968643 16.346576794966385, -94.81168945900811 16.237933679572333, -94.59645108778155 16.374797954234058, -94.37339000800448 16.265829968407708, -94.36571214192955 16.020676891779253, -94.1438498593098 15.912076128911728, -93.9295345880485 16.047947286740797, -93.70874581048479 15.939045412819121, -93.70239212966564 15.694961716697021, -93.48280198957211 15.586460634198609, -93.26945920800665 15.72135221675278, -93.05096629466902 15.612573362486813, -93.04591162075113 15.369601686258381, -92.82861605861257 15.261256025568368, -92.82400646601101 15.019036182154654, -92.60790306798529 14.911141657500325, -92.60373229348768 14.669691734482429, -92.38881578415916 14.562265799658395, -92.17800392425383 14.695580977386367, -91.9642119938437 14.587926375203711, -91.96128760878142 14.347672222928908, -91.74867953481753 14.240515860230351, -91.53895220727571 14.372897034488254, -91.32748757337664 14.265533450034644, -91.3257836612803 14.026511683205364, -91.11549887167389 13.919674744610939, -90.90689615735793 14.051135827667284, -90.69777202403769 13.944112532987338, -90.48954837360588 14.074947037698067, -90.48966664129271 14.313082416845258, -90.69879705269928 14.420833931789808, -90.90780437661113 14.289720591953584, -91.11810960063269 14.39728257840502, -91.11942240285782 14.636681418251689, -91.33091484986977 14.74476650036401, -91.54106806669326 14.612729929164347, -91.75371845337723 14.72060426938587, -91.75625234503669 14.961231597483195, -91.97009432596529 15.069600308517192, -92.18135367081463 14.936626206999295, -92.39633506169211 15.044762373207778, -92.40011634764265 15.286581288436603, -92.61629272549546 15.395181850632426, -92.62051179374564 15.637756583096685, -92.40772263081242 15.771321625107504, -92.1914802254056 15.66201530104701, -91.97900269740465 15.794910756869665, -91.98199504910568 16.037396375865356, -92.19829643706159 16.147407984000274, -92.20172432234911 16.390620552953948, -92.41924260381442 16.501069866528294, -92.63326708295992 16.36760449455764, -92.85193237140514 16.47777699022807, -92.85665003393194 16.722109431714106, -93.0765349734251 16.83268700692154, -93.08170857713526 17.077703783607834, -92.86614060789083 17.211737142501175, -92.64617150475453 17.10046854205069, -92.43089730245403 17.233789803401045, -92.21208801945629 17.12222618403572, -92.20862003584918 16.878037822681943, -91.99104171974659 16.76688853575141, -91.77687724221968 16.89922991948555, -91.56047939525766 16.787809989061095, -91.55828924749129 16.54475370232687, -91.77166126020995 16.412677098109093, -91.76906835261201 16.169894073736195, -91.55393424069888 16.059629195673875, -91.34135499316831 16.191440406245835, -91.12740514499467 16.080932088448773, -91.12606193232585 15.839326380186574, -90.91332670004937 15.729300325816597, -90.91239752177427 15.488447020647994, -90.70087056343438 15.378920212007303, -90.4902647449555 15.509528112590086, -90.27994039553477 15.399793418812871, -90.0697434303122 15.529727841085752, -89.8606366149485 15.419794839497603, -89.86171016896496 15.18065498606615, -89.65380609643063 15.071262282954784, -89.65526612131777 14.832914719277898, -89.4485579148027 14.724077705084825, -89.24042385491026 14.85285694734443, -89.23818357144603 15.090712136405743, -89.02969105110435 15.219062369721849, -88.82426367656697 15.109325704225961, -88.616248512753 15.237004815339382, -88.41207890701949 15.1271103560226, -88.20456043650792 15.254116513317381, -88.0016607678959 15.144073737001275, -87.79465791456155 15.270405367466527, -87.78971233835149 15.506980362899753, -87.58239352043178 15.632828312809744, -87.5770403675637 15.869645970681626, -87.77976526429651 15.981161067130072, -87.98793624276045 15.855122323082451, -88.19195779631734 15.966485898064873, -88.40065092743342 15.839752584371139, -88.60595736969296 15.950954719277581, -88.60250095238615 16.189619649713446, -88.39296001138524 16.316551921278617, -88.38909262734984 16.555440340558373, -88.17921148038666 16.681856713665088, -88.17493035522013 16.920945272154928, -88.38131358911883 17.034156342908037, -88.37740176575157 17.273968398687973, -88.58502022819972 17.387713431844503, -88.58148382226837 17.628231506935535, -88.79034537014357 17.742494000455668, -88.78719057970605 17.983700175994496, -88.57437012895797 18.11010356911108, -88.57079268379798 18.35144143905528, -88.3576161642478 18.47725318190009, -88.35361313416331 18.718698814924483, -88.56359619743264 18.834880145570853, -88.55997699475488 19.076964536820228, -88.7712324618405 19.1936199009312, -88.76800350258314 19.436323880457017, -88.98053949409328 19.553434969773, -88.97770728121662 19.79673895373674, -89.19153188730984 19.91428697985222, -89.18910301122837 20.158170976881767, -89.40422428771286 20.276136675094776, -89.62181661083892 20.14952856635193, -89.83827534531041 20.267208519320103, -90.05634371588654 20.139785374721818, -90.05707397880163 19.894850996403996, -90.27472647031223 19.766791222801448, -90.49251570250051 19.88348882903298, -90.71060668111262 19.75462540301081, -90.71004766555643 19.509254590594136, -90.9277038049136 19.37978795505734, -90.92671894163809 19.134511600744336, -91.14393575962339 19.00446433563348, -91.36297576110466 19.119484258499973, -91.58057902208725 18.988657941460513, -91.5783106042894 18.743034111662695, -91.79545615613046 18.611662125080244, -92.0156887495946 18.72568386519393, -92.23318268833548 18.59354735407948, -92.4546204381846 18.707247640264185, -92.67243832621439 18.574349281141295, -92.89506217243998 18.68771693904036, -93.11317919653935 18.554059752062937, -93.33696944122941 18.667083716947914, -93.55536042595362 18.532671070763715, -93.78029673942758 18.645340397842514, -93.99893616116773 18.51017601410332, -93.99187264520633 18.26262599640216, -94.20998133364046 18.12700610171227, -94.43590580576436 18.238645604771715, -94.44385959071273 18.48656784629608, -94.67102456166894 18.59849559445641, -94.67947519166535 18.846992163542186, -94.90788516017957 18.95918627342203, -95.1276817960774 18.822229215994128, -95.35716741780637 18.93402073047174, -95.57712069387547 18.79631540392178, -95.80765867284252 18.90769385937253, -95.81843515493708 19.157416912146353, -96.05020989622146 19.26900694125663, -96.06151164174833 19.519246315754305, -96.29452669872512 19.631024707610365, -96.30636067747028 19.881756847763775, -96.54061944653161 19.99369998782867, -96.5529926803223 20.244900959183084, -96.78849839495815 20.356984840468517, -96.80141795650141 20.608630342090756, -97.03817368126653 20.720830576975693, -97.26175837484212 20.5807771300479, -97.49950356097287 20.69247008726024, -97.51392799405728 20.944813607460787, -97.7529171715998 21.0565807813951, -97.76790918038618 21.30931150469724, -98.00814467130789 21.421127607197878, -98.23309504882839 21.279627198620034, -98.47427354087962 21.390890674066334, -98.6991880586778 21.248591485130763, -98.94128074544392 21.35929220238197, -99.16612900508852 21.21620143776614, -99.14825144922148 20.962761303949048)), ((-88.03309211496783 13.497827445764385, -88.23748325422358 13.37064160649227, -88.24153017970508 13.13698857373559, -88.04192349990377 13.031032413639926, -87.83834781363429 13.157981952593738, -87.83356508400553 13.391122978770303, -88.03309211496783 13.497827445764385)), ((-98.36308986457249 23.308355376795035, -98.37964231282699 23.562404444337762, -98.6255479664952 23.67525637097191, -98.85457184689248 23.533508114022062, -98.83702138536839 23.27922081051619, -98.59144529147096 23.166918155406393, -98.57449940573886 22.9128693930328, -98.33018951339913 22.800502844363663, -98.10250831752303 22.941629123390676, -98.11846307465957 23.19543106599384, -98.36308986457249 23.308355376795035)), ((-98.99400297987094 22.120411983762885, -99.01172136391209 22.374379136263425, -99.25661876213807 22.485580801790825, -99.48344901567745 22.342261972696168, -99.46474922385924 22.08808317707091, -99.690845319847 21.944293736936267, -99.67177200940414 21.690205273917208, -99.42757845306564 21.580107011800987, -99.20210317288733 21.723547162543912, -99.22020067420868 21.977432975164, -98.99400297987094 22.120411983762885)), ((-89.66391177183226 13.410959788066233, -89.45949820328767 13.30475736687196, -89.25369023968972 13.433805158828385, -89.2514998127843 13.669316396030327, -89.45587872524528 13.776258553456934, -89.66248430790489 13.64694860386243, -89.66391177183226 13.410959788066233)), ((-89.86701745853769 13.990580641580062, -90.0737758756804 14.097950539193167, -90.28159988567371 13.967746076188412, -90.28187283125682 13.730443311697204, -90.07509986736974 13.62380770790928, -89.86806697905335 13.753741769335026, -89.86701745853769 13.990580641580062)))",Leprus Chirping Frog
108,22631,22086,Eleutherodactylus planirostris,species,20978,Amphibia,2.32,"MULTIPOLYGON (((144.57805005127443 20.39458478603468, 144.77708449154733 20.235138125489364, 145.02268539336814 20.30740120956871, 145.0695336047403 20.53886973186922, 144.8707147811068 20.698195770444727, 144.62483063483927 20.626172608818525, 144.57805005127443 20.39458478603468)), ((171.13860881942202 7.4586085737580765, 170.90993387018432 7.427352984444816, 170.82412987730743 7.237805801215925, 170.96636129083146 7.080048972498998, 170.88077687914864 6.89169735728653, 171.02234546367492 6.734948730287251, 171.24924907005806 6.7658360127931365, 171.3354631595115 6.953654109710465, 171.56295737941093 6.984484458933109, 171.70335115124237 6.82732271075972, 171.93053548002922 6.857919021367076, 172.01821241235695 7.0458412775607675, 172.24595894801865 7.076364655473389, 172.33448209740067 7.264918243583911, 172.1946554242321 7.423504958874034, 171.96601235584114 7.392824881216136, 171.82523931037377 7.551723626920299, 171.5962687756579 7.520795499278618, 171.50897115463704 7.331136255908188, 171.28058746410977 7.300130848814229, 171.13860881942202 7.4586085737580765)), ((-98.08110480386917 26.383837013421548, -98.31519256568237 26.244699162574914, -98.29841729884167 25.990557593584153, -98.04859482438503 25.87581481942328, -98.03244256850277 25.62176594240598, -98.26507857413186 25.4822034550461, -98.2485142322792 25.228011019367663, -98.00034138193257 25.113642865995736, -97.98439160487207 24.85958876709324, -98.21559340699908 24.719645761643108, -98.19923606133474 24.465493072883408, -97.95269159342712 24.35154568418532, -97.93694053344703 24.097576778754227, -98.16672537491239 23.957297866982085, -98.15057119300378 23.703275439705234, -98.37964231282699 23.562404444337762, -98.6255479664952 23.67525637097191, -98.85457184689248 23.533508114022062, -99.10141562490156 23.64571994241528, -99.33036011274176 23.50310110800799, -99.31181046841192 23.248593058915123, -99.54001163714481 23.10544110729251, -99.52107974921785 22.850950980453735, -99.27494025986263 22.739822844484838, -99.25661876213807 22.485580801790825, -99.48344901567745 22.342261972696168, -99.46474922385924 22.08808317707091, -99.690845319847 21.944293736936267, -99.67177200940414 21.690205273917208, -99.42757845306564 21.580107011800987, -99.20210317288733 21.723547162543912, -98.9587831089553 21.612858593496338, -98.94128074544392 21.35929220238197, -99.16612900508852 21.21620143776614, -99.14825144922148 20.962761303949048, -98.90648899698746 20.8526293906182, -98.68227371208981 20.995370670587306, -98.44140707761609 20.884683728247417, -98.42507366075587 20.631834346475543, -98.18543154386458 20.52118679085466, -98.1696720050312 20.268734384258035, -97.93125266757177 20.158151500950407, -97.91605999227797 19.906121283719678, -97.67886149896367 19.795628017795615, -97.45657866788824 19.936566644275658, -97.22033365480898 19.825579957145113, -97.20663625542043 19.574264052301217, -96.97161882766356 19.463408467924015, -96.95846763864293 19.212571359222956, -97.17940573300037 19.072313600780706, -97.16587195759395 18.82169774976489, -96.93232250622764 18.711619399427917, -96.91932794006374 18.46152304314379, -97.13896576671387 18.3212311224423, -97.12559271417015 18.07139870253069, -96.89349326924595 17.962135380580392, -96.67452758072412 18.10207693525273, -96.44339780846545 17.99239309019828, -96.4314612902225 17.743405448875645, -96.20153695158747 17.633953017677165, -96.19011936490436 17.385553780299922, -95.96139731311362 17.27635497639442, -95.95049199353825 17.02856627973488, -95.72296893161091 16.91964288442223, -95.50615953897253 17.057854950906176, -95.27965101032534 16.94856742470906, -95.27013210426749 16.70173038070795, -95.48624175003407 16.563859786979222, -95.47634116901055 16.31735684463004, -95.69189163439906 16.179169009110844, -95.91803159316785 16.28713480553849, -96.13369983025886 16.14829422055295, -96.12254778667149 15.901849942884875, -96.33764163154008 15.762732632574643, -96.56455322699593 15.869691790025085, -96.77972658408565 15.729944076879368, -97.00758063107834 15.836548703138146, -97.02048825282358 16.08354733556559, -97.24950372018779 16.190430479809073, -97.46536937669573 16.049671761455087, -97.69529571727796 16.15617690428065, -97.9111745378568 16.01479328994978, -97.89650222513474 15.767302908974868, -97.66683479389236 15.661432270523628, -97.4515803938252 15.802419352605067, -97.22280757091836 15.696177623993679, -97.20953732253759 15.44959136763275, -96.9819157454893 15.34363422203554, -96.76733145107029 15.483617656471997, -96.54063622786569 15.377312491737673, -96.3261191890515 15.516681527211452, -96.10037352294442 15.410036626178988, -95.88594933649199 15.548784314821264, -95.66117592505852 15.441808118038878, -95.4468699710151 15.579927831907233, -95.45665550304378 15.825382521942972, -95.24179761364786 15.963219221972937, -95.01785031793509 15.85524829561559, -94.80314840189679 15.992435440382248, -94.58023309395091 15.884145035574369, -94.36571214192955 16.020676891779253, -94.1438498593098 15.912076128911728, -94.13664416340706 15.667627884620588, -93.91597624401874 15.559413797925856, -93.70239212966564 15.694961716697021, -93.48280198957211 15.586460634198609, -93.4769069422829 15.343105817220877, -93.25851061671777 15.235024231361107, -93.25306786276924 14.992417073514583, -93.03586042933952 14.884773206451962, -93.0308636893871 14.642932013690245, -92.81484013079739 14.535743601188626, -92.60373229348768 14.669691734482429, -92.38881578415916 14.562265799658395, -92.38507762772072 14.321603407180312, -92.17134264768963 14.214663024972067, -92.16803097267183 13.974805292576471, -91.95547208278867 13.868366933011101, -91.74617439854028 14.001069697428226, -91.53474450362279 13.894427755705749, -91.53265256871212 13.65580601256289, -91.32239510608667 13.549694178528066, -91.11420088886358 13.681480319519638, -90.90508997194351 13.575185421543724, -90.6972624027697 13.706357841878715, -90.4893131709486 13.599888339495063, -90.28187283125682 13.730443311697204, -90.07509986736974 13.62380770790928, -90.07575814746058 13.387352861201501, -89.87015426101266 13.281296924601817, -89.66391177183226 13.410959788066233, -89.45949820328767 13.30475736687196, -89.25369023968972 13.433805158828385, -89.05048006788809 13.327464626075864, -89.05303528705514 13.09281979848733, -88.8509869911628 12.987094112587243, -88.6464358798421 13.115269760993298, -88.44560258814899 13.009424737682785, -88.24153017970508 13.13698857373559, -88.04192349990377 13.031032413639926, -88.04631481575053 12.79826223179487, -87.84786058065261 12.692953617543237, -87.85259081106419 12.461079333968181, -87.6347731973431 12.368692116737533, -87.4323053875835 12.49546214119769, -87.21416883995754 12.40274733056502, -87.1983990407011 12.182887356396389, -86.97985434592654 12.08947607252534, -86.96388909871538 11.868566891493124, -86.74494221394758 11.774470079355812, -86.72878110969586 11.552521270546308, -86.50943808236208 11.45775030122014, -86.49308073060043 11.234771912343417, -86.2733476979747 11.139338583558645, -86.25679372712553 10.915341133854835, -86.03667691586494 10.819257670083674, -86.01992597351408 10.594252152798019, -86.22361153154544 10.465326391043005, -86.20698320128935 10.239317095060692, -85.98634898092158 10.142239088453934, -85.96952282412268 9.915239861120684, -85.74851099893561 9.817541445291264, -85.73148668481063 9.589564560910153, -85.51010371577809 9.491259443323882, -85.49288093345216 9.262317656893249, -85.27113336987175 9.16341996853649, -85.06676872731032 9.293810148744157, -85.08431068724902 9.522728462676952, -84.88023124415605 9.652477844493616, -84.65846284220056 9.553679451071172, -84.64060356351592 9.324795817415474, -84.41849723050548 9.225424834644837, -84.21443258977258 9.355269667501556, -83.99218372636909 9.255666816821265, -83.97381149832798 9.025895001873899, -84.17800249946623 8.895672526789314, -84.15974692955713 8.664922770582013, -83.93698539915844 8.564451906430635, -83.9185314146336 8.332790575364173, -83.69545278295487 8.231793232821225, -83.49103059788375 8.362774381990208, -83.26785057297272 8.261576863222524, -83.24888471629234 8.029089674220302, -83.02540860903942 7.9273927913658975, -82.82111857150082 8.058487541663185, -82.59757998160154 7.956605176458941, -82.5781057390336 7.723332514727907, -82.35429243746867 7.620978740344032, -82.33462075622155 7.386854296812981, -82.1105401914741 7.284046410333024, -81.90637590047845 7.415648307419942, -81.68228623820362 7.312681535210347, -81.47843067625811 7.444009231129969, -81.25435699035438 7.340887676130406, -81.23387817794536 7.106169909275891, -81.00957344312313 7.002635188267926, -80.80602028707777 7.134082331287637, -80.58177094920417 7.0304087512615965, -80.37858439254498 7.161570731338016, -80.15441541044284 7.0577626186829825, -79.95161737181398 7.188631936206841, -79.97298934202021 7.42289776913818, -79.77058999186679 7.553052687338337, -79.79206203158598 7.786353170144284, -80.01564141841254 7.889666791002448, -80.03692164434118 8.122158791194947, -79.83491409540606 8.251168151545492, -79.85629423890259 8.482671790835997, -79.65468495484625 8.610934999809169, -79.43170979438231 8.508112483863362, -79.41004079801517 8.276783130909603, -79.18689741987343 8.173563420771881, -78.98573774833399 8.301912545546784, -78.76275437200002 8.198545326478701, -78.74061119126947 7.966598835724138, -78.51748187843415 7.862864297322106, -78.4951505169067 7.630132348987334, -78.27188327153964 7.526049005739128, -78.24936406989464 7.292549163529595, -78.02596694349678 7.188135833069438, -78.00326026500296 6.9538860735110015, -77.77974135503365 6.849161866623414, -77.75684758558378 6.6141805720437485, -77.53321503386015 6.50916488218894, -77.51013458199746 6.273470833149958, -77.28639657306688 6.168183325520732, -77.08610161471401 6.298780249803359, -77.10945622043846 6.534229903361209, -77.33283255058565 6.639328365656549, -77.35600194573074 6.874073430126912, -77.57927910490349 6.978892599404166, -77.60226284456255 7.212914224419377, -77.8254326660109 7.317434629275273, -77.84823032777877 7.55071435709269, -78.07128468597514 7.6549168003589525, -78.0938958699363 7.8874365736145755, -78.31682668220608 7.991302143033845, -78.33925101091465 8.223044311953252, -78.1390231622804 8.35070690663605, -78.16153938986996 8.581446667335872, -78.38400521333038 8.684732831634188, -78.4063352059499 8.914668693970734, -78.62866776814509 9.017574702677999, -78.65081117894013 9.246690180655516, -78.45090127032931 9.372698200566091, -78.22889911086692 9.270021761060386, -78.2064773049426 9.041109175568653, -77.98434815379501 8.938046360203163, -77.96174109274399 8.70832114055016, -77.73949291557513 8.604889856138627, -77.5401987759853 8.731401670496105, -77.31819187128603 8.627830113273486, -77.29512770938919 8.39753814633993, -77.07302401291113 8.293628154774105, -77.04977683609111 8.062565137782457, -77.24890322630371 7.935173427533867, -77.22574278647119 7.70311143847169, -77.00318574802935 7.598685219127863, -76.80415468975099 7.726518732831557, -76.58188165955076 7.621987963857746, -76.38341296982139 7.749464466563949, -76.40710833776305 7.981024775103073, -76.62900769224278 8.08536617727073, -76.65252204655398 8.316181079417102, -76.45440149757881 8.442397093379338, -76.47799940723176 8.672198380600694, -76.28033683295632 8.797587829752814, -76.30401723214997 9.026364060002246, -76.10681438108517 9.150915704911572, -76.13057620818218 9.378655926126985, -76.35128097258055 9.4821010343027, -76.54859915937946 9.358000609480015, -76.52509817959442 9.130005186992038, -76.72287116912969 9.005064883478783, -76.69945372616417 8.776035642212276, -76.89767971625052 8.650266514147553, -77.11942192826854 8.753973421337834, -77.14257278489701 8.98324523285243, -77.36422433147659 9.08660714460839, -77.3871927476784 9.31508207789708, -77.608745614747 9.418080882041158, -77.807678394712 9.292819358059553, -78.02946765805875 9.39565940809723, -78.05198021923047 9.623537399530006, -78.2736487146422 9.725984985812657, -78.47313746023151 9.60078199467556, -78.69500470698016 9.703054468018074, -78.8949590509046 9.577477273507261, -79.11700133829495 9.67956991197502, -79.13877063371494 9.906996873636787, -79.36065600433194 10.008656953212641, -79.56107936210616 9.883136674599701, -79.78310176115686 9.984601024038685, -79.98393640164622 9.858714593854256, -79.96273844792347 9.630943976043703, -80.16396537843183 9.504280165894155, -80.14286703379648 9.275479605922444, -80.34448366249333 9.14805108037719, -80.5671917382145 9.24983973155584, -80.7691821459266 9.122072181909674, -80.99195868788196 9.223669985356114, -81.19430130915742 9.09557018756001, -81.41712181520595 9.196972942816322, -81.43733509467417 9.42619719920114, -81.65992155829728 9.527117112091808, -81.86254748165896 9.39909489276335, -82.08513926060506 9.4998046868141, -82.10485759618562 9.728246144719337, -82.32719384883262 9.828446042239285, -82.530047366921 9.700498760909491, -82.75235040632013 9.800473924092232, -82.77156963747368 10.028093905690662, -82.99359595277147 10.12753294268216, -83.01262011938567 10.354216278970505, -83.23436251849965 10.453104063585172, -83.25319168580234 10.678837461708277, -83.47464305112008 10.777159265225416, -83.49327730570057 11.001929900286052, -83.7144305950714 11.099671395167798, -83.73287004468925 11.323466910485596, -83.53046407287536 11.449452475478854, -83.54901669709746 11.67219674037777, -83.34692572990805 11.797445425168084, -83.36559057226114 12.019128349159052, -83.16381782658031 12.143627757665946, -82.9432874315113 12.046835034703426, -82.74174961086989 12.170967150813164, -82.76082806328279 12.391496433852408, -82.9811425775441 12.487977906189085, -83.00002898242661 12.707509770241309, -83.22006434166023 12.803381940778122, -83.23875876164207 13.021905770763892, -83.45850800877247 13.117155928928875, -83.47701052719889 13.334661565219884, -83.2760663050958 13.45684359232529, -83.29467953844114 13.673251775036968, -83.09405154215109 13.794648040222768, -83.11277454692141 14.009951148626307, -82.91246588380601 14.130551383103024, -82.6933501709634 14.036239080135266, -82.4932860659177 14.156426215766809, -82.51241491941337 14.370531274133535, -82.73131144925809 14.464536614036101, -82.75025116294299 14.677608507218176, -82.96888005223984 14.770967956971997, -82.98763066599331 14.982998174855446, -83.205985043534 15.075700590967605, -83.22454661749978 15.286681058306835, -83.41146615941929 15.397769520203033, -83.39866545934971 15.627800245935337, -83.19827831189741 15.746095160314177, -83.18507255786739 15.976274968544724, -83.37292411723712 16.088807852719206, -83.57420704929282 15.970421878700586, -83.58674041662007 15.73959434787068, -83.78783450371094 15.620615625561395, -83.97728654639359 15.73236499573265, -83.96543415558024 15.963832180084975, -84.15605608579561 16.076267344861172, -84.35873402806473 15.95649508498479, -84.55073234516877 16.068867047535413, -84.75408582595443 15.948399935229931, -84.94745393887686 16.060699048490633, -84.93728485060285 16.294202309660463, -85.13184152987209 16.40715636609931, -85.33674350569912 16.285869172445942, -85.3461984735997 16.051752774639148, -85.55085683074968 15.929893559948205, -85.74694254334311 16.042017813116022, -85.73820992992562 16.276738060068414, -85.53266715826656 16.398730751395885, -85.52352146049572 16.63361361168684, -85.72064679007758 16.747107069315913, -85.9270771721051 16.62498275562983, -86.12556530499 16.738363262549697, -86.33261563018581 16.615523657846083, -86.53245760684801 16.72878093915583, -86.74011055289749 16.60522569711552, -86.74704094630786 16.368564093584165, -86.95440525525349 16.244452762716232, -87.15571066876312 16.356844102777025, -87.36364703440903 16.232026624138797, -87.5662734391072 16.344275165504282, -87.77476355542845 16.218751977928996, -87.97869998901412 16.33084758742095, -87.97405559579316 16.569195615089946, -87.76470326046272 16.694897422244175, -87.7596444585177 16.93343676319445, -87.54996976496918 17.05859104000566, -87.54449386584945 17.297298410428745, -87.33450175448608 17.42188419423414, -87.3286060847382 17.660736270946963, -87.5334793463124 17.775569819255526, -87.74435212246202 17.650828791256984, -87.9505669467481 17.76548301894448, -87.9458151648201 18.00559530974268, -87.7340595128499 18.130490218803242, -87.72888355478189 18.370717173652316, -87.51679895893933 18.495000507301476, -87.31078355334999 18.378913421303864, -87.09927469993148 18.502432982045892, -87.09288373833265 18.742170396500416, -87.29878762893834 18.858969518256508, -87.29275499992086 19.09935485790842, -87.08002796995248 19.22235311794743, -87.07356287853062 19.462782208253582, -87.28061973846769 19.580799439673964, -87.27451683500534 19.821842268137498, -87.06055756137094 19.94427495532839, -87.05401704434715 20.18532212126851, -86.83974137668375 20.30705037495524, -86.63293579180944 20.187634770592332, -86.419285056929 20.308554180632633, -86.41150628200917 20.548973243476127, -86.61817389578043 20.669082291453762, -86.61074985031725 20.910067301343936, -86.39585793839488 21.030327655656432, -86.38798801635214 21.271246337270718, -86.5958147236524 21.39251800119093, -86.58830330217529 21.63396686103874, -86.79744494036665 21.755693216485444, -87.01423456873867 21.63529034436651, -87.22482875226447 21.75677758300525, -87.44224003042282 21.63552715303319, -87.65427481923649 21.756761723814364, -87.87228676250913 21.634661462245738, -88.0857495066745 21.755629806950203, -88.30434060565831 21.632677729150263, -88.5192179412562 21.7533662935215, -88.7383661680466 21.629560713378908, -88.95464401388007 21.74995595848378, -89.17432682909832 21.62529549770622, -89.39199038422534 21.74538391150756, -89.61218474485258 21.619867508775414, -89.83121848697344 21.739635617898248, -90.05190085499856 21.613262537853167, -90.05264871474408 21.367266299858485, -90.27290531490448 21.240190706031456, -90.4933020045478 21.358957841187305, -90.71400768867446 21.23103573869075, -90.71343520222933 20.984513288949756, -90.49303781728827 20.86641645221768, -90.49290651078753 20.620401851452677, -90.71229705197426 20.4919866110234, -90.71173136111526 20.24600019098601, -90.93068182146638 20.11694831770886, -90.92968522165569 19.871015047557886, -91.14819103943142 19.741348977562026, -91.14676701214799 19.495493852146264, -91.36482372917165 19.365236234859704, -91.36297576110466 19.119484258499973, -91.58057902208725 18.988657941460513, -91.80085869920518 19.103364236343985, -92.01882433859718 18.971760879443003, -92.24032543202823 19.086142012049645, -92.45862898629626 18.95376396757558, -92.68133258368414 19.06780850058811, -92.89994920288486 18.934658466645875, -92.89506217243998 18.68771693904036, -93.11317919653935 18.554059752062937, -93.33696944122941 18.667083716947914, -93.55536042595362 18.532671070763715, -93.78029673942758 18.645340397842514, -93.99893616116773 18.51017601410332, -94.2249975890033 18.622479888795993, -94.44385959071273 18.48656784629608, -94.67102456166894 18.59849559445641, -94.67947519166535 18.846992163542186, -94.90788516017957 18.95918627342203, -95.1276817960774 18.822229215994128, -95.35716741780637 18.93402073047174, -95.57712069387547 18.79631540392178, -95.80765867284252 18.90769385937253, -95.81843515493708 19.157416912146353, -96.05020989622146 19.26900694125663, -96.06151164174833 19.519246315754305, -96.29452669872512 19.631024707610365, -96.30636067747028 19.881756847763775, -96.54061944653161 19.99369998782867, -96.5529926803223 20.244900959183084, -96.78849839495815 20.356984840468517, -96.80141795650141 20.608630342090756, -97.03817368126653 20.720830576975693, -97.05164669291239 20.972895953935783, -97.28965531727985 21.0851877866232, -97.30368894970677 21.33764804303663, -97.07875738601352 21.477531013667473, -97.09239573665407 21.730081350174544, -97.3319282687028 21.843029951294756, -97.3461346563888 22.095932109403833, -97.58693716032754 22.20891384186382, -97.60171893091103 22.462142064572834, -97.37472266233647 22.602109852203913, -97.38910499896257 22.85536575491665, -97.63146536226645 22.968927987965003, -97.64643077483571 23.22246588879133, -97.41804815749576 23.3621622215883, -97.43260971554571 23.615682956015682, -97.6765478963966 23.729781897751014, -97.69170037583488 23.983540078686676, -97.46191465231693 24.12291970842468, -97.47665878550993 24.376615790783777, -97.24617602543431 24.51536211405595, -97.26050697540838 24.768969398158955, -97.02932961924365 24.907057237921617, -97.0432425258869 25.160549130627356, -96.81137313950674 25.297953556381483, -96.82486312031808 25.551303588758245, -97.07124419899993 25.667548876939712, -97.08533370462055 25.921036791080017, -96.85201410884285 26.05797508745986, -96.86567583777595 26.311276661404747, -97.113691925157 26.42793886620756, -97.12796139799221 26.68133310840493, -97.37734926141569 26.797836366995753, -97.39223470138867 27.051296070642433, -97.15668298762441 27.187958271298644, -97.17113588170596 27.44116933595893, -96.93486152896807 27.57704553285013, -96.94887669819991 27.829982168570226, -96.71188249250824 27.96504862663591, -96.4616642110531 27.84696254925405, -96.2247568188051 27.98099139967189, -96.23726476267282 28.233309058699938, -95.9996569930052 28.366491380162653, -95.75036381127703 28.247160727796665, -95.51289401164676 28.379289933254853, -95.52388333365542 28.630931984091045, -95.2857334346765 28.762179323245917, -95.03744763711262 28.641610134341935, -94.79948709322368 28.771790571786905, -94.80894774348357 29.022701619768878, -94.57032815021931 29.15196635884109, -94.57931600420835 29.40248135582987, -94.34004143370629 29.530809182898416, -94.09267619843641 29.40847839178307, -93.85366021817937 29.535716205103196, -93.60763424743115 29.41269588068114, -93.36891069755315 29.53884445424083, -93.12425146546988 29.415151119915304, -92.88585371333959 29.540211736528658, -92.64258780356722 29.41586217354932, -92.40454872072164 29.53983661311203, -92.16270181538054 29.41484784179739, -92.1589746584943 29.166432312158083, -91.91863286311006 29.041370911171402, -91.68195502196538 29.16417703815785, -91.4430599729998 29.03851386192278, -91.2068181094692 29.16025047123506, -90.96939296635493 29.03400285371144, -90.9682374925271 28.786578815700807, -90.73231396789448 28.660325563989073, -90.49753436304913 28.780936234893407, -90.26310423047417 28.6541357761491, -90.02883293008415 28.77369543736417, -90.02798676305808 29.020102418180493, -89.79323453384703 29.138651492333068, -89.56034888046288 29.0107561526465, -89.56218277548366 28.76487799715685, -89.33080050129624 28.63703577277875, -89.09763195973902 28.75450600624082, -89.09481947369268 28.999842187801807, -88.86120577562409 29.116287935495304, -88.85788652934674 29.361155999828455, -88.62383398058213 29.47656053203975, -88.62000404902278 29.720938706794243, -88.38551908736939 29.83528575158817, -88.38117456354416 30.079152601376624, -88.14626375927233 30.192426350645764, -87.91677296762013 30.061850131068603, -87.68252741440524 30.174063168020297, -87.45468312466251 30.043007423150787, -87.22112953967536 30.15416656420017, -86.99494747436664 30.022650165575584, -86.76211187644496 30.132762560051134, -86.53760681277774 30.000804402437584, -86.30551451462954 30.109877517105897, -86.0827002914768 29.97749650128224, -85.8513758930734 30.0855381048885, -85.63026541908725 29.95275312082724, -85.6402844988318 29.712478978106564, -85.42068058825265 29.57986009070226, -85.43108931767819 29.339682667081945, -85.212979696006 29.207253654322415, -84.98467402894192 29.31444554782227, -84.97336982812693 29.55397865592696, -84.74477314912689 29.660079254390656, -84.52859967406569 29.526744654778334, -84.300844990826 29.631849736281875, -84.2881412311253 29.870180394096074, -84.06012001004252 29.974179142909165, -83.84593535768366 29.839966404957384, -83.85951016491025 29.602303329608088, -83.64680583318167 29.468326985525945, -83.66072579251798 29.23078639184849, -83.44948885126259 29.097068941916245, -83.46374680986578 28.859672748817403, -83.25396439351591 28.726236338400895, -83.0302053900703 28.829638510500647, -82.82215396203412 28.69594155138042, -82.83756917299392 28.45940596033331, -83.06021263657904 28.355872709978886, -83.07512564459255 28.11883040021911, -83.29755479684768 28.014230400556116, -83.31196804029747 27.77670080616786, -83.104772237073 27.644467459273855, -83.11950653573182 27.407163083910493, -83.34062128717335 27.3013991309175, -83.54809151760432 27.433049462423185, -83.77007018894709 27.32635399332674, -83.78349136103694 27.08790940780107, -84.0052340476018 26.980186097995396, -84.2146337298957 27.11099619415892, -84.43720574569271 27.00233659375196, -84.44930285930702 26.762789472962545, -84.67161613609088 26.653119213253582, -84.88289787538379 26.783063567846526, -85.10600493355514 26.672453476745837, -85.31891897628185 26.802113195792312, -85.54279933420128 26.690556628605286, -85.552708163622 26.449295241165256, -85.77629109758387 26.336751047032685, -85.99101210683732 26.46550348325027, -86.2153310937237 26.352011149171474, -86.43164745852634 26.48044533838327, -86.6566805904582 26.36599908818965, -86.66436050621505 26.123106357482087, -86.88905735470912 26.007698776968386, -87.10709964210466 26.13518647936746, -87.33247181444537 26.018825304748773, -87.33878122752084 25.774986237191087, -87.56379454713657 25.657686794587303, -87.78350693468391 25.78420698113119, -88.00915602122852 25.665955662004805, -88.01408955276388 25.421216159615987, -88.23935742869615 25.302051127898622, -88.46068247304504 25.42758409471525, -88.68654588572615 25.30747032568767, -88.69009929152821 25.061877845050393, -88.91555938562036 24.940876400753073, -89.1384381112214 25.065403827684527, -89.36445290332871 24.943458228209437, -89.3666230857208 24.697061731441764, -89.59221273918584 24.57425595930809, -89.8165847317488 24.697760964142336, -90.042687702645 24.574017078129256, -90.04347271916365 24.326866977760282, -89.81907341326018 24.203993050000197, -89.82031015910742 23.95718013746999, -89.59729697073446 23.834551674265978, -89.59897797995671 23.58809924495965, -89.37734237458915 23.465739197178422, -89.1540677129453 23.58918924569232, -88.93385312479877 23.46647095590357, -88.71111878932028 23.589015804243612, -88.49234104839614 23.46595391493606, -88.27017086096258 23.587595787172447, -88.05284503172997 23.464204980839583, -87.83126227436786 23.584946425969715, -87.61540265802506 23.46124141208493, -87.3944300649551 23.581085293513926, -87.18005020260999 23.45708079573383, -86.95970995317225 23.576030280639095, -86.74682262991048 23.451741024254755, -86.52713634235667 23.569799572859562, -86.31575359216494 23.445240272514148, -86.09674231830435 23.56241162729466, -85.88687542981481 23.437596974984697, -85.66855965049953 23.553885149833892, -85.46021917352064 23.428829803209798, -85.24261879495329 23.54423907258113, -85.03581454775112 23.4189576435617, -84.81894889859728 23.533492531614364, -84.6136899758912 23.407999575328148, -84.39757780517678 23.521664845095028, -84.38571616720712 23.760804281398762, -84.16936106828877 23.873576331958546, -83.96588482272311 23.74723730444797, -83.7503158082377 23.859139952406014, -83.54841442939205 23.732619188302035, -83.33364892713355 23.84365796497375, -83.1333290778157 23.716969969709215, -82.91938392734907 23.82715060748747, -82.90473332321444 24.06395938540693, -82.69059462876675 24.17321831274956, -82.49213945407206 24.045737927301502, -82.27885133561563 24.15414114434131, -82.26298370895285 24.38994400327151, -82.04952267617901 24.497407601844902, -81.85297107235269 24.36915871266101, -81.64038990973047 24.47577014248447, -81.4454599580322 24.347400390179832, -81.23377336759664 24.453166513857393, -81.04046839289312 24.324690243043033, -80.82969048713068 24.429618069495433, -80.81117304683511 24.662902235918214, -80.60026984320268 24.76686967356395, -80.4089345017074 24.637682434597618, -80.19896672713004 24.740817034799516, -80.17928335149924 24.97299894228659, -79.96921033563774 25.07515912310728, -79.94906498176597 25.306967260585008, -80.13969089887075 25.437370268370575, -80.11978096707108 25.669544269377514, -79.90854316159401 25.770556165298956, -79.88816582002009 26.00232158682279, -79.67683045754622 26.10232484351364, -79.65598414651322 26.33366287612079, -79.84717606105626 26.465756029131487, -79.8265627485398 26.69740973070823, -80.0190768664411 26.8299894840609, -79.99870206347249 27.06193971890604, -79.78509699427255 27.16055185579504, -79.76424363698361 27.39202501367935, -79.95771487764519 27.525639988762773, -79.93710158012627 27.757374727191095, -80.13192316888016 27.891435137084628, -80.1115556384525 28.123411869652628, -80.30774068349885 28.25789908408075, -80.28762474164772 28.49009801593091, -80.48518646500514 28.624993017217193, -80.4653280494894 28.85739415456714, -80.66427978631286 28.992677543106954, -80.64468495330118 29.225260703073882, -80.84504015109646 29.360912703216492, -80.82571507732929 29.593657523926563, -81.02748729505846 29.729657990263444, -81.00843828003569 29.96254394123414, -81.21164118710877 30.098872365289004, -81.19287465530182 30.331878758071785, -80.97010979331797 30.427833320473653, -80.95082939902923 30.660221605428497, -81.15511336379865 30.79737304188913, -81.13611768529849 31.029845826786623, -80.91203397456268 31.12444775739536, -80.89251799960311 31.35627068670124, -81.09789393819436 31.494205184547358, -81.07866492855536 31.72607687093998, -80.8532471339091 31.81929918850275, -80.83349127554081 32.05049005358842, -80.60792937128781 32.142535746107896, -80.40332442150165 32.00362014905677, -80.17883210615872 32.09472048727348, -80.15774300705792 32.32449772209742, -79.93313110652912 32.41441599665234, -79.91151371088874 32.64348054569978, -79.68679066900644 32.73221006566334, -79.48490083630287 32.59213271201914, -79.26129467773914 32.679933630679045, -79.23836254885492 32.90754559604038, -79.01466962676918 32.9941543663378, -78.99120857787264 33.22102426217899, -78.76743747645055 33.30643536162317, -78.70380978155995 33.50513831687291, -78.43932024316561 33.562146268393825, -78.37400971338388 33.76159755774511, -78.10771762042981 33.81816974082196, -77.90843555995171 33.674651825537, -77.64205873024657 33.730138540166706, -77.57324795546182 33.92976551480992, -77.77259634841835 34.074465733183956, -77.703836193439 34.27536391241004, -77.43392342080651 34.33099323204823, -77.36339597257256 34.532588773600324, -77.09166612078607 34.58771025935808, -76.89225676219354 34.44062591261673, -76.62052299974532 34.49461853119042, -76.42292379540868 34.34701331837622, -76.15122465510558 34.399882453977774, -76.07530606025584 34.60092997424977, -76.27286373249954 34.749733979213225, -76.19689970896388 34.95204734757291, -75.92157942518006 35.00492132922289, -75.72408966463729 34.85491303030162, -75.44886314768547 34.90663606492647, -75.36924524295806 35.108917886259896, -75.09225363611806 35.16003033570352, -75.01074393312841 35.362899038390445, -75.2080155059088 35.51533127318961, -75.12638760782342 35.71945572850206, -75.32549408544656 35.87260220917901, -75.2437541553765 36.07797858361169, -75.44472683721497 36.23182696157833, -75.36288135873019 36.438450998768296, -75.56575229007964 36.59298836565243, -75.48380808206511 36.80085537920333, -75.68861007624854 36.95606825757398, -75.97545778123326 36.902162429639624, -76.05547237692194 36.69362316193045, -75.85057841021971 36.5396583975385, -75.93052823743588 36.33236170574898, -76.21345684389283 36.27837175839225, -76.29144346808987 36.0716675289531, -76.08840135209209 35.9196046799802, -75.80743438906494 35.97301489787185, -75.6063534040535 35.820397914859804, -75.68615114409343 35.615600603751446, -75.96518079890885 35.5627613588117, -76.04306596171536 35.35856436028529, -76.32026717761414 35.305116242973114, -76.52147867846236 35.45528576324053, -76.7987244970083 35.40066015916969, -76.87287932368407 35.19646301603436, -76.67164388775637 35.04750896288245, -76.74579205866019 34.844573876700295, -77.0193427416006 34.7899849721057, -77.22057568893202 34.93772944625368, -77.49411172725455 34.88199209036301, -77.56460083321139 34.679129824735185, -77.83628779931853 34.62287458881394, -78.03927257044872 34.7688500368539, -78.31087726059465 34.71145668027766, -78.37772766760676 34.50873680170844, -78.64746109438342 34.45086564222578, -78.71256036996262 34.24887557199371, -78.98042862071847 34.19055115755395, -79.18490747520643 34.33354771532474, -79.45260194275718 34.274112686406326, -79.65875602550003 34.41649898659111, -79.9262376980076 34.355950839621464, -79.98588846886726 34.15372024055491, -80.21442497277188 34.06697732812841, -80.42232946661302 34.207919500872855, -80.65198638609003 34.120207871306015, -80.67248877072944 33.89130203516266, -80.90200281732407 33.802366810676475, -81.11225702471882 33.94257931467154, -81.34285718171618 33.852659749457565, -81.36196163923643 33.62229471917978, -81.59239281302999 33.53115551279601, -81.80495282863961 33.6706040919393, -82.03643441125266 33.57846588100912, -82.25090855639593 33.717587531124195, -82.48342134193516 33.624437948496514, -82.5002299139274 33.39196407151181, -82.73252960142452 33.297598898637496, -82.94924139656823 33.43589996474385, -83.18253414182638 33.340510233860904, -83.19789688094643 33.10663678441669, -83.43094993641654 33.01003883710328, -83.64984838680842 33.1474866914139, -83.88385507059547 33.04985213289601, -84.10461408427686 33.18690672754354, -84.09108591329294 33.42207992867261, -83.85587124696465 33.51955382435747, -83.84178977703047 33.75399581086734, -84.06385586120761 33.89160194624493, -84.30028472334581 33.79428635741007, -84.52422781012696 33.931461063393705, -84.76157931053282 33.83307477570318, -84.77377467869547 33.597367570172956, -85.01082013974445 33.49776411095654, -85.23687131208631 33.63400375704859, -85.47479592117371 33.53331905518153, -85.70268344555022 33.66908347153665, -85.94146193124168 33.567306888428575, -85.95116234206826 33.32965214940524, -85.72306382018357 33.1943781314681, -85.4854726447742 33.29626920231298, -85.25919158782293 33.16051878393314, -85.02246039298247 33.26132967700562, -84.79800908297375 33.12512372885884, -84.81004878352107 32.888602260621376, -85.04559187893896 32.78766273051837, -85.27028008161719 32.92337394344502, -85.5066889101207 32.821365842246465, -85.5172290367045 32.583527824531714, -85.75330752580717 32.480333229479534, -85.98001395893361 32.61508511189467, -86.21691436901845 32.51081356741386, -86.44540039064042 32.64508719384983, -86.68309692231861 32.53972917070697, -86.91334840880282 32.67350407324442, -87.15181447745468 32.56705034096906, -87.38381628302758 32.70030605903254, -87.62302452530743 32.592747703197844, -87.8567604733653 32.725463802582716, -88.09668275505335 32.61679224215477, -88.10173760069402 32.37535444162421, -88.3412258345545 32.26552229006662, -88.34574142879808 32.023443892424886, -88.58478849403987 31.912464736858755, -88.820424060527 32.04359472959922, -89.06011735186597 31.931502796971404, -89.29740992250284 32.06205365124821, -89.53771963346772 31.948841911602752, -89.53965044231902 31.705072232299024, -89.7794734704032 31.59073781085478, -90.01843583811358 31.720170489844488, -90.25882542160116 31.60471538508145, -90.25919050714062 31.359842143975506, -90.49906770610806 31.243285853344084, -90.73962524397001 31.37157876885075, -90.98001855499942 31.25390258662085, -91.2221267550218 31.381561185159136, -91.22386489288932 31.627415503438932, -91.46754311759533 31.75493973433566, -91.70944232059715 31.636089621727944, -91.95464516207984 31.76293982644257, -92.19698208604888 31.642948565011388, -92.19310646926563 31.396169522866774, -92.43485421434261 31.275106022126106, -92.43046813907046 31.027780445508853, -92.67162128003635 30.905662494142593, -92.9181381363641 31.0307892980122, -93.15965719385069 30.907543333260776, -93.4076019243458 31.031965484792345, -93.64945269212134 30.907588956056866, -93.8987975922049 31.03128895152734, -94.14094534375772 30.905779824389228, -94.39166177221324 31.028740440516856, -94.63407128545487 30.90209720958399, -94.886129677968 31.024301523402258, -95.12876526112707 30.89652322462015, -95.38213514547994 31.017954633175705, -95.62496066415092 30.88904085556201, -95.61353285357798 30.638846784825276, -95.85564788510789 30.508958291890533, -96.11005359288349 30.62910502464187, -96.12258958237439 30.87963399214886, -96.3784874880138 30.99947115846157, -96.62158284583968 30.868287457452464, -96.60793453959569 30.617440099383114, -96.85028372372997 30.48530577567558, -97.10710580203455 30.603837989876894, -97.34951661219993 30.47058309851182, -97.60749634250917 30.588285657111044, -97.84993139451518 30.453912548435213, -98.10903403209922 30.57077106824741, -98.35145566852745 30.435282691245284, -98.33400400919743 30.18315064275083, -98.5756252081796 30.04677387687578, -98.5577327931121 29.794235870411867, -98.79855134713667 29.656993857444775, -98.7802238610588 29.404074702643967, -98.52218109105574 29.288641645014394, -98.28210432158197 29.425652954271982, -98.02511605042118 29.30939626342018, -97.78501324623745 29.44533090648147, -97.80113668772891 29.697740677880525, -97.56026188620048 29.832804798382767, -97.30404682524106 29.71524749390082, -97.0631993853267 29.849217538541776, -96.80813016029781 29.730857462775063, -96.79420114746884 29.47902587564069, -96.54058190454589 29.36038028078891, -96.52728647123271 29.10847045775851, -96.27511337934774 28.989568020780712, -96.26244269352914 28.737607088182486, -96.50086768824471 28.60422991913008, -96.48774360052248 28.35191859717681, -96.72545473397919 28.217685268063345, -96.97708812143819 28.33555935285692, -97.21486769429804 28.200277668103663, -97.20022783640817 27.94733891013107, -97.43727412678746 27.811237913044106, -97.4221967261794 27.558006768636385, -97.65850705712755 27.421110169698817, -97.64299737115886 27.167612339643167, -97.87856920392896 27.029944185932667, -97.86263246346022 26.77620559048838, -98.09746339527406 26.63779025073294, -98.08110480386917 26.383837013421548), (-91.33610495368234 15.466477946415523, -91.12339090147418 15.357168552828032, -91.12206302459455 15.116631925907033, -90.91054977469136 15.007825699344181, -90.90963116558116 14.768072912627273, -91.11942240285782 14.636681418251689, -91.33091484986977 14.74476650036401, -91.54106806669326 14.612729929164347, -91.75371845337723 14.72060426938587, -91.75625234503669 14.961231597483195, -91.97009432596529 15.069600308517192, -91.9730524016319 15.311004897213696, -91.76134926970101 15.443614613586234, -91.76391241461467 15.685354915035914, -91.55176928453935 15.817576981178465, -91.33784825625622 15.707781206074271, -91.33610495368234 15.466477946415523), (-86.547066891785 16.256040074697946, -86.34029250044235 16.37944506574497, -86.14165958219338 16.266798467210947, -86.1496617243464 16.031483923981806, -86.35556034337978 15.908230846279016, -86.55433057099252 16.020141053063043, -86.547066891785 16.256040074697946), (-81.80272251140397 8.70917375668947, -81.59968790049372 8.83831721694093, -81.3766073932924 8.736636251893263, -81.17389459169816 8.865465676821469, -80.95084760336198 8.763596700425904, -80.7484785013368 8.892104955017333, -80.52548965298098 8.79005214339808, -80.50459364718644 8.55922721240313, -80.7069817014448 8.430309122678931, -80.93024754710895 8.532627334014562, -81.13299256065653 8.403392247187128, -81.35630613360543 8.50553373810017, -81.55938624099737 8.375988827175387, -81.7827228033955 8.477949443556467, -81.98611597032955 8.348102035947507, -82.20945071619384 8.44987771959855, -82.41313475366907 8.319735293903761, -82.63644282522615 8.421322084153127, -82.65583154281862 8.652755736054285, -82.45221961015716 8.782505241387907, -82.22914621146872 8.681212428857252, -82.02581184157864 8.810662633482217, -81.80272251140397 8.70917375668947), (-92.42311241763402 16.744990554136706, -92.20862003584918 16.878037822681943, -91.99104171974659 16.76688853575141, -91.9880144929418 16.523393309567414, -92.20172432234911 16.390620552953948, -92.41924260381442 16.501069866528294, -92.42311241763402 16.744990554136706), (-83.13980178623508 9.314606748178747, -82.93635615601121 9.44357416479024, -82.71382757489975 9.343296213656659, -82.69452385982 9.11374777018729, -82.89805630607461 8.98438996089972, -83.12080626268202 9.084972592366116, -83.13980178623508 9.314606748178747), (-98.83702138536839 23.27922081051619, -98.59144529147096 23.166918155406393, -98.57449940573886 22.9128693930328, -98.80213728682386 22.770891986855457, -99.0473772474422 22.88264451254434, -99.06531564506989 23.136922717906334, -98.83702138536839 23.27922081051619), (-81.05083246116756 7.471933428885202, -81.07141713882493 7.705698714783082, -80.86826861380793 7.836050093184038, -80.64451183746415 7.733039492099792, -80.62362840142768 7.499417488374652, -80.82679976121378 7.368661277794516, -81.05083246116756 7.471933428885202), (-83.78830295764034 9.385226956321873, -83.80679087590589 9.614007677459346, -83.60322371493353 9.742890456965497, -83.38106082304266 9.643375734287718, -83.36226179124138 9.414663197600094, -83.56593619498999 9.285395578423739, -83.78830295764034 9.385226956321873)), ((172.44717190847405 5.710008261658698, 172.53471844058163 5.89381718114432, 172.39745959561708 6.0482592365994465, 172.48524880964578 6.233255676626884, 172.34735637713834 6.388737741375516, 172.12138306506608 6.358522991502941, 171.98256269627626 6.514338769744993, 171.756261635515 6.483905731069599, 171.6696610973549 6.297819257210802, 171.44392639632292 6.267333268978219, 171.35816219856196 6.081905599941094, 171.4975237865105 5.927497409559719, 171.72238830841127 5.957814058060672, 171.86084532671578 5.80373107676091, 172.08539918646926 5.833842759539837, 172.2229458190136 5.680095883011977, 172.44717190847405 5.710008261658698)), ((-73.3708000719215 20.726750647129016, -73.18578267659063 20.82069223179775, -72.97653354051207 20.726403811549677, -72.7921738883457 20.819794598926382, -72.81686818468914 21.00706509874146, -72.97103659991667 21.129154591376675, -72.9408344663628 21.344269353713095, -72.75600988614089 21.43646931437108, -72.60232282933583 21.313787134375865, -72.41853814478831 21.405344863317136, -72.38750803028852 21.619344632833872, -72.20383597297285 21.710020511552212, -72.0521260806128 21.58694442475037, -71.8695037353218 21.676986886047402, -71.71927617724673 21.554110163007618, -71.69406128716672 21.369573544229322, -71.87610962092806 21.279200502958634, -71.8509482865847 21.09351032872528, -71.64353881088272 20.99840950437183, -71.46171735024627 21.089194723598315, -71.25482025553195 20.99376873947629, -71.07371570987702 21.084008938753605, -71.09927108622412 21.26925935708478, -70.91865088044142 21.358539621152197, -70.94425599849815 21.542640475191355, -71.1502889977629 21.637682438926436, -71.17575162513903 21.820855078520964, -71.32400076404699 21.94408980982904, -71.5054386867705 21.855559116077917, -71.65516569754496 21.97900522334253, -71.62295136462534 22.19154490472619, -71.77366227128245 22.315760050579158, -71.95709231444954 22.22687117336962, -71.98887548321727 22.01349991260183, -72.17242933003804 21.923713755033265, -72.32513666570527 22.04755850947298, -72.50974589945073 21.95713380426022, -72.54070805356689 21.742611938180257, -72.72542778332183 21.651295558084307, -72.88012547265788 21.774745729455155, -73.06589047802136 21.682781747390113, -73.0960147890962 21.467130438477504, -73.28187666031802 21.374281290142957, -73.43855726640079 21.497312758737557, -73.6254534557219 21.403807459699596, -73.65472330540337 21.187049197510166, -73.8417024169922 21.092666170083728, -73.87058568609619 20.875640876820995, -73.71296682048687 20.75381782288907, -73.52692827894582 20.848411071968716, -73.3708000719215 20.726750647129016)), ((108.61162075709478 18.703269652900616, 108.58269606395737 18.45916913961966, 108.78904175086518 18.30634050930116, 109.02400404528055 18.397484716214297, 109.05318067957126 18.641203818110775, 108.84714446925113 18.794161036667397, 108.87625617150763 19.037517200986162, 108.66959078743912 19.190356045322723, 108.43350759624298 19.099716224525768, 108.40465066075217 18.855986936973416, 108.61162075709478 18.703269652900616)), ((101.09141183829945 1.9384586591357482, 101.32156990249581 2.047076644700833, 101.52866288426924 1.9044961082455574, 101.50564546728629 1.6536432754662511, 101.71228701401947 1.5114976865070286, 101.9418858927736 1.6198567621501951, 102.14800669782306 1.4778119072628468, 102.12459642749076 1.227765497233854, 102.33025518060595 1.0861926308969436, 102.30674983711668 0.8367428195276974, 102.51194425202254 0.6956633898301829, 102.74055836117105 0.803667224580203, 102.94519396922578 0.6627280406367237, 103.17352368765557 0.770609452403519, 103.37757895213929 0.6298202127721182, 103.35341154694561 0.3815296057487359, 103.55698499837092 0.2412833091215836, 103.53272941086254 -0.0063562052130403, 103.7358191016134 -0.1460394286656727, 103.71147648815167 -0.3930067367494521, 103.48432071854097 -0.5005789902922718, 103.46016748672491 -0.7471451649468805, 103.6628937553221 -0.8858484879357249, 103.88965203702935 -0.7783816015519321, 103.9140805247348 -0.5321071865243521, 104.1408978171599 -0.4246348025376195, 104.34287874168012 -0.5635346842226016, 104.31817902187777 -0.8095043505512381, 104.51966549270259 -0.9477890631691055, 104.74570386305152 -0.8405087250448015, 104.77067072581752 -0.5948566468504203, 104.99673805047735 -0.4875961162336849, 105.02188897505266 -0.241568085733517, 105.24797653131895 -0.1343498944624848, 105.27331084061598 0.1120298539747342, 105.07229520662622 0.2515268191736166, 104.84577916680075 0.1442405834035318, 104.64409383844071 0.2839386148111165, 104.66908346862431 0.5313182204876712, 104.89602529722504 0.6386709842259636, 104.9212007017602 0.8863698905426314, 105.14816644801249 0.9936372227647863, 105.17352695117268 1.2416305772957124, 104.97165650467196 1.3826911136661924, 104.74426141514766 1.275369118552676, 104.5417213342339 1.4165995662470865, 104.56673321122656 1.665532670354956, 104.36368820479578 1.8073008224355465, 104.38861657060693 2.0568181505304333, 104.61686203361887 2.1642448432642407, 104.64197910700335 2.4140056504556986, 104.43857839671301 2.556659135827004, 104.46361198575107 2.806964316175644, 104.25970450052 2.950106700677232, 104.03062014570389 2.842581320000657, 103.82607078985427 2.9858364070347294, 103.85074156833332 3.2369702887755176, 103.64569442164378 3.3806776458178183, 103.67027696921724 3.6323037908179274, 103.46473395392434 3.7764411006951253, 103.23448992199076 3.6686083980504463, 103.21019204232238 3.4166946172196564, 103.41585248441555 3.2729000537506714, 103.39146400745688 3.0214726756669807, 103.1617004447657 2.913559217432199, 103.13750659545849 2.6623565968679688, 103.3427912412435 2.5193516357088965, 103.5721562350144 2.627197988330607, 103.77683403313893 2.484299930423748, 103.75226792474069 2.2339160794488375, 103.95645147950995 2.0914991714276416, 103.9317983274089 1.8416717353090957, 103.70323992345425 1.7339635676538188, 103.4989308612274 1.8760141929737668, 103.52330467067026 2.126138150506965, 103.31850682124332 2.2686767748899506, 103.08922246827478 2.16072858501517, 102.88383170825011 2.30337874599918, 102.9078303979602 2.5543307413952125, 102.70196050747563 2.697432246704519, 102.47199887550084 2.5892305076964566, 102.4482898820948 2.338015395666819, 102.21844030037948 2.2297377302813404, 102.01192922848566 2.372580121609157, 102.03534463886427 2.624044196091471, 101.82837041027233 2.7673074382246106, 101.85168831881305 3.01928145266168, 101.64425332998724 3.162942828435178, 101.66747255240489 3.4154028282185958, 101.45957925677646 3.559439274135783, 101.48269860547964 3.8123609736057222, 101.27434951376796 3.9567490933665947, 101.29736779799964 4.210107890082473, 101.08856547852315 4.354823968671731, 100.8567043051417 4.245869417900587, 100.64741788097882 4.390586609422626, 100.67002520763344 4.644559910951108, 100.9022285834825 4.753614976531921, 100.92504115456273 5.007772967821274, 100.71534031640329 5.153072617831859, 100.738048233205 5.407592148929142, 100.52790222078954 5.5531468493197345, 100.55050428136474 5.808002203704151, 100.33991589631432 5.95378711601348, 100.3624108962996 6.208952339299358, 100.15138299923365 6.354942384505276, 100.17376973200868 6.610391301577705, 99.9623052427919 6.7565611771128395, 99.98458249964125 7.012267409654066, 99.77268439761798 7.158591606823586, 99.53851264829689 7.048954087976487, 99.51655753860473 6.793088341370933, 99.28260946603632 6.683284319243224, 99.26086600605527 6.427517038914631, 99.47274640197332 6.281703929149207, 99.45089023886305 6.026205679782585, 99.66234998679778 5.880563533496624, 99.89567349170545 5.990155732775575, 100.10670978715109 5.844436455340922, 100.08442317184023 5.589399717426267, 99.85141832637834 5.479914837088861, 99.82934034094706 5.225033540497007, 100.03994958388807 5.079809117229507, 100.01776247621558 4.825275308791734, 100.2279419794412 4.6802971891172165, 100.2056469398309 4.426136558808175, 100.41539378971993 4.281429372062528, 100.39299200653949 4.027667350503655, 100.60230334759217 3.883255456579451, 100.57979600711462 3.629917198812515, 100.78866904172071 3.485824672401926, 100.7660573279677 3.2329350421362397, 100.9744893161635 3.0891856574721714, 100.9517744107518 2.83676921182834, 101.1597626699662 2.6933864279451267, 101.1369457519566 2.4414674027164054, 100.90644439665522 2.3327241271973653, 100.69842137910581 2.475776780728, 100.72093356284131 2.7279015556505644, 100.51247289134636 2.871328164363925, 100.28147892857532 2.7623037862926236, 100.0725692779298 2.905763536945423, 100.0946667717235 3.158563844296159, 99.8853312102791 3.302358131871515, 99.90732111474705 3.5556183543218065, 99.69756254922981 3.6997233566435797, 99.46582013349405 3.5902623071297373, 99.25565476848124 3.7343571499511836, 99.02383641117689 3.6247285534903106, 99.00248183888624 3.3711575687495556, 99.21262549435465 3.227361687278869, 99.44414625521227 3.33683918008712, 99.65389791712425 3.1930386736187497, 99.63211429545532 2.94006865870358, 99.84144923768969 2.796586479661744, 99.81955703741158 2.5440941998101483, 100.02847230025162 2.4009540371973794, 100.25927501585585 2.509987892715784, 100.46775590599441 2.3668861897360216, 100.44544674281025 2.1150788830094793, 100.65349607953397 1.9723584127266145, 100.88382915607201 2.0811143677731714, 101.09141183829945 1.9384586591357482), (102.81204139841866 1.552182105625231, 102.58294506457322 1.4441003122390272, 102.37736726925988 1.586034299960297, 102.40097414437214 1.8364080229486526, 102.63044880295521 1.944588311867979, 102.83593727368276 1.8022951840501478, 102.81204139841866 1.552182105625231)), ((-78.15896993781347 27.241876153014495, -78.34553696534938 27.375798907014108, -78.5561500699344 27.280771800749275, -78.57909837444242 27.051598406949942, -78.78965579914528 26.955521675046285, -78.97835837754178 27.08883238396026, -79.18994360991229 26.991919741623605, -79.2117323820456 26.76149177643567, -79.02262793276905 26.628747057063283, -79.04463626164177 26.39862259609835, -79.25506062067412 26.30047560196879, -79.27660102391057 26.069902483185963, -79.4869481108065 25.970735667836145, -79.50802201684802 25.739732196447445, -79.31943671413357 25.60866396533112, -79.34073291723547 25.378013695834454, -79.1534322468792 25.247482963481808, -78.94522091657406 25.347010557285735, -78.92324901875728 25.57688993985188, -79.11016112259274 25.708012176847696, -79.08840238847164 25.938247633649123, -78.87905541371862 26.03658659184814, -78.85683277121008 26.26638886931114, -78.647421479884 26.36370812930641, -78.46131158838732 26.231426104097103, -78.25292437086145 26.327926537778172, -78.06850688181557 26.1956105987231, -77.86115415844931 26.29130117812437, -77.67842730548419 26.158965496685884, -77.70262555569721 25.93150853782674, -77.90890704647856 25.835600882522186, -77.93264980488148 25.607703071855656, -78.13889740693926 25.51078707731895, -78.32246519242005 25.64197501176408, -78.52973264199925 25.54425682141509, -78.552368598091 25.31515396803131, -78.36839255603175 25.184551743417863, -78.39122771497289 24.95582562132552, -78.59738675156045 24.856923208159703, -78.61976988162498 24.627810168076504, -78.43664333999419 24.498381394484266, -78.45922473706477 24.269678083598148, -78.27733575891735 24.140844285748926, -78.3001106527703 23.912568038927354, -78.11944728613985 23.7843437628925, -78.14241100114985 23.556511629415454, -77.96296140984882 23.428911000813223, -77.7609504930967 23.5285301682339, -77.58310927338515 23.40095082274094, -77.38209447376546 23.4998075171472, -77.35790015441717 23.726061360356738, -77.15686911654117 23.823972667060666, -77.13224005702665 24.049879126905147, -77.30924601108782 24.178668171982416, -77.28478523179636 24.40500678472719, -77.46299601901231 24.53441995309867, -77.43870791756126 24.76117405010399, -77.23559384431097 24.85771849615531, -77.0578113180926 24.727716496596514, -77.08271164378324 24.50175819305877, -76.90613464691971 24.372375779887058, -76.93119935043596 24.146834614864318, -76.75581591739252 24.018085441242153, -76.78104072450432 23.79297786476825, -76.60683901634003 23.664875175972043, -76.40784702271273 23.761284798673426, -76.23525307064483 23.633242609349832, -76.2612105058321 23.409388821796963, -76.08977523049269 23.28201414124208, -75.89282476472019 23.377897016377535, -75.7229817928395 23.250602352641828, -75.74964130054008 23.028023564527118, -75.94558852768292 22.93193182617922, -75.97183006251055 22.709026474511848, -76.1678013444339 22.612011428522592, -76.19362555546985 22.388797038348578, -76.024034864228 22.263404585718277, -76.04999909145916 22.040701742482398, -75.88153280377168 21.916015889395425, -75.68753786214695 22.0134168128041, -75.66102749854272 22.23531336052083, -75.46706404118794 22.33181200130622, -75.44014320002321 22.55341097790534, -75.60772607850984 22.679319793565867, -75.58093405289536 22.901416118868017, -75.38601652842111 22.99679047495489, -75.21888551271955 22.870281470907596, -75.02500351306742 22.96494602367545, -74.85944367522248 22.838546082349694, -74.66660257311621 22.932508427868555, -74.63833321891373 23.152642787492116, -74.80342813293292 23.2796315627268, -74.77527270668212 23.500234806197554, -74.58149699700115 23.593028200767684, -74.55292911191691 23.813265937236896, -74.35921592312936 23.90511071752593, -74.3302351749523 24.124966536617052, -74.49549122464502 24.253798128883343, -74.69020971257083 24.162206225456814, -74.71866400864833 23.94152883946591, -74.91344173577436 23.848978260014174, -75.08077226659573 23.97735051564705, -75.05285531157247 24.198846733488914, -75.22132090792407 24.32789338839664, -75.19352865204412 24.54981315070123, -75.36314099831267 24.679522124162013, -75.33547719066831 24.90184977913323, -75.5062481074684 25.032208599794792, -75.70515232973936 24.939673531857615, -75.8775604575646 25.0701068051971, -75.85060065423505 25.29363854971852, -76.02419145937654 25.424700225201807, -76.22520436203376 25.3316649059912, -76.40044917022098 25.462780024422262, -76.37422492959881 25.687492654157968, -76.5506766510104 25.819213401082926, -76.75380691547471 25.725657431733325, -76.93192874873638 25.85740945541431, -76.9064725350283 26.083278245191327, -76.70228009136088 26.17659359860755, -76.67637358297891 26.402000088904718, -76.8552763299595 26.534888836695693, -76.82953530273932 26.760616368933427, -77.00968243685627 26.894066701894264, -77.21602344568946 26.80123987369602, -77.3978767522253 26.93469098917022, -77.37294319206663 27.16151491945204, -77.55606575962445 27.29550132528156, -77.76456497823621 27.202115766242088, -77.94940864561057 27.336077682443033, -78.15896993781347 27.241876153014495), (-75.95785751056191 24.399468957664567, -75.78616067412274 24.270252485549047, -75.81297001136335 24.047127731286448, -76.01090868921959 23.95241106418617, -76.18305768674372 24.081044329094638, -76.15681874754883 24.304978315593505, -75.95785751056191 24.399468957664567)), ((100.28620739797486 7.8891872412883375, 100.05161524798211 7.779956091389034, 100.02923743353642 7.523975137549386, 100.24113125671249 7.3773995705241715, 100.21864379225678 7.121630120533755, 100.43009755260408 6.975200513169835, 100.66402018560814 7.084284761468912, 100.68682496476538 7.339871279141902, 100.47539072106042 7.486557754786465, 100.49808813060741 7.742363189951185, 100.73253667061647 7.851292521178702, 100.75544373534626 8.107106696487072, 100.54358494537689 8.254176269921704, 100.56638448910678 8.51016329630532, 100.35407567675315 8.657336153782238, 100.11895090919597 8.548283644698534, 100.0964719166135 8.292120671836322, 100.30879621275051 8.145184876023102, 100.28620739797486 7.8891872412883375)), ((118.68638903175327 5.429082569241256, 118.90111030997713 5.520360105525607, 118.93425971860154 5.761783341769306, 118.75239259504144 5.911378000230229, 118.78544919975445 6.152612143161225, 118.60377118317433 6.301551972241163, 118.38961751048839 6.209357030310766, 118.20871511074313 6.357731670268689, 117.99563970811346 6.265532094741723, 117.81552472015619 6.413336279553197, 117.84789423149772 6.653227528020928, 117.66798109849702 6.800339540962619, 117.70025602784204 7.039987384757749, 117.52054688795653 7.186389549728147, 117.55272693876242 7.425772249363145, 117.37322391713144 7.571447256576292, 117.40530879736644 7.81054330745462, 117.61719571478028 7.9045476262994505, 117.64948452149241 8.143923134065034, 117.86217505222987 8.23834121722476, 117.89466801596939 8.47797459168998, 118.108159171068 8.572789011807897, 118.14085649749745 8.812658428919026, 118.35514514205403 8.907851428527287, 118.38804701148177 9.147934842121346, 118.60312986310987 9.243488342350132, 118.78559822723292 9.098549015127196, 119.00175593066939 9.194044301780513, 119.03516097986721 9.434879189345084, 118.85211005734857 9.579659106052146, 118.88542144995836 9.82010354671664, 119.10208227114276 9.916322572368383, 119.28571196049495 9.771705905685659, 119.5034330680055 9.867847400745916, 119.53724741141156 10.10898742589664, 119.75574434440784 10.205423368977062, 119.94069699047986 10.060341978718695, 120.16023208899253 10.1566850777469, 120.19454778378622 10.398477220695753, 120.41484635328516 10.495084964103125, 120.6010885797051 10.349537589405173, 120.822401702776 10.446036744532808, 120.85721665716665 10.688436337861889, 121.07927989988843 10.785169538937973, 121.26677633752877 10.639154883753694, 121.48982902435381 10.73576335382331, 121.52514064168588 10.978724583272074, 121.33710698415501 11.12457537713192, 121.3723291625522 11.367069982544505, 121.59587772361385 11.46420989497237, 121.7844435892444 11.31852614264468, 121.74892909186696 11.075535751228115, 121.93764237845016 10.929052506870068, 121.90203935859756 10.685599153017582, 121.67801403843339 10.589120840221476, 121.64261341479096 10.345714170039455, 121.8309472125332 10.198297210455308, 122.05520636983653 10.29443864946902, 122.24420668860381 10.146408339708284, 122.20842796677414 9.902093545719591, 122.39756787873745 9.753316508560857, 122.36170198593857 9.508603885159888, 122.55097886416502 9.359098542464464, 122.51502625937627 9.114010430596277, 122.70443746845007 8.96379560786964, 122.93030443867531 9.058791804418295, 123.12034584936237 8.908000933232826, 123.0840222708228 8.662100093134155, 122.85794151107177 8.567449561975808, 122.82181687593584 8.321678667268646, 122.59643448840512 8.227278416540845, 122.4073956881565 8.378294010590407, 122.18294064350266 8.283799236053737, 122.14730177376089 8.038654461372602, 121.92356124390778 7.944440831768407, 121.88812279439264 7.699480115289317, 121.66510226684733 7.60556755508478, 121.62986448143721 7.360814624148411, 121.40756928419898 7.267222769038139, 121.37253237599867 7.022701146600915, 121.15096767832978 6.92944933194347, 121.11613183004988 6.685182322616984, 120.89530264330614 6.592289572357443, 120.70955746367594 6.743255014412635, 120.48972053713294 6.6503217446838505, 120.45537723208065 6.406841580191603, 120.236289379781 6.314295369100455, 120.20214789485266 6.071120449924874, 119.98381357984948 5.978979442799806, 119.94987396329236 5.73613214353411, 120.13397610668983 5.584907197088443, 120.09994573098305 5.341886853027164, 119.8821055756568 5.250614012015596, 119.8482767312716 5.007961068454139, 119.63119480810377 4.917137388084679, 119.44820945320447 5.0685129733819485, 119.48174530084123 5.310639010603632, 119.29893895852808 5.461408720548007, 119.08316429177643 5.370129591213855, 119.04992241580749 5.12854001802881, 119.23216099514713 4.97769295532522, 119.1988269928367 4.7359599809472845, 119.38124789721599 4.584516000970998, 119.59756750373015 4.674873569292017, 119.78072955792607 4.522912025008928, 119.99807624198746 4.613278596563532, 120.03199583494455 4.8560636025196775, 120.25009694278947 4.9468879972541915, 120.434536357703 4.7944755473827945, 120.65364185109866 4.885297745886329, 120.68805333125079 5.128974954231701, 120.90790045854988 5.220229117792343, 120.94251256017321 5.464265094335121, 121.16309661857679 5.555933442334658, 121.19790921379649 5.800305775709031, 121.41922534532932 5.892370174935915, 121.60596761008833 5.739642916209382, 121.8282456332775 5.8316751172035985, 122.0156542729049 5.678434029476879, 122.23887730188193 5.770430780899541, 122.27446378318706 6.016071756968065, 122.08654170830073 6.169244276366233, 122.12204167670001 6.41469879769655, 122.34574934883346 6.5074481451485715, 122.53417960663887 6.354348422429108, 122.75881228355274 6.44704286217212, 122.794795783587 6.693221214564533, 122.60586272270939 6.846243988024212, 122.64176075334802 7.092199399663703, 122.86687580760304 7.185588526345395, 123.05630616394848 7.032646776348068, 123.28232527145144 7.125960709100836, 123.47236832186712 6.9724943519989235, 123.6992726838422 7.0657293877960266, 123.88991145017036 6.911746195944518, 123.85316903580042 6.664456748728162, 124.04391916436032 6.5098976829588695, 124.00709446801949 6.262402557471598, 124.19795324048141 6.10728926795943, 124.16104676628902 5.859612972311428, 124.3520114581994 5.703967421553282, 124.58034142340506 5.796048480382965, 124.7718630841116 5.639933907056854, 125.0010141580562 5.7319508082585315, 125.1930747338468 5.575376345087166, 125.15554195726139 5.326749304901993, 125.34769125179679 5.169692669427426, 125.57780576734228 5.261295431142133, 125.61560728054309 5.5103011692721156, 125.84633795686159 5.602180961293391, 125.88432915902104 5.851422012717819, 126.1156684814244 5.9435580479779695, 126.15384865343293 6.1930094953716655, 126.3857889511329 6.28538072159119, 126.42415733984438 6.535017449968399, 126.65669078635045 6.627602563721324, 126.69524660440248 6.877399276612413, 126.92836521800166 6.970176737838656, 126.9671076436502 7.220107973810265, 126.77247095603934 7.376915298673497, 126.8111395292363 7.626614957132599, 126.6165632902929 7.782888550206205, 126.65515742500747 8.032331652567565, 126.88858956867955 8.125848507485474, 126.92737107394521 8.375362810536018, 126.73245880103764 8.531008497392339, 126.77116608240868 8.780222741846547, 126.57631518337877 8.935281735351543, 126.61494765300506 9.18417149063409, 126.4201610336712 9.338622019954865, 126.45871810690352 9.587163118898198, 126.26399867082165 9.740983771450672, 126.30247976626464 9.989152324667797, 126.10783041446888 10.14232205806992, 126.14623495403379 10.390094467847891, 125.95165858477696 10.542592621310067, 125.98998599373368 10.789945595006571, 126.2231581419835 10.885173550338576, 126.2616768339754 11.132461388462286, 126.06675511349869 11.284144695027683, 126.10519686894156 11.530972145344718, 125.91034911310311 11.68193610974523, 125.67748492465995 11.586202561933806, 125.48314486084439 11.736565985481072, 125.52123746395301 11.98252413586952, 125.75394247175808 12.078505966034081, 125.79222862829181 12.324345529616863, 125.59753752048243 12.473813212642268, 125.63574502159594 12.719125990394557, 125.44113659014369 12.86781759470216, 125.20876030878708 12.77134857878, 125.01468250976575 12.919406033612592, 124.78312262146625 12.822702464093073, 124.5895944602658 12.970119928839717, 124.6271690780452 13.214075648939515, 124.43374158069446 13.360678168947357, 124.47123391157083 13.604057376226956, 124.70243373628085 13.701248388466048, 124.74012382991293 13.9444479495621, 124.54633413822808 14.090039994573598, 124.58394208816173 14.332626160615554, 124.39025415187865 14.477363089896876, 124.15942793296904 14.37969858086037, 124.12210177156874 14.137532712050003, 123.89195068496059 14.039855225980272, 123.69932336461397 14.184103087548426, 123.47005632744668 14.086183977382978, 123.27803725347843 14.229753158252187, 123.31479287971143 14.471046234614015, 123.12289744625895 14.613733387876723, 122.89474798231913 14.515326332254066, 122.70348536603069 14.657322471474524, 122.7398652844663 14.897519270923716, 122.54873609318236 15.038610466289951, 122.32174287811364 14.939714965121883, 122.13127038900677 15.080104061547509, 122.16727008380565 15.319171274011373, 121.9769406024231 15.458633947454535, 122.01285113517605 15.697018561877105, 122.23938514696385 15.796409986509836, 122.27550058203849 16.034565525662952, 122.50276339189026 16.133943272048786, 122.53908343325315 16.371846552806645, 122.7670691389057 16.47118883946255, 122.80359345742448 16.70881675716015, 122.61183971638707 16.846647868007455, 122.64827602336163 17.083530488326723, 122.87675850723457 17.18302944161727, 122.9133993024908 17.41959896114436, 122.72126513071532 17.556221644298134, 122.49300593482724 17.45651276067962, 122.30152660936841 17.59239207803664, 122.33778544969488 17.827735940128207, 122.56581812921911 17.927650683764618, 122.60228257658122 18.16265276063573, 122.41041976934463 18.297289827183704, 122.44679531531483 18.531485390139444, 122.25507231340964 18.665113276240803, 122.29135847887835 18.89848773606397, 122.51966334575764 18.9986781708851, 122.55615589655076 19.23166138769866, 122.3640478172519 19.364010716272006, 122.40045105736743 19.596145509842362, 122.20848402125421 19.727461031427065, 122.24479747075748 19.9587339991272, 122.05297422435615 20.08900655530936, 122.08919740778629 20.319404752333263, 122.31754174691065 20.419967208043747, 122.3539726413394 20.649914487001713, 122.16176121417413 20.77886354125899, 122.19810190579682 21.007911452906757, 122.00603552423672 21.135796726078244, 121.77816691323 21.034909276498784, 121.74212567025393 20.806297628926725, 121.51500968267908 20.705223520944187, 121.4791774498446 20.476157467325464, 121.67016055634724 20.347720098091415, 121.63423661471745 20.11776682892031, 121.82537311797614 19.98827365178413, 121.78935792412636 19.757445479572088, 121.56250578501113 19.65656343181003, 121.37191486776157 19.786329149719805, 121.14606740384698 19.685130021628613, 121.11056111791055 19.454354903637988, 120.88547803289248 19.353040847341163, 120.85018083265555 19.121886541755796, 121.0396650199217 18.99157556679423, 121.00427513473488 18.759584846168607, 120.7797025958148 18.65838328034438, 120.59077927800695 18.788966654371617, 120.36724019291694 18.687486421540367, 120.33236151997755 18.455637943676596, 120.10960172007174 18.354106406676436, 120.07493242613299 18.121943196316558, 120.26271967784999 17.990816283582667, 120.22795643256256 17.757857143323868, 120.00570899295911 17.656527525849988, 119.97115477670894 17.423289274664658, 120.1585451030727 17.290877876170804, 120.1238969425973 17.05687220985314, 120.31146276854446 16.923457130252523, 120.27672106154478 16.688699092948944, 120.05471543929366 16.587865467443155, 119.86772166666537 16.721539545046728, 119.64677065427821 16.62048486970793, 119.61253985524746 16.38601592575113, 119.79895715618306 16.25208414374995, 119.76463205386375 16.016892174962127, 119.54419234847626 15.916156595384006, 119.51007556257156 15.680781343736736, 119.6960959615921 15.545617664238133, 119.6618848941797 15.309550486393183, 119.84808671638416 15.173422551733154, 119.81378174583972 14.936680037279794, 120.00016254692173 14.799599702220966, 119.96576405627724 14.56219885564683, 120.15232138016631 14.424178439760926, 120.1178297570878 14.186136676388891, 119.89708087263517 14.086641810707695, 119.8627961034577 13.84850173922631, 120.04896031833903 13.709331541138312, 120.0145824272077 13.47058450013967, 120.20092185874853 13.3305071193873, 120.16645123310099 13.09117152175631, 120.35296342084678 12.95020080525073, 120.57450641414493 13.048774519756634, 120.76174503974636 12.907126239785601, 120.72688485545541 12.666703007483946, 120.91428755355383 12.524183176658907, 120.87933624384118 12.28321208757593, 121.06690049171493 12.139835782886697, 121.03185847154322 11.89833660240311, 120.80954740771102 11.80072571975826, 120.77470980954564 11.559227701078925, 120.5531523793245 11.461811339854709, 120.3666901505004 11.605558243096361, 120.40123166034812 11.846537477603988, 120.62253182582185 11.944288818610552, 120.65727828474616 12.18527575324145, 120.47042801084012 12.32798977995175, 120.50508292492486 12.568445703262302, 120.31840045269712 12.710295452725404, 120.09762345761641 12.611887778708843, 119.91167561347334 12.753064456300432, 119.69193895822173 12.654512790592461, 119.65788060192307 12.41511520338879, 119.84325974243313 12.273735352559768, 119.80910829473873 12.033801302203319, 119.58987665608879 11.935787177670003, 119.55593098995888 11.695873648420816, 119.33747839224151 11.598086601375702, 119.30373848353992 11.358216716849583, 119.08606895913141 11.260676640598023, 119.05253475551268 11.020873414171422, 118.8356521813497 10.92359995553603, 118.80232360271293 10.68388627625954, 118.98557800817207 10.540890447628763, 118.95215538620528 10.300727861635716, 118.73577770799398 10.204122266277373, 118.55310864060402 10.34729744273044, 118.33781098284987 10.25061511623631, 118.3048933051461 10.011148632165312, 118.09039330967101 9.914790270828973, 118.0576808547105 9.675481118032328, 117.84398179076442 9.579465270789248, 117.8114743720364 9.340335705340921, 117.59857936066913 9.244680620782333, 117.56627676622753 9.005752708056097, 117.3541887818518 8.910476324966401, 117.32209077478655 8.67177192729877, 117.11059561054526 8.579129604239467, 117.07861894973666 8.340050137632051, 116.86675475723013 8.2467126673121, 116.83490086310024 8.007278975482537, 117.01477439495488 7.861828527957922, 116.98290641727704 7.62270348440151, 116.77130192936261 7.528387331619096, 116.73955680492071 7.288946549224092, 116.52759447155722 7.19397510523866, 116.49597359975957 6.954239994155703, 116.2836605120533 6.858628788578108, 116.25216528261154 6.618620996845376, 116.03950858999684 6.522385913106598, 116.00814038258403 6.282127314986478, 115.7951472914612 6.185284582482449, 115.76390747537192 5.944797266421166, 115.55058524771744 5.84736345218195, 115.51947518153065 5.6066697084065895, 115.30583113348155 5.508661708297232, 115.27485216472502 5.2677840160654625, 115.06089366513748 5.169219045527247, 114.87731609534126 5.311757686778983, 114.66245478426958 5.212868632234388, 114.63176806296565 4.971225575515971, 114.41661076327972 4.871804270039982, 114.38606044537494 4.630028331960959, 114.57050372918752 4.488272147670298, 114.78506882176481 4.587898183419432, 114.81578159893866 4.82907564438798, 115.03004712995613 4.928180060046159, 115.21300294862624 4.786318747596841, 115.42636231215465 4.88510602084279, 115.60825115668803 4.743541627190035, 115.82069045860226 4.842011568449452, 115.85184193729822 5.081816893089301, 115.67040530995621 5.22377319017477, 115.70153652916963 5.464032930470693, 115.91425297310082 5.561710071295185, 115.9455126181586 5.801780763340367, 116.15789671327491 5.898877246774118, 116.1892834267095 6.138736608797795, 116.40132798602139 6.235235800521332, 116.4328403999358 6.474861742726049, 116.64453829245895 6.570747339549844, 116.82410785241109 6.427277885767603, 117.03483438932182 6.522814844643824, 117.06660775601284 6.76154055830574, 117.27718596521612 6.8542046640561445, 117.45629525700127 6.70767704097027, 117.42422359535374 6.4683643849093695, 117.60353979150437 6.3211356707064015, 117.57137333289313 6.081596842237154, 117.75089432598338 5.93368477230012, 117.963175915818 6.0254194042787, 118.14349060768996 5.876941081847296, 118.11093283997172 5.636629123178726, 118.29144507197083 5.487495046877282, 118.5050998912024 5.578767788001066, 118.68638903175327 5.429082569241256), (124.06757357982164 9.534209587712411, 124.29657669891732 9.629343144158844, 124.4887660350301 9.477640487340068, 124.45148681735323 9.230692942574287, 124.64377811536487 9.078318199189258, 124.60641764238987 8.831019234423293, 124.377042430641 8.73651373761756, 124.1852126928286 8.888992170500911, 123.95668498573421 8.79435744047218, 123.76543392219497 8.946280397029268, 123.80223774737709 9.192729136698077, 124.0305726953354 9.28768638452826, 124.06757357982164 9.534209587712411), (124.68659827925656 7.934912341757777, 124.64927079511101 7.68710467917723, 124.42018443628713 7.593456060319663, 124.22860910076514 7.747283993444636, 124.26566057011911 7.9946766123073525, 124.49456399237636 8.088656922494717, 124.68659827925656 7.934912341757777), (120.6704238634451 10.833818611492273, 120.449366342475 10.736966167684393, 120.26329184128593 10.881711810179802, 120.04325578467498 10.784745669163197, 119.85791380312735 10.92885070127511, 119.89204523893092 11.169744259383057, 120.111815958906 11.2670643242599, 120.29772027777773 11.123136734549192, 120.5185193190519 11.220338105409404, 120.70514807338827 11.07576541317252, 120.6704238634451 10.833818611492273), (120.38680212827435 5.919977607151828, 120.60614588622444 6.012096454821693, 120.7915105417222 5.860418579552976, 120.75698764147833 5.616544435718992, 120.53739078695584 5.524856318123167, 120.35257025791549 5.676611880245191, 120.38680212827435 5.919977607151828), (120.87597370980107 16.51975358608899, 120.68750447811897 16.654895380833995, 120.72254714277916 16.89015440292327, 120.9463589841605 16.990764147309687, 120.98160935414646 17.22576477299661, 120.79274780720321 17.359662856686306, 120.82790588076159 17.593897486306663, 121.05222574198177 17.694719594956304, 121.24164139107577 17.561078143421835, 121.20618345518784 17.326358327186462, 121.39575800222117 17.19171778121286, 121.36020865699895 16.95623288331779, 121.13538335113118 16.85587242454755, 121.10004111097605 16.62012123179889, 120.87597370980107 16.51975358608899), (125.14202984445194 9.515192890242414, 124.91135955717536 9.420358912512196, 124.7186131029708 9.57262650509018, 124.75608766973497 9.819616946909392, 124.98658397882981 9.914746223825468, 125.17977905760281 9.762589148042595, 125.14202984445194 9.515192890242414), (121.30257093747437 6.533672921108016, 121.52437634833466 6.626521477622957, 121.71149454783753 6.474474866331941, 121.6762814673708 6.22949815028411, 121.45423827678744 6.137056176455452, 121.26764633911117 6.289184675341438, 121.30257093747437 6.533672921108016), (122.48601412636482 13.210590883534618, 122.67652234123946 13.066450393828225, 122.64028583586088 12.824136926544082, 122.41383085367085 12.726435086997634, 122.22383764967523 12.870761316420126, 122.25978394419953 13.112603234471692, 122.48601412636482 13.210590883534618)), ((110.97258631537034 1.8837326545911344, 110.94390617540859 1.6402537722035717, 111.13475630135366 1.5013622821447046, 111.35394657750476 1.6055254825108223, 111.38282675314048 1.8484940444696996, 111.19231783034365 1.9878101662134313, 110.97258631537034 1.8837326545911344)), ((147.31193606705426 7.3952072997840155, 147.35818968105536 7.644332418059276, 147.16580746383886 7.8109301010974015, 146.92688847470788 7.728331442762097, 146.88067017713774 7.478910830420362, 147.07333416739078 7.312383508246034, 147.31193606705426 7.3952072997840155)), ((114.79139442567111 23.590494181176346, 114.56295187048704 23.517608050015035, 114.36654289569776 23.6726251067915, 114.13710273054 23.59909815352391, 114.10473990162927 23.37016334307667, 113.87498262554965 23.295604222440062, 113.67692751476221 23.450363581793866, 113.70909699880679 23.679730508157217, 113.51034610667386 23.83431346469261, 113.27896637875176 23.759479733925502, 113.07906423776637 23.913819975007357, 112.84674384728777 23.838320534226543, 112.81497889191894 23.6081162057947, 112.5823842256425 23.531586444325377, 112.38090990496437 23.685618438998958, 112.41246365506998 23.916227719999235, 112.21030159243537 24.070031039766143, 111.9761613251855 23.993176234267896, 111.77289185697828 24.146685323884096, 111.53787365019423 24.069141177037242, 111.50676021350273 23.8377503074242, 111.2715133822287 23.75917985595421, 111.24057641175193 23.526815999720675, 111.44465857822502 23.373406544176657, 111.41367024809551 23.140465860208785, 111.61707571429065 22.986820877249933, 111.5860372898457 22.75332350583301, 111.7887662699165 22.59946626380234, 111.75767900462347 22.36543263018352, 111.52408472505294 22.28485472921339, 111.49317045504915 22.049896356178483, 111.25935084877483 21.968327130076194, 111.05582776270853 22.122043201163542, 111.08651558555187 22.357400673825232, 110.8823239657782 22.510916021164526, 110.6470629722728 22.429000959388187, 110.61660743979962 22.193254634345195, 110.3811524670906 22.110353738084065, 110.17554931818864 22.2635076366403, 109.93931127374077 22.179931576078758, 109.90927705815113 21.942901789611206, 110.11523839675249 21.789823471405068, 110.08514475232926 21.552277807997275, 109.849332216282 21.467435416075105, 109.64302160515581 21.620433496903438, 109.40645847306968 21.534923187801034, 109.19916119146012 21.687618015247555, 108.96187183716648 21.60143438843964, 108.75360683559074 21.75380957074965, 108.51561619442555 21.666947446860313, 108.30640301253453 21.818986656682284, 108.06773657062257 21.73144108767331, 108.03884686305963 21.491599307099495, 107.8000838443968 21.40311717686874, 107.77138927292799 21.162426004232252, 107.53254017914884 21.073019994434862, 107.5040418367443 20.831496514704686, 107.71412211213044 20.67970925402866, 107.95242245782254 20.76935834872556, 107.98118987851717 21.01055054137146, 108.21939742484369 21.099283334091005, 108.2483584283703 21.339639855589883, 108.48646273886868 21.427443491816607, 108.6950403783402 21.27514988371358, 108.93246026606772 21.362279688465225, 109.1400841639375 21.20966814194198, 109.37679445556074 21.29612901229798, 109.58344537866378 21.14321581298788, 109.55371875712228 20.903932223530497, 109.31758933188411 20.817191885843137, 109.28804808759583 20.57706357300908, 109.49438815464873 20.42405207638115, 109.72993497821739 20.5110739539906, 109.93529198334784 20.35779669823819, 109.90544404745435 20.117600855828854, 109.67048149321602 20.03029551910678, 109.46478403689912 20.18347039489105, 109.22908788959478 20.095524708766145, 109.19966879838313 19.854129323409992, 108.96383347395988 19.765272382275434, 108.93460060510961 19.523080849600472, 109.14095228856809 19.370125202699686, 109.37621559880938 19.45924999521044, 109.4056978270857 19.70106165795341, 109.64081579681749 19.7892830855447, 109.84587025502395 19.63596933926422, 110.08024693908646 19.72355989885288, 110.11015360665681 19.96417810053813, 110.34435888413822 20.050848008132377, 110.54806280782333 19.897193498093444, 110.78148769031577 19.983233092061056, 110.9841688298078 19.829362961733146, 110.95379721221332 19.589566343719508, 110.7209726542136 19.503222798947565, 110.69077603031576 19.262618723411176, 110.45775864304386 19.17535798721708, 110.42773830946987 18.93396369574846, 110.19453790508669 18.845798030035727, 110.16469513632666 18.603631228559344, 109.93132155083367 18.51457338349475, 109.72720911067427 18.66796335079599, 109.49309507440319 18.578298480620447, 109.4636720106302 18.334972562437688, 109.2294105085657 18.24443403867212, 109.20017022718241 18.00037575969525, 109.40494642704283 17.847256568409843, 109.63863678384303 17.938058580496097, 109.66812068966624 18.181715449604877, 109.90165759891613 18.271652237844563, 110.1051305000093 18.118204312492356, 110.33791955893753 18.207543504642675, 110.3678188325623 18.450048476087606, 110.6004289570165 18.53850370560195, 110.6305042464636 18.780251333131336, 110.86292567525823 18.867809679937693, 110.89317569926936 19.108781996077987, 111.12539869648242 19.195431025944558, 111.15582215205671 19.435610523030658, 111.38783700947579 19.52133828947186, 111.41843257220631 19.760707923829838, 111.65022961176226 19.8455029694253, 111.68099593618098 20.084046164964363, 111.4797456362702 20.238224267138236, 111.24733606555446 20.153749930162544, 111.04503410950502 20.307727162675242, 110.81180623251743 20.22262410687265, 110.60846887577702 20.376384243748475, 110.6387330940554 20.61534713589215, 110.872565690844 20.700140491563733, 110.90300673746867 20.93825116357433, 111.13663810953932 21.022089607405324, 111.16725465670424 21.25933231907678, 111.40067491828177 21.34220541962176, 111.60286129703547 21.18815905179957, 111.83543926473368 21.270387842452244, 111.86645071341178 21.506331218434863, 112.09879252158419 21.587582012340146, 112.2994938398839 21.43322869441593, 112.53095701262089 21.513839069729332, 112.73055883251925 21.35928052387445, 112.96112283514134 21.43925724208048, 112.99272207407137 21.673436146485514, 113.2230109577016 21.752421672653988, 113.42105516186211 21.59759204226155, 113.65041078439378 21.675949153796438, 113.84731635009791 21.520946691802735, 114.07571972346682 21.5986826655332, 114.10786975454783 21.8310409872211, 114.33596085215498 21.907775225862743, 114.36826546385981 22.13920312540604, 114.59603521971508 22.2149286468795, 114.62849287447892 22.445413718155198, 114.85593228001699 22.52012400961466, 115.05024564315966 22.364748590884922, 115.27667467717652 22.43884327808147, 115.46979441350675 22.283327045653174, 115.69519631594119 22.35681428891221, 115.72815190198753 22.585403306847535, 115.95318893818188 22.657869358675974, 116.1445905434507 22.502167857683574, 116.36857203881368 22.57403506011064, 116.40183257832837 22.801175852092275, 116.62542851470698 22.872017430880053, 116.65882785553083 23.09818248663968, 116.88202989558471 23.167994098027002, 117.07114256627892 23.012080610862107, 117.2932505073041 23.08130375687914, 117.32693627446628 23.305994498977146, 117.54863060680327 23.374185079907853, 117.58244870500442 23.59788160301093, 117.80372141010673 23.665036382740887, 117.83767017575951 23.887729708019403, 118.05851331332491 23.953845868085775, 118.09259107281855 24.175527454328027, 118.31299678234512 24.24060258712296, 118.498619998376 24.08446236536123, 118.7178743860618 24.148965330713747, 118.75221025460331 24.369137211095026, 118.97100903239209 24.432599551898274, 119.00546731730356 24.651745788389608, 119.22380296868437 24.714166112984028, 119.40696884560253 24.55792183023697, 119.62412140542915 24.619784944488764, 119.6588192283233 24.83740611725372, 119.88276376065 24.940181570044345, 119.91767588215714 25.15722541778441, 120.14242602678848 25.25972734287064, 120.17755243313059 25.476176556916613, 119.98761788550797 25.589703494098387, 120.02264784760052 25.805128956059608, 120.24792337464311 25.907440173581556, 120.28316798911288 26.122246045667072, 120.09282589303734 26.2343314410487, 119.86782895477154 26.131921507547965, 119.68502562772989 26.28798797734654, 119.46668469395183 26.229672861858774, 119.43186870298973 26.014806370452586, 119.61527512144704 25.858725030248525, 119.58045904912586 25.643269358417307, 119.36235549063485 25.583421600222476, 119.32765818530726 25.366911852106533, 119.10907914481442 25.306016937995736, 119.07450233073433 25.08845913641681, 118.85545524786289 25.026517529322092, 118.82100064197749 24.807918102757363, 118.60149304330122 24.744930639292665, 118.567162354797 24.52529642782399, 118.34720185249614 24.46126432608644, 118.1608661924559 24.617334484517073, 117.93975608425268 24.552722844249278, 117.90568746639963 24.33157803150181, 117.68414290203219 24.265921110816016, 117.65020480546718 24.043754852171016, 117.42823374113306 23.9770548813918, 117.39442784351837 23.753875436524748, 117.17203831491679 23.68613505530607, 116.982760118545 23.842021802284634, 116.75926755998773 23.773686561725423, 116.56874038912787 23.929449592572716, 116.3441592327153 23.86051027686751, 116.31079657680789 23.635373829401143, 116.08582865414814 23.565394595305364, 116.05260791994806 23.339260974761174, 115.82726175731534 23.268245801964174, 115.63445482431905 23.4237865423427, 115.40805991579214 23.35215639137107, 115.37515251460161 23.124569552543356, 115.14840059530104 23.05190740422893, 114.9538822222463 23.20724104203454, 114.9866139867807 23.435285637281186, 114.79139442567111 23.590494181176346), (111.9448247480555 23.762171385593735, 112.14740975707758 23.608416025922356, 112.11602634371813 23.376831635409697, 111.88227666887398 23.298607123072895, 111.67927717198971 23.452309703444335, 111.71044033535698 23.684288686576664, 111.9448247480555 23.762171385593735)), ((-155.77905534121868 20.743289028357545, -155.8860167862531 20.974322655470893, -156.15581201091368 21.001172961649512, -156.26315591266606 21.231528538035565, -156.5329973021786 21.25763322777263, -156.64071514109438 21.48728895652889, -156.91057920128313 21.512634287482506, -157.07217189521216 21.308479851160595, -157.3414815760296 21.33322104673779, -157.44974865665904 21.56194769310509, -157.71903059925305 21.58591531077887, -157.82764266367306 21.81389575390711, -157.66680375853335 22.018120877213892, -157.77559105346103 22.245550440251765, -158.04538142817833 22.26853963686785, -158.2058214004494 22.06429110506319, -158.09687331066377 21.8370772231161, -158.2569306849044 21.632471864251052, -158.52552570939406 21.6550608461574, -158.68478796142125 21.450098630998436, -158.57587256384238 21.222572480606324, -158.3078363600543 21.19977592541969, -158.19924283649178 20.971496074652276, -157.93112601716592 20.947924833572408, -157.77105008108987 21.152829588311295, -157.5023229695047 21.128679828293482, -157.39422813122943 20.899442011528194, -157.12547012527222 20.87453073094006, -157.01772644482568 20.644584548877553, -157.17855817996093 20.43976991463421, -157.07098375766964 20.209353355405774, -156.8027648525796 20.183534468678555, -156.64157708467906 20.388291838083376, -156.37282733455194 20.36189745623896, -156.26581193214918 20.130599354610723, -156.4273410852424 19.925907358278344, -156.32048953070944 19.694174171519023, -156.48164174170515 19.489200420381312, -156.374953765159 19.257056650129716, -156.1073208072478 19.22967199563231, -156.00100421862996 18.99692165783546, -156.16210921112122 18.791776287929547, -156.05595321583118 18.55865854095132, -155.78890799424207 18.53046962505744, -155.62748923519504 18.735522402064746, -155.35998890137031 18.706791291115774, -155.19789808424503 18.911504087266866, -154.929971278952 18.882219300420772, -154.7672237953287 19.08656924772081, -154.87268225188404 19.320301026357814, -154.70956029588518 19.524365273797507, -154.81517157130796 19.757710106524527, -154.65167379150665 19.961462818644947, -154.75743806491235 20.194395906501203, -155.0269548011226 20.223396408066368, -155.13312629670295 20.455719168634165, -155.40275908586565 20.484017790006014, -155.56568151314605 20.280099736606918, -155.8348678112481 20.307800737053935, -155.94166767307604 20.539300054125704, -155.77905534121868 20.743289028357545)), ((172.78458100832762 3.4047349166501832, 172.56627302778236 3.375833396459386, 172.48117073979415 3.200992425177214, 172.6138352466146 3.0555707690269247, 172.52896158456343 2.88191310609912, 172.66103872490112 2.7375325383462648, 172.87771007087235 2.766158272194368, 172.96311664839402 2.939301097141407, 173.18026149651928 2.967938789878083, 173.26642945566573 3.1417390482251264, 173.13492808077444 3.287424488913353, 173.22133605417832 3.4624027328438043, 173.08924871512693 3.6091392634108614, 172.87045626667054 3.580239101534694, 172.78458100832762 3.4047349166501832)), ((-71.35529401159327 41.63117538227366, -71.67541941497457 41.586002225735825, -71.78360619093678 41.36782549231972, -72.10168286374319 41.32154937967949, -72.31417418594337 41.49301815602842, -72.63276631548567 41.44521689067817, -72.84790612897321 41.61602041185724, -73.16695892391716 41.566680062197435, -73.26828840205792 41.34702123944741, -73.58518229230478 41.29663746793039, -73.68401145924518 41.077282646405536, -73.99874140418527 41.025888732420164, -74.09510928355922 40.806868835963975, -74.40767147825358 40.75449786574016, -74.50161701105772 40.53584314350223, -74.81200883572204 40.48252798617446, -74.90357084611585 40.26426800651794, -75.21179081645725 40.21004129128599, -75.30100797962241 39.99220493662627, -75.08419252837945 39.829335859117876, -74.7783248490086 39.88299195834027, -74.6869324569505 40.10008400952371, -74.3789357957322 40.15284514417086, -74.16470519864146 39.9879652871149, -74.25823491895079 39.771638175013734, -74.04615545022969 39.60739836392221, -73.74080399827862 39.65818400040401, -73.64517541239547 39.87372612191424, -73.85698468606358 40.03927102150511, -73.76110412141598 40.255981507016436, -73.45130150682341 40.30634549682209, -73.35303334047714 40.523410185131596, -73.04115286684838 40.57280051748628, -72.83000521639761 40.404638035200016, -72.51854511808735 40.45255618627543, -72.41575351567694 40.669100102278975, -72.10226914972019 40.71599926734616, -71.99701833603088 40.932816829955094, -71.68151768295075 40.978665177281954, -71.57377195480382 41.195725190458525, -71.25626426747043 41.240490773670864, -71.04909406566344 41.06779267205095, -70.7322076001728 41.1110630115428, -70.61988864682178 41.327409272593464, -70.30105813020197 41.36955376380053, -70.09717781095337 41.19499607690762, -69.7790719275493 41.235650980532526, -69.66220639357468 41.45119342926176, -69.86541877647377 41.62704516076671, -69.74794760846562 41.84367452390885, -69.95324957434067 42.0202838734761, -70.27670943021845 41.97895900898893, -70.48481592720958 42.154998661188976, -70.3688050420538 42.37367165422084, -70.57908740529597 42.55042707528091, -70.46250742812786 42.770167758420904, -70.6750091101109 42.947621320212924, -70.55785849348645 43.16841798093965, -70.22603386474151 43.210791408269536, -70.10611078697089 43.43165743100193, -70.32019540971068 43.61112709775833, -70.65490159433601 43.568391898956854, -70.77262420310291 43.346551434658636, -71.10518507845056 43.302547730304646, -71.2201272844209 43.08079793924196, -71.00473394340096 42.904002217174614, -71.11915055960863 42.68331031101233, -71.44676204432994 42.63847940649182, -71.55848333948539 42.41792704359448, -71.34477919442443 42.24313297634095, -71.01991350220446 42.28756388774058, -70.80900570557183 42.1121293062945, -70.92237211895672 41.89358832898495, -71.24453569343147 41.849550738414486, -71.35529401159327 41.63117538227366)), ((-72.64582876846995 11.538522664697156, -72.45593316768144 11.654207336485998, -72.24062280538078 11.550827947316266, -72.21476497498932 11.331609451350971, -71.99952413000405 11.227945206896054, -71.97350764056203 11.007966199935558, -71.7583440056314 10.904034712484599, -71.73216967453257 10.683310714756988, -71.51709094192516 10.579129819069996, -71.32864807176814 10.695811453458733, -71.35503529177977 10.916183817390126, -71.56965353980924 11.020227217169346, -71.59588490458103 11.239863143632324, -71.8105928991929 11.343650708773618, -71.83666756666801 11.562534627780837, -72.05145765958055 11.666048710314985, -72.07737480507146 11.884165407519985, -71.88871760495113 11.998434826104493, -71.91469308030199 12.215443598614321, -71.72654447275899 12.328756472688088, -71.51266071019714 12.22554505114403, -71.48647263170174 12.008870120549687, -71.67437988848135 11.895071688374854, -71.64824802682399 11.677289272068048, -71.43399724037083 11.57364654499954, -71.24633808249213 11.687933032413193, -71.03264528975805 11.584167758310564, -70.84576091050896 11.697984220049767, -70.8723099217125 11.915074099787677, -71.08553783644888 12.018698768144805, -71.11193443530793 12.235031982627772, -70.92530857511521 12.34739208219108, -70.95175831859453 12.562612987779431, -71.164628538827 12.665815824603529, -71.35150961303049 12.553944220374376, -71.5649378906803 12.65700316606769, -71.75257729910604 12.544651622992609, -71.96654520419271 12.647560433711279, -72.15492839481503 12.534730490707316, -72.12911012025022 12.31850991140425, -72.31799816277822 12.204723205585072, -72.29223934643646 11.987388583528857, -72.48163153938286 11.872650162328283, -72.69700372742682 11.975727315717375, -72.88711559220366 11.860522048687153, -73.10297591262852 11.96344717646382, -73.29379176285731 11.847777395673702, -73.26854298424392 11.628707239791947, -73.45985256698309 11.512102078394513, -73.67660613270259 11.615041644711788, -73.86859851859371 11.497980256747567, -74.08579286502481 11.600761505524506, -74.27845145640777 11.483246809109795, -74.25373800153704 11.262482501761276, -74.44687868002102 11.144051190830245, -74.66490096299746 11.246851845558128, -74.85868527425974 11.127976839410575, -75.07709887943903 11.230613533287919, -75.27150934573423 11.111298345507565, -75.24735615139862 10.888885531246645, -75.44223583276153 10.768674971635503, -75.6614087889572 10.871337421810418, -75.85689070118204 10.750697634840465, -75.83306612176952 10.526939003146346, -76.02900956724714 10.405419822044262, -76.00526431394317 10.180587728365536, -76.20166768106608 10.05819833341955, -76.17800280023953 9.832301968201543, -75.95767697826582 9.729052749700545, -75.93383478064362 9.502359002544754, -75.71345825877435 9.398775370670764, -75.51731236398369 9.522076239722656, -75.54140958297354 9.748502786542662, -75.34573309038689 9.870936627338716, -75.36990750966595 10.096305043340191, -75.58950647135909 10.199509790981322, -75.61350625539772 10.424081125743287, -75.41815882385731 10.545178619714534, -75.19895249669868 10.442163271060753, -75.00421927300809 10.562834916758893, -75.0285449600409 10.786059537518117, -74.83428551010813 10.905836940687626, -74.61585770406381 10.802852877251786, -74.59128714320904 10.579909331570487, -74.37285303376824 10.476595360124017, -74.17940149703794 10.596403556902379, -74.20421307740801 10.819056793957795, -74.01124677371222 10.9379568305258, -74.03612819138607 11.159523494893229, -73.84364828610201 11.277507779999645, -73.62647180471122 11.174396102022357, -73.4346694683338 11.291930212393876, -73.21794686684001 11.188671612730726, -73.02683854343005 11.305752579700833, -73.05225055550456 11.525615167954346, -72.86164002080481 11.641761364589902, -72.64582876846995 11.538522664697156)), ((-80.31551350268474 23.34826342020159, -80.52318725576306 23.242987419503724, -80.71264494386536 23.36981481181214, -80.69409286276444 23.602553372401314, -80.8848212901178 23.729946570338537, -81.09443255487415 23.623964344677574, -81.11228419930484 23.39048374517156, -81.32176324392873 23.283578811477522, -81.51441584599515 23.41025018845637, -81.7247774835492 23.302521062842253, -81.91902328586454 23.429094098149346, -82.13025339327237 23.32053448764491, -82.32608872824045 23.446995436050887, -82.53817261151615 23.337599202925933, -82.73559317319405 23.463934186858303, -82.94851556409655 23.353695358632095, -82.9629972459411 23.117065098557685, -83.17572697438035 23.0059310397747, -83.37498765650386 23.131474169845472, -83.5885261376955 23.019495872181636, -83.78934855994865 23.14488378250601, -84.00367920315877 23.032055948111243, -84.0161796725201 22.793814718546955, -84.23028331196015 22.680116479905394, -84.43288589293094 22.804675480171234, -84.64775033971955 22.690127726473246, -84.65901557175708 22.451016921504998, -84.87363259947543 22.335620779680582, -84.88444201380193 22.096338231544475, -85.0988054814766 21.980110951449372, -85.10916154800313 21.74067923902863, -84.90593547927485 21.618131407920995, -84.69255016634393 21.734340046303235, -84.49082589017488 21.611620374366396, -84.27817686434965 21.727000631896736, -84.077962188262 21.604122408035916, -83.86606665104475 21.718678313125015, -83.66736872107431 21.59565474873267, -83.4562433265164 21.709390541833915, -83.25906863655595 21.5862347619572, -83.2727739811193 21.350021385935413, -83.07687330927956 21.22742339922634, -82.86751979025863 21.340361894260298, -82.6731414627417 21.21765639849758, -82.46459167935045 21.32979322978875, -82.27174059322964 21.20699287373595, -82.064009187701 21.31833273965662, -81.87268963110296 21.195450059415244, -81.6657907106466 21.30599782874959, -81.64922369665973 21.53938224932565, -81.44217972047858 21.64908784577968, -81.25269652896704 21.52546426569304, -81.04651118244131 21.634379116070708, -81.02881431231846 21.866851239797022, -80.82250277274765 21.9749054971267, -80.63488848995503 21.850563164892602, -80.4294608363007 21.95782904602133, -80.24340826157786 21.83344541323369, -80.26245042368708 21.60245651316524, -80.07762063009855 21.478702499684633, -79.87408624434786 21.585278428489637, -79.69081055512832 21.461505148243905, -79.71072414246017 21.231818185170926, -79.5286511613371 21.108697649341664, -79.54877446505117 20.879577527036993, -79.36789317954006 20.757122677950896, -79.16723968669784 20.863123562453556, -78.98789465619058 20.74067924114845, -79.00884498088678 20.51290126298959, -78.83067150357253 20.39114362700293, -78.63190937882507 20.49649845421339, -78.45526237084918 20.37477068969538, -78.25742355160108 20.479393186689258, -78.08230197547798 20.357705977564652, -77.88539537764684 20.4616018652532, -77.71179773293281 20.339965728985156, -77.73472182705865 20.11509602417506, -77.93066259053998 20.011088291700585, -77.95317581651591 19.786056904053055, -77.78032695361924 19.665808370860017, -77.58534540952013 19.769924367087402, -77.41400095802545 19.649741338300707, -77.21995540638082 19.75315128484236, -77.05011310165042 19.633043571253275, -76.8570110253101 19.735753055733074, -76.68866818633725 19.615730299242838, -76.49651662986692 19.717744978532277, -76.32967017196275 19.597816649716783, -76.13847574904214 19.699142243733608, -75.97312219650911 19.57931763966957, -75.78289109751726 19.679959925356922, -75.61902659629044 19.560248167703, -75.42976459605904 19.66021297319063, -75.2173877360432 19.566486242621256, -75.02870158562273 19.66590582971283, -75.05225443917574 19.858643809325752, -74.86401263859514 19.95710856580652, -74.65236486426335 19.86324355702468, -74.46472048868468 19.961160593015773, -74.25345068567219 19.86694323810171, -74.06641953036362 19.964312839119714, -74.09049488493221 20.1554887035197, -73.90391960269469 20.25189903454653, -73.92805983047298 20.441905739838536, -74.08613893298303 20.56311364029157, -74.27326670863015 20.467003047405207, -74.43283747428664 20.588361170620843, -74.40482803564983 20.80644984379402, -74.56544659616665 20.928572067772134, -74.75452672791701 20.83198395982953, -74.91665368662613 20.95424233217552, -75.10673910290399 20.856976026784103, -75.27037971342943 20.979361329146546, -75.24349337256248 21.199636697364415, -75.40821450872878 21.32276591281732, -75.60026266974715 21.22499426715575, -75.76651331469098 21.348234903008823, -75.9595601878498 21.24976528817553, -76.12734477305384 21.373107473810048, -76.10165357532425 21.595546385272904, -76.27055139703279 21.719609730175243, -76.46556787042579 21.62060529667862, -76.63601445702689 21.744753203138497, -76.83202040445649 21.64503044880896, -77.00401926684938 21.76925238568191, -76.97959773899609 21.993827035030503, -77.15274238123504 22.118744711901037, -77.35072088255835 22.018456010864366, -77.52543142773307 22.14342921565732, -77.50175735477441 22.36932030903834, -77.67763548308466 22.494969452877303, -77.87759127285636 22.394096539032144, -78.05504819952158 22.519781642550413, -78.03215230550363 22.746967821429827, -78.21079862309152 22.87330773288662, -78.41273489824567 22.77183152298325, -78.59297210748238 22.898186744951428, -78.79587244131868 22.795941998255973, -78.97770170156089 22.922300383970192, -79.18155613995019 22.81928014308683, -79.36497809421779 22.945629363064377, -79.56977615918123 22.84182675904465, -79.75479091988491 22.968154305856444, -79.73464870303674 23.198919373130735, -79.52882999071169 23.302593233039172, -79.50824227877347 23.53306637345422, -79.69413799496196 23.660626680404192, -79.9009839988738 23.557084122835107, -79.92090414206406 23.3258495740364, -80.12765631666416 23.22137805241354, -80.31551350268474 23.34826342020159), (-79.32701386578856 21.21460351521187, -79.3064620966499 21.443532277632833, -79.1047523509962 21.54857796570822, -78.92458609095627 21.424801541059185, -78.94576562119444 21.19663658179551, -79.14648635894451 21.091484694537513, -79.32701386578856 21.21460351521187)), ((167.89028045477664 11.621467358608845, 167.65191727233764 11.585809151677278, 167.49614313556975 11.754324394573821, 167.25767077261742 11.718262768756443, 167.17590766977872 11.513989238682653, 166.93827692526253 11.477832138513744, 166.78148493503676 11.645635851343197, 166.54378706581508 11.609075274513817, 166.46380235682665 11.405035308256195, 166.22697389705706 11.368400295306222, 166.14795173437346 11.165078347204972, 166.30493732028629 10.998842491364304, 166.54085833707302 11.035146538987783, 166.69698979770413 10.86897593253174, 166.93285850115524 10.904894964437016, 167.01350377248895 11.107301841276504, 167.250212986284 11.143148483585572, 167.40535822970946 10.976280068117818, 167.6419739759703 11.011741628736761, 167.7243660071698 11.214368347605545, 167.96179430580378 11.249737062142536, 168.0451431118562 11.453041107042003, 167.89028045477664 11.621467358608845)), ((139.5971550596562 9.860222474998475, 139.55231576219091 9.608509204649872, 139.75190674541489 9.44384657534396, 139.99630326393503 9.530896064300707, 140.04127286580695 9.782553976234567, 140.28573411326033 9.86924104726047, 140.48504883807766 9.70433296722889, 140.7293801184536 9.790710836330188, 140.7745775108922 10.041920724242772, 140.57532387290678 10.206830869964667, 140.33081035004926 10.1205278930244, 140.13129994619368 10.2851912997497, 139.88666648077196 10.198568234491612, 139.6869229454362 10.362970179865387, 139.44219886198334 10.276026863939883, 139.3973818114987 10.024629643147916, 139.5971550596562 9.860222474998475)), ((-157.30040695129279 1.4438142845851767, -157.05238289222808 1.4106015198002892, -156.90356301374504 1.604955527575803, -157.00307698134222 1.8328596230607495, -157.25157019542033 1.865985977499271, -157.35138697679685 2.0940951277689566, -157.59986156979923 2.1270831751218884, -157.74804507779123 1.9320610801897924, -157.6480805759471 1.704381671556002, -157.4000776451293 1.6712945018182062, -157.30040695129279 1.4438142845851767)), ((180 -16.1106617, 179.80479832368934 -16.056372927884233, 179.62897298776466 -16.217003443410608, 179.4150280344022 -16.156777611598145, 179.23933550540278 -16.3167090476697, 179.02649946072984 -16.256056487520492, 178.8509559431734 -16.415281509356348, 178.6392422367117 -16.35420692761544, 178.46386373437758 -16.512718529626902, 178.4995169822663 -16.732828611307575, 178.7115147705345 -16.794727570002106, 178.74790554359373 -17.015761735401277, 178.96133154429538 -17.078057301355443, 179.13807342138227 -16.91849398634398, 179.35263271769924 -16.980353665428837, 179.5295208421561 -16.820062058483504, 179.7451996033883 -16.881480810846025, 179.78430657089962 -17.10400618967591, 180 -17.1653881, 180 -16.1106617)), ((-180 -17.1653881, -179.9985810569621 -17.165790994415918, -179.82090387111555 -17.004236803498763, -179.8609986810388 -16.781441068664392, -179.6838680127755 -16.619714793954174, -179.72417298538275 -16.397565545316777, -179.94062632349906 -16.33740125875787, -179.98016169933132 -16.11616749917624, -180 -16.1106617, -180 -17.1653881)), ((106.41168295379833 2.770302579167011, 106.43795799930734 3.019390461983266, 106.66488088075283 3.1256661964564247, 106.69133648307331 3.374896697730691, 106.49061602190773 3.5182343455661065, 106.26322673784591 3.411967962440457, 106.0617576708442 3.555451045269308, 105.8338871436406 3.448952006166941, 105.80794471354238 3.198970468199197, 105.5800659957016 3.092250347028831, 105.55430823300458 2.842427289323716, 105.75616718996258 2.6996844935586757, 105.98359419716894 2.8063941170877342, 106.18473064750759 2.663804700470543, 106.41168295379833 2.770302579167011)), ((146.0785790131497 17.535094759832308, 146.12538190642113 17.771872270613677, 145.92859265708853 17.934796811375207, 145.97540413744395 18.170872657747594, 145.7783189918017 18.333347665726905, 145.53417610980944 18.259840815816304, 145.48741960395785 18.023603183476204, 145.68474953506677 17.861032965358245, 145.63799953913724 17.624086251977044, 145.83503830175107 17.461071380683112, 145.78829551785418 17.223435511828068, 145.98504115413357 17.059998532448393, 146.2282768334643 17.134283885413904, 146.2750704469414 17.37174305310662, 146.0785790131497 17.535094759832308)), ((138.13013000838964 9.333763012466944, 138.37454838356837 9.422014890273003, 138.41899123746487 9.67411865930536, 138.21886679732341 9.837975834540178, 137.9743204722726 9.749733398376469, 137.93002788818677 9.497625530589024, 138.13013000838964 9.333763012466944)), ((108.9429061586626 12.006992402196927, 109.14432116124323 11.855969930723798, 109.1157203026857 11.60650835772572, 108.8859432285139 11.507633451403048, 108.85751942874322 11.257786037050094, 109.05863394221797 11.107254892650909, 109.28787001983699 11.20631506916566, 109.31653127733875 11.455720444485351, 109.54563262802066 11.554143097546024, 109.57446840807103 11.803157289001296, 109.37396922781613 11.95419686719614, 109.40274604693172 12.203248841469827, 109.63225572203106 12.300809339374899, 109.66120738146213 12.549428256921237, 109.89056929406951 12.646304235472734, 109.9196946518208 12.894466950787464, 109.71922701969908 13.046204757943755, 109.74829512456125 13.294343596536903, 109.54721111233198 13.446267534860493, 109.57622076375401 13.69435727771016, 109.37452071079116 13.846442763553464, 109.40347069855216 14.094458174562792, 109.20115499615105 14.246680474706368, 109.2300441003963 14.494596317971416, 109.46148807643903 14.58985759097597, 109.49055559555035 14.837223266212012, 109.28793995959387 14.98975379572879, 109.3169468447274 15.23697720637618, 109.54880861727594 15.331241098527768, 109.5779942494384 15.577875231957782, 109.37507885223977 15.730668207670497, 109.14265707450613 15.636643001171114, 108.93880361415859 15.789306818806553, 108.70569747368353 15.694733011178794, 108.5009241514457 15.84725283338022, 108.52955733184262 16.094518656224224, 108.32417112201216 16.247049973902314, 108.35273717659805 16.494090657827577, 108.14673879793804 16.646608196961914, 107.91188961080286 16.551921451412152, 107.7050013343013 16.704244757364094, 107.73323940260798 16.95140903959043, 107.52574554827783 17.103675423660103, 107.28974781883471 17.008624215156193, 107.08139001859371 17.160663398993492, 107.10928795130718 17.4078976898459, 106.9003317864088 17.559836558448197, 106.92815314987604 17.80675511383232, 106.71859979210177 17.958568226265772, 106.74634326200015 18.205146502925988, 106.53619394484832 18.356808463679595, 106.29806571151869 18.261763776196297, 106.2706007459741 18.01486180991338, 106.48098418730206 17.863327152693813, 106.45343852911117 17.616076675563786, 106.66323144742125 17.464398150884083, 106.63560642955247 17.21682373944213, 106.84480751211123 17.065026838672555, 106.81710445928968 16.817153245187892, 107.02571245538525 16.665263498931843, 107.2617746326336 16.761098900495032, 107.46953295742804 16.60898487019355, 107.44148582485013 16.36119339518951, 107.64864362367342 16.209029997371278, 107.88358036882119 16.30449909666251, 108.08986215482014 16.152144264868273, 108.06148302712188 15.90448877546351, 108.26715746835777 15.752127795261288, 108.23870973381713 15.504264219819074, 108.44377603369594 15.351922432446568, 108.67699843484576 15.44726702500806, 108.88115820720662 15.294783925324861, 108.85239456789361 15.047142837943694, 109.05594018381112 14.894721623441963, 109.02711319253109 14.646930566325146, 108.79498508693598 14.551146751236308, 108.76633911333306 14.302810059314096, 108.96957677501445 14.150677272954672, 108.94086721799624 13.902233452813139, 109.14349411363753 13.75022051227677, 109.11472220576661 13.501694907406835, 109.3167378158746 13.349826711331536, 109.2879047802972 13.10124467198124, 109.48930863855219 12.94954597902907, 109.46041568895464 12.700932844790575, 109.23035521255429 12.603579376580452, 109.20163855253111 12.354514957899985, 108.97144541690443 12.256484771946301, 108.9429061586626 12.006992402196927)), ((-69.91308724382313 19.66042970851235, -69.93934820974545 19.850232807334617, -70.14525731065642 19.947906369988278, -70.32535663768493 19.85595763761909, -70.531838730778 19.9533507425605, -70.55777244065527 20.142507134246035, -70.7643685411337 20.239425837985305, -70.94547277303265 20.14737392190375, -71.15261464520219 20.243995557549024, -71.33445076456546 20.15140398423983, -71.54212175681853 20.24772165104404, -71.7246767110026 20.154588640853543, -71.69932908298578 19.96471192172074, -71.88236652006356 19.87061109348257, -72.09097549103399 19.96681292939303, -72.27471438248017 19.872170035443602, -72.48381220524254 19.968057149876874, -72.50875039152572 20.158388236670937, -72.71790569179117 20.253753547700047, -72.90253548664192 20.15898706541931, -73.11215018929076 20.25402178616284, -73.29744328028492 20.15870828656486, -73.27292926955943 19.967944013787992, -73.45868781142343 19.871667707815835, -73.66914442710375 19.966571734039857, -73.85554686855885 19.8697491019573, -73.83131426182831 19.677606621440823, -73.62045882684657 19.58249522834183, -73.59606960168384 19.389392478382256, -73.38523855685641 19.29374468461627, -73.19920130289877 19.39140624075669, -72.98881025823921 19.295436748669076, -72.96404895935248 19.101603803203037, -73.1498938822504 19.003515718261166, -73.36069336401229 19.09968835812246, -73.54719805011814 19.00106090943037, -73.52271562299805 18.805833471766025, -73.7096868165312 18.706240172079593, -73.9213195245249 18.80230162040853, -74.10893051837753 18.70217080829979, -74.32097077645416 18.797910890950682, -74.50920598820196 18.697242475392372, -74.48523821217938 18.500409882989523, -74.67392886116141 18.398781171655095, -74.886741073162 18.494409152810285, -75.07603472893635 18.392245821331304, -75.05236831683739 18.19403123468156, -74.83917455940586 18.09818673715703, -74.65002965585504 18.20077466846103, -74.43720965659698 18.104609910850314, -74.24867859648067 18.2066658609498, -74.03625202307181 18.110186762797724, -74.01196352974388 17.911442680791108, -73.79954885666294 17.814448583938056, -73.61182452863774 17.91640654993478, -73.39983495221804 17.81911389531029, -73.21276655856936 17.920542117032575, -73.00122109563667 17.82295712581493, -72.8148238006802 17.923855659412535, -72.60374117660373 17.82598466090895, -72.41802981503656 17.92635373538603, -72.44319203409694 18.124150440414393, -72.2579629316403 18.223545724049792, -72.04778882497781 18.125587827619057, -72.02241752753282 17.92804317557473, -71.81231555202648 17.829619558152256, -71.78679360826656 17.63116749347556, -71.97157993606432 17.53087836618707, -71.94611354346453 17.331260772308724, -71.73565442567067 17.232198155651574, -71.55109910801029 17.332940705366756, -71.34116287498765 17.233625275909514, -71.15734181320603 17.333844462105674, -71.18321519649494 17.532921933796747, -70.99989143718192 17.632159903113646, -71.02581639256682 17.830075032968963, -70.84299034817892 17.928331885345415, -70.86896597044084 18.125084971976033, -70.68663801772966 18.222361101132552, -70.47859036648599 18.12333788767608, -70.29702091010529 18.220086871201957, -70.0895472878002 18.12081442844203, -69.90874890815634 18.217037622674606, -69.70186561086294 18.117522941965607, -69.52185053194184 18.2132218453341, -69.3155735118525 18.113471984514728, -69.13635359907869 18.20864823318125, -68.93069846008919 18.10867031130355, -68.90379322973618 17.913350203451806, -68.69829960843893 17.81298742386131, -68.5201878282762 17.908109740370403, -68.54726721227925 18.103126866826972, -68.36967178542874 18.197263243477266, -68.39678925022122 18.39113250998599, -68.21971002865277 18.48428470815731, -68.24686473937427 18.677007447178262, -68.4509293487333 18.77687679074697, -68.47795206881747 18.968749692318386, -68.68218941825523 19.068224273148726, -68.70907922132014 19.25923875256767, -68.91348271118564 19.358305543277336, -68.94023868340268 19.548453332916594, -69.144801694998 19.64709954399903, -69.323073591829 19.555770951577628, -69.5282514931225 19.65416076956361, -69.7073098123672 19.56230349079969, -69.91308724382313 19.66042970851235), (-71.18070044721355 19.003161145381608, -71.38906025157473 19.100829582155704, -71.41464885190967 19.293712836072288, -71.23207601772782 19.388677647993624, -71.02415522422635 19.291197161584805, -70.99836921671897 19.098565073472336, -70.79054979584045 19.00061754191066, -70.60896192718752 19.095488289228665, -70.40169962834827 18.997268562813698, -70.37557737409082 18.80399689460857, -70.5569081537708 18.708679896684647, -70.7646192499288 18.807081945703583, -70.94670270173177 18.711234236802763, -71.15496544691159 18.809367052482052, -71.18070044721355 19.003161145381608)), ((-62.02461658675506 17.81955250545563, -62.198208183853566 17.668849095266356, -62.16701585723682 17.46805259222671, -61.961955503863095 17.417714636206842, -61.93057430619508 17.215794223448704, -62.104530098920435 17.06446243024672, -62.30931528746525 17.115336519982456, -62.340419714681815 17.317005121627172, -62.54446123312039 17.367041342544074, -62.575376785472855 17.567587739571938, -62.77867207483101 17.616787043173993, -62.809398975010936 17.816210596882055, -62.637107435538326 17.966684306188032, -62.667922606244815 18.16523112528719, -62.870752729583245 18.213058941592703, -62.901379657398834 18.41048060434645, -63.103461443470565 18.457474574436795, -63.27463008007524 18.307581169243793, -63.47567254854593 18.35427810274243, -63.646073873601466 18.204337520957278, -63.61600034781003 18.007410818164693, -63.41524861818712 17.960173093134316, -63.384987097354085 17.76212525931569, -63.55575443313229 17.61157263572226, -63.52558196923101 17.41266431758295, -63.32436475778354 17.364046816945994, -63.29400386438441 17.1640195891452, -63.09203048888676 17.114567344276153, -62.92013042292572 17.265690560069572, -62.717118045102154 17.21594956850266, -62.68629084211216 17.014539238663318, -62.48252949128292 16.96396128209653, -62.45151322879801 16.76143143998622, -62.24700539583975 16.710015698452967, -62.21579985889744 16.506367534738807, -62.01054815832242 16.454113471204952, -61.979153153198865 16.24934850726769, -62.153287421431145 16.097106451864875, -62.12198044838371 15.891498079622233, -61.91626138946799 15.837859119469863, -61.884764558841425 15.631139489491943, -61.67830425314935 15.576662592946622, -61.646617401142336 15.36883416343436, -61.4394187723515 15.313519838588283, -61.40754175740241 15.104585427058703, -61.58314124036082 14.951247079578861, -61.55135186013683 14.741493986619368, -61.343684900125 14.684794033982502, -61.311704986916794 14.473942876402146, -61.10330277799703 14.416408596137902, -61.07113222174195 14.204463200260301, -61.2476420142316 14.050344861508867, -61.21555888393182 13.837604360098787, -61.006687603899664 13.778686209018506, -60.97441347209937 13.564861242352022, -60.764810292493806 13.505113943972095, -60.58722179223126 13.659742331221832, -60.61977387143327 13.87386317101469, -60.82963671994111 13.933060818704323, -60.86199800606728 14.146096239976282, -60.68477400661126 14.300222388977177, -60.71722213159464 14.512454131174339, -60.539827109212894 14.666313270334182, -60.57236175365048 14.877727551595234, -60.78201466898362 14.935005971901727, -60.814359150487476 15.145319976419723, -61.02328655349058 15.201763241879805, -61.05544093027706 15.4109732957759, -60.87894471196759 15.564009587960248, -60.91118586112728 15.772379634173644, -61.11964663017109 15.827447282490088, -61.15169802308739 16.034705916323354, -60.97556506934579 16.187156962657816, -61.007703197667695 16.393559207447602, -61.21569806946536 16.44725386595739, -61.24764679280253 16.652538399032924, -61.45491260540638 16.70539369001476, -61.62996330446083 16.55349857813132, -61.83622765892807 16.606050134597062, -61.86771041950354 16.80995994981506, -61.69320564482251 16.96157430419013, -61.486672023567905 16.909558451352787, -61.31144181454012 17.06111725954121, -61.34328818287739 17.26440730923619, -61.550088797213476 17.31589294339274, -61.58174622320715 17.518058639030063, -61.406878809402684 17.668978572884967, -61.43862313758365 17.870256001953265, -61.64495932986648 17.920377451813504, -61.8192832743249 17.76974505543394, -62.02461658675506 17.81955250545563)), ((-80.40163920842876 14.274567118082322, -80.18262617933114 14.178343153996632, -79.98446958817924 14.295937817869259, -80.00532785305731 14.509342737608076, -80.22406190606628 14.605293076297889, -80.42221594716283 14.48811057467385, -80.40163920842876 14.274567118082322)), ((176.13978478609602 -1.5249460772827876, 176.22743886883455 -1.366811198387688, 176.137154641233 -1.1777078419702183, 175.95957033889079 -1.147426739807024, 175.87256292632742 -1.305658247003948, 175.96249298638674 -1.4940758353915782, 176.13978478609602 -1.5249460772827876)), ((155.51649171023854 7.226332216723033, 155.56246912073016 7.4664050956982315, 155.78586399966304 7.5418965381897625, 155.8318205117357 7.781379085850266, 155.6544511039096 7.945879820521327, 155.4306157276675 7.87081632993872, 155.2523462333179 8.035566909650102, 155.02755135578934 7.960245680594589, 154.9814635054708 7.719753814998211, 155.1602328911872 7.555082828329354, 155.11419063171405 7.314503091694499, 155.29257057445056 7.150171527690669, 155.51649171023854 7.226332216723033)), ((109.1483126064179 2.411669724185348, 109.37130764054984 2.5166063615571863, 109.39924878877804 2.762727643044137, 109.20397215176177 2.904372607164998, 108.98046313440767 2.7994951408063424, 108.78432732505024 2.9413572264083596, 108.56019477156553 2.8362403849852784, 108.53270627219217 2.589211350077097, 108.72912043507131 2.447746548588541, 108.95274594030354 2.5529141728636424, 109.1483126064179 2.411669724185348)), ((100.87500507535145 6.9377615182950425, 100.85209414931995 6.682420473996332, 101.06262688019478 6.536085927592778, 101.29603052634667 6.6448231457360984, 101.50606116268796 6.498423841725138, 101.73925906033878 6.606885568324769, 101.76278882195089 6.861800553968443, 101.55281415085096 7.00847561745622, 101.31925277275525 6.899958714832935, 101.10876100922076 7.046563785317023, 100.87500507535145 6.9377615182950425)), ((-102.8922587619652 18.22271387896714, -103.13603051831323 18.326236027843358, -103.1616320310039 18.578975468079786, -103.406465783991 18.682444673436773, -103.43268396414712 18.935575838448436, -103.67857722515072 19.038966527189945, -103.89775572668304 18.888730351785654, -104.14419736439137 18.9915325525908, -104.1719679799184 19.245053064695895, -104.4194505940216 19.347734594171637, -104.63863676797223 19.19642007857085, -104.88661932564203 19.298491206105364, -104.91595227261115 19.55233848531988, -105.16495580203973 19.65424662428484, -105.19493021971144 19.908387690041582, -105.44495066413559 20.010106552660226, -105.47557225600144 20.264514134791483, -105.2552380884238 20.417226572223928, -105.28557294215584 20.67190427743585, -105.06438105484038 20.824434696700177, -105.09442446832534 21.07935556357977, -104.87237345003605 21.23167608953554, -104.9021206710637 21.486813019803577, -105.15487458824224 21.58961778354507, -105.1852827280591 21.844938685121058, -105.43908494369971 21.947469520925086, -105.47015997144773 22.202946302904838, -105.24646879239262 22.35590870370565, -105.27724818372944 22.611537188164217, -105.53268856199885 22.714181198982477, -105.56414362740878 22.969918594380776, -105.82063690106 23.072223460665672, -106.04506536345251 22.918385441534408, -106.30198414362205 23.01993114201044, -106.33509536060419 23.275705428811442, -106.59304254821589 23.376868072466024, -106.62684422446146 23.632684381648883, -106.8858140811118 23.733436567328678, -107.11032701178897 23.57800092091119, -107.07555380517641 23.322256381634446, -106.81723751792752 23.221873729964308, -106.78315724401139 22.96616140516104, -106.52584945598086 22.865379467403407, -106.49245642936229 22.60972804476713, -106.23616299507177 22.50857410734105, -106.20345148875336 22.25301217212606, -105.94817795437886 22.151513487833313, -105.91614220305145 21.896069503141874, -105.66189381133515 21.794253270309305, -105.6305280145954 21.53895555759819, -105.37730970981843 21.43684889944936, -105.34660803531625 21.181725619289246, -105.56817326208281 21.02873890270575, -105.82080445326203 21.130422195902824, -105.8524562045963 21.3855135669857, -106.10610391845793 21.486917114876952, -106.13842271999889 21.742173338413657, -106.39308189181074 21.84327015779594, -106.42607343437807 22.09866301108926, -106.68173870367491 22.199426037023674, -106.90377999916909 22.044404208113313, -106.86983799102308 21.789080789406775, -107.09097062449408 21.6338662818058, -107.05676133034409 21.37874782806106, -106.80236033200727 21.27876389921559, -106.58153681320515 21.433511321955457, -106.32749482560206 21.332815485600445, -106.29489776319615 21.0777742645094, -106.0418536769076 20.97678252740929, -106.00992073246732 20.721924656721413, -106.2300927762422 20.56811530502782, -106.19788334740718 20.313517960921228, -105.94643547761567 20.212678725972662, -105.91488169650641 19.95831093437939, -105.66442860052148 19.85723989166592, -105.6335249226092 19.603129238487572, -105.38407132707422 19.501852827618436, -105.3538121777434 19.248026668222934, -105.10536253296345 19.14657117527716, -105.07574231036607 18.89305661685431, -104.82830079501316 18.791448155573995, -104.60993956517635 18.942893600713457, -104.36298176707967 18.84068558727029, -104.33491456163594 18.587506653208035, -104.08898504689049 18.485187653248097, -103.87061155757094 18.63556640557115, -103.62521402949754 18.53266939788469, -103.5986904305876 18.279888358306813, -103.35433988964199 18.17692217507862, -103.32843097379099 17.924550071481285, -103.08513004681409 17.821540094026997, -102.86726792668506 17.970392067379237, -102.62456040876424 17.86684228635938, -102.60017425641692 17.614963674580764, -102.35853297709986 17.511411294994453, -102.1408362285351 17.659208631459844, -101.89983280264373 17.55513889448541, -101.87695678037423 17.30381332968612, -101.63703478093359 17.19978177978183, -101.41957552723052 17.346528899628595, -101.18033423795167 17.242002734760007, -101.15895443460896 16.991288566608418, -100.92080833208071 16.886840876035834, -100.70365690560097 17.032543212898737, -100.46623274068305 16.927623868781755, -100.44633403206342 16.67757814569453, -100.21001740037002 16.572776980153453, -99.99324225250989 16.71744091248185, -99.75768712190833 16.6121911980727, -99.73925323715504 16.36286957802864, -99.50481659036461 16.2577770832158, -99.2884842111319 16.40140986494974, -99.05484693710821 16.295891995393692, -98.83843192620637 16.438915697470332, -98.60562051972452 16.33298015154726, -98.5895261599604 16.084636006585622, -98.35785247778516 15.978911455959917, -98.14198710869306 16.120912171411344, -98.15719058564409 16.36904088605614, -98.3891500711074 16.475386195767857, -98.40489108199044 16.724131211837896, -98.63799908422826 16.830680716026553, -98.85506967717338 16.687869357066294, -99.08902006494023 16.793993468216648, -99.30601969756351 16.650555765317552, -99.54078594042691 16.75624653852749, -99.55887681040024 17.005972165562948, -99.79477274057481 17.11181283079643, -100.01223697216894 16.9673349765395, -100.2489109479936 17.072718727979627, -100.26847277644508 17.32316179714955, -100.50626575797159 17.428656029204795, -100.72412792230372 17.283130337899028, -100.96265941620334 17.388144151361015, -100.98370896696142 17.639248665687074, -101.22334737395897 17.744332886991966, -101.44153879305733 17.597752551057432, -101.68187448177258 17.70233299514823, -101.70442737373195 17.954041569185705, -101.9458564525333 18.058651768407486, -102.16430651591541 17.911010929272983, -102.40638998180141 18.015094215943176, -102.43046062086867 18.26734816585735, -102.67362250824357 18.371420060685264, -102.8922587619652 18.22271387896714)), ((128.289374376331 1.6193251419190957, 128.0949215661036 1.780574432510588, 128.13408115522077 2.030647333310239, 128.3679402242626 2.119741156035233, 128.56273848868324 1.9584356709834991, 128.7972132320915 2.047519264694534, 128.83679509738522 2.2982228002972436, 128.64165915075114 2.459580405518091, 128.68117442330822 2.710363355616833, 128.4860641286093 2.8714773664453657, 128.25178040100707 2.7817639447721563, 128.21251055774763 2.531251866245343, 127.97875460606093 2.441833543642741, 127.93966397364164 2.1916701844872035, 127.70644442691923 2.1025674882116854, 127.66753396553901 1.852777328524378, 127.4348593070082 1.7640104825281728, 127.39612994307669 1.5146177130490557, 127.16400850921616 1.4262066252099725, 127.12546113544391 1.1772351330796882, 127.31878179328504 1.0163798134176998, 127.2801629725833 0.767553771767409, 127.47353389335723 0.6064976619227089, 127.4348442085626 0.3578428821648019, 127.62826255643165 0.1966110870045913, 127.58950259323365 -0.0518466808249959, 127.35757503270804 -0.1387898749604745, 127.31899550721437 -0.3867491684343481, 127.51209262905866 -0.5480420256105292, 127.74413587844526 -0.4614640799491697, 127.93764057002755 -0.622971702440096, 128.17032925338532 -0.5363369694055719, 128.20940585438683 -0.2878393002658907, 128.0155476364239 -0.1262379570703279, 128.05455598178895 0.1224903412297558, 128.287668504107 0.209875495366778, 128.481872676585 0.0481844638717273, 128.71560204899436 0.1356070857253721, 128.75503138600857 0.3850570612045147, 128.5604889400562 0.5468337497440229, 128.59985175704992 0.7964785271802018, 128.83399922683077 0.8845935979705986, 128.87353775629322 1.134660971372415, 128.6786868291648 1.2963604612365718, 128.71815911099122 1.546578321753189, 128.52333307209562 1.7080935100750467, 128.289374376331 1.6193251419190957)), ((-117.7997820659517 32.975184535269996, -117.51774209832527 32.90105087042796, -117.45876301840197 32.65691745900798, -117.68092554512387 32.48730442177854, -117.62185404947833 32.242798179769295, -117.34151462719936 32.16752209968599, -117.28324271797882 31.922277868950847, -117.00349756914048 31.84589913997643, -116.94602322803435 31.5999403387237, -116.6668891852647 31.52247769275627, -116.6102102333482 31.275828147635615, -116.33170377774834 31.19730083050596, -116.10881405386628 31.36539870438426, -116.1645801327998 31.612408248467514, -116.4441529678594 31.690961453308528, -116.50071878348311 31.93728757725244, -116.7809335884826 32.014764130424645, -116.83830158928453 32.26038282119406, -117.11914181236286 32.33676355247492, -117.17731428860283 32.58165120061235, -116.95373562674946 32.75052619386185, -117.01180426414159 32.99503312235356, -117.29436644947644 33.070293042151135, -117.3532487595405 33.31402973458702, -117.63641658554964 33.38814544988494, -117.69611464213743 33.631089376027525, -117.97987039179853 33.704043398783384, -118.04038609770777 33.94617247140065, -118.32471169293866 34.01794786850725, -118.38604677616748 34.25924045292967, -118.67092378069164 34.32982085501092, -118.89329043734647 34.15915947339577, -119.17751560368828 34.22859251321547, -119.3983335177174 34.05719854496528, -119.68186571099751 34.12549547704183, -119.90111234470616 33.95339392365918, -119.83716618338812 33.713340438888544, -119.55482083717087 33.64496060217384, -119.33523968702717 33.816718452223014, -119.05219352771262 33.74721785597227, -118.83106703017792 33.91826626424624, -118.5473605014824 33.847633648977784, -118.48595051692138 33.605897794609334, -118.7073656027897 33.43520036690729, -118.64588489813036 33.19304434671564, -118.86607547412665 33.02199081229075, -118.8045281400983 32.779437996638734, -118.52365685874781 32.70752846216933, -118.30319107072351 32.87822159944062, -118.36386713364277 33.12118330016087, -118.14218329336305 33.291524433785085, -117.85956971205106 33.21854094243587, -117.7997820659517 32.975184535269996)), ((-172.65473688239203 -13.71920357061575, -172.59749322734106 -13.942111298510616, -172.36486161060708 -13.993121364699011, -172.1900213796565 -13.820556069224438, -172.24822201867386 -13.597646207258986, -172.48030718462428 -13.547301624655859, -172.53763987552324 -13.32525198886931, -172.76845033095864 -13.27510959806757, -172.942461963003 -13.446348878826976, -172.88608241654217 -13.668391060648958, -172.65473688239203 -13.71920357061575)), ((-84.2908862063499 17.355429214504763, -84.30229894074486 17.121554245583255, -84.1095106585975 17.007051851774097, -83.90551556458485 17.125696845516003, -83.89339882563108 17.358925703244246, -83.6892006783684 17.476926012310543, -83.67666595732217 17.710226834373252, -83.8690303596314 17.826181400095628, -84.07414747420877 17.708110593583132, -84.0859789306455 17.47415599463926, -84.2908862063499 17.355429214504763)), ((103.61902731880048 9.90604163702138, 103.82823526518632 9.757277504570188, 104.06236815818164 9.862786624535117, 104.08772015454582 10.117014983777002, 104.32190952911083 10.222080196422882, 104.53030735487289 10.07296978678205, 104.5046676705017 9.819044862290983, 104.71253454179077 9.670100253088068, 104.6868079711785 9.416295568197064, 104.45349852838092 9.311123793188711, 104.4279689331346 9.057147906067515, 104.63546502396252 8.908660544838488, 104.60984851069605 8.654850435425875, 104.81681564496546 8.506587537190699, 105.04923296414461 8.611861488007053, 105.25549647228803 8.463565556026508, 105.48747607604713 8.568477441716588, 105.51364815848103 8.821623973734523, 105.74563104894463 8.92610221132545, 105.7719947076722 9.17908258015826, 105.56610324413839 9.32793151378369, 105.3336565538815 9.223524616337121, 105.30756630885679 8.970198399970863, 105.07512954957804 8.865346827126348, 104.8683298962601 9.013883992612685, 104.89414209850918 9.267542105815325, 105.12703316317237 9.372332146198131, 105.15304032709122 9.6258119671802, 105.38594803559204 9.730146331909344, 105.41214940794123 9.983421713717593, 105.20516570956067 10.132695548894496, 105.2312840646648 10.38607917211663, 105.02375660424218 10.535527724554436, 104.78993546448925 10.431341676596078, 104.58169729501998 10.580697813430143, 104.34746106659719 10.476098916875344, 104.1385341358104 10.625349601750925, 104.16399625984457 10.879435581338274, 103.95454213396931 11.028800855219789, 103.97991357217967 11.282927482478053, 103.76993422215855 11.43238151618038, 103.5344489638066 11.327483073357044, 103.32381901691764 11.476783496041474, 103.34880060579019 11.731197655898738, 103.13765556391076 11.880543152325664, 103.16254135068942 12.13493690604255, 102.95088344005762 12.28430132280146, 102.71423251425011 12.179067331376716, 102.50196408155631 12.328229299267262, 102.52644542027065 12.582819215005635, 102.31367501255517 12.731955920215116, 102.07633776934802 12.626311111725474, 102.0521680567602 12.371492721972619, 102.26502288706689 12.222546405544389, 102.24075103292228 11.967665200293693, 102.45311018059101 11.818701994397529, 102.68965154736827 11.924422425498967, 102.90141558427473 11.775261495881411, 102.87673627997822 11.520588457615352, 103.0879935636305 11.371454803046959, 103.06321720802856 11.116780486244286, 102.82748656267523 11.010986894223304, 102.80291600777537 10.756078734987051, 103.01377343180286 10.607222415044792, 102.98910586999978 10.352359049142335, 103.19945803672675 10.20359057434564, 103.43436365479477 10.309454326568021, 103.64408716023149 10.160558991694426, 103.61902731880048 9.90604163702138)), ((-64.07518810355658 18.492127947474703, -64.10488660410341 18.686813691167856, -64.30335958704774 18.731564943684266, -64.33287109479934 18.925131414631803, -64.5305810148186 18.969058689815252, -64.6984773082773 18.819962319942988, -64.66924198676263 18.626645300419593, -64.83692380367756 18.477231304057717, -65.03325869109027 18.521429325741188, -65.06221789812948 18.71449133646115, -65.25778252741749 18.75786918349264, -65.42407801362236 18.60873775302252, -65.61855921850626 18.651851212038956, -65.78404355717635 18.502720695090996, -65.97743470041323 18.54557657782191, -66.00565714423114 18.73700442445029, -66.19827103577789 18.779047364375696, -66.36234352556043 18.63022354284743, -66.56296705825419 18.73111540414268, -66.73613853679817 18.640998561712685, -66.93747715823969 18.74170076558279, -67.11151094556921 18.651074503451987, -67.31355158249686 18.751579595935052, -67.48843833218716 18.660441258620118, -67.46095475306372 18.468329209623896, -67.63636187237029 18.376208911080145, -67.60891174457464 18.18295592188144, -67.40589307163232 18.082137986590325, -67.37831488638302 17.888061189000158, -67.17549857571207 17.7868991342639, -67.00075363455592 17.87996719255208, -66.79864164575503 17.778623574459804, -66.62476307531554 17.871183613838685, -66.42336867130919 17.76966579357332, -66.250365606679 17.861720249290816, -66.05761060564396 17.81773223505197, -66.02938405000867 17.623536474777822, -65.8358489833412 17.578730302014225, -65.67022333078572 17.728690761194315, -65.69872598688163 17.923168860154238, -65.53287550512123 18.072868422325868, -65.33793257497713 18.028377216263387, -65.17127090653167 18.17809129145314, -64.97524394113735 18.133338542971163, -64.80777823868975 18.28305489884136, -64.61067440699932 18.238033902483163, -64.44241216344658 18.387740189684457, -64.2442390522846 18.34244418950359, -64.07518810355658 18.492127947474703)), ((165.67888557718777 10.52253673665966, 165.60189513521794 10.321876461169326, 165.75826538769354 10.158044921911019, 165.68139766123545 9.958574699208624, 165.83701781898105 9.79559194158873, 166.06943960474257 9.831305682197401, 166.14711340320093 10.030338431887609, 166.38039035569932 10.066029243874683, 166.4589985754825 10.265807049971725, 166.30352968038193 10.430341604851654, 166.06936733492375 10.394320312704323, 165.91306384936036 10.558930614277058, 165.67888557718777 10.52253673665966)), ((-82.50891416584015 42.63979007417118, -82.82131221883054 42.56319924866256, -82.87766813321875 42.334524744387636, -82.62437523885815 42.18283974418473, -82.31414562294107 42.25850448271596, -82.25504899651311 42.48677453639969, -82.50891416584015 42.63979007417118)), ((-122.16478427398033 48.2197916817475, -122.24381155003066 48.421867747116124, -122.56925235082302 48.46238633642243, -122.6493216659151 48.66316073272389, -122.40292698440645 48.82374922282237, -122.48301928147697 49.0235509587414, -122.81053230052483 49.062431772004224, -122.89167777105447 49.2609249914004, -123.21955862964363 49.29823461550498, -123.46457912519907 49.137129675871286, -123.791071381786 49.172954236678024, -124.03369534147127 49.01071640021189, -123.95057312389416 48.81290310016277, -123.62579144693922 48.77698274290029, -123.54369418997932 48.57785621776026, -123.78541407377031 48.41499723110687, -123.7033732074963 48.21490811183433, -123.38057493579306 48.17733021936434, -123.29954890974088 47.9759344453891, -122.97706815273811 47.93680457899046, -122.89705874280766 47.734107037843586, -122.57492698286961 47.693426159821456, -122.49593562995831 47.489432171052165, -122.17418392162593 47.44720182582224, -121.92979964946605 47.60904605766893, -122.00778035436818 47.81337873623524, -122.33116377581865 47.85552998673667, -122.41017544315142 48.058568992491566, -122.16478427398033 48.2197916817475)), ((169.83677534247 8.903871635328155, 169.98357286115595 8.741648867158874, 170.21547423793004 8.774055357078302, 170.30148764600756 8.968899300466699, 170.15491593556862 9.131866941768806, 170.2411449333793 9.327895035248876, 170.47463138925792 9.36041888373147, 170.56176577208169 9.557088369750216, 170.41472801970644 9.721773956641014, 170.18031365873753 9.689040634610027, 170.0323263773912 9.853940892380486, 169.79766563145722 9.820879449603629, 169.71192229455625 9.623139731824619, 169.86013435175062 9.458991683938049, 169.7745998115323 9.262433301842067, 169.9221014702727 9.099244681678226, 169.83677534247 8.903871635328155)), ((158.5861051634194 7.156411785490924, 158.4153140350163 7.318821505529029, 158.19859733937488 7.2454695401840725, 158.02683979488654 7.408213028248315, 157.80906675888343 7.334626361035229, 157.7635129688345 7.097826161384752, 157.93582386758249 6.935174702075454, 157.89032466470712 6.698333724640223, 158.06223055325995 6.536117959731147, 158.27908169510027 6.610642864744319, 158.4500260905839 6.448775233063869, 158.66581555486113 6.523078085090262, 158.71112348336806 6.758774168476292, 158.54074039320824 6.92074373938127, 158.5861051634194 7.156411785490924)), ((-162.20530960244312 6.165922133705313, -162.0617084327271 6.365803479800665, -162.16535001617046 6.594973909935401, -162.4126154329138 6.623770596784787, -162.5557373642198 6.4236811004992855, -162.4520756635547 6.19500281904849, -162.5948732187859 5.995518902078273, -162.49138585530383 5.767168653842468, -162.24511737881423 5.737805986789625, -162.14182171326223 5.50930642317672, -161.89527574733398 5.479583966086296, -161.75153144821206 5.678629967394674, -161.85479869990755 5.907621963788976, -162.10184121122072 5.937075288414848, -162.20530960244312 6.165922133705313)), ((-67.5412262445136 12.080669089698121, -67.72089602450218 11.971653461904134, -67.69284496394032 11.757635002846143, -67.4849542153195 11.653047105124752, -67.30562651798974 11.76257584594873, -67.33384642220477 11.976178619619203, -67.5412262445136 12.080669089698121)), ((-98.69460919565059 24.692614151940454, -98.94342629865642 24.805770827280547, -98.96142083027118 25.060317919844945, -99.21153451403056 25.173311461146863, -99.44329155124812 25.0312339052227, -99.69432724300037 25.143523298277124, -99.71398170891798 25.398401507359072, -99.96630236397586 25.510480944388053, -100.1985724911762 25.367175320787677, -100.17788651004894 25.112104026388057, -99.92596184031564 25.000529512419646, -99.90591808686149 24.74555987988986, -99.65526467840463 24.633784513375158, -99.63585556147724 24.37894428550873, -99.38647288733583 24.266995880870795, -99.15613048667669 24.409366580449667, -98.9076622647538 24.29674086467431, -98.67723579487533 24.438214719188387, -98.69460919565059 24.692614151940454)), ((121.6947577498205 21.843697203607427, 121.7308249937995 22.069978334196367, 121.53921019108367 22.194628549836647, 121.31207909356863 22.093283577742476, 121.12117572965519 22.21713216465556, 121.15684758694914 22.442035365537173, 121.38372652624349 22.543524839196824, 121.57518535471547 22.419966033770933, 121.80307739714362 22.521080178039178, 121.83926262750566 22.745889572640905, 121.64725364249631 22.86915992818127, 121.6833468385089 23.093005304841064, 121.4914924029153 23.215175509166528, 121.52749310142485 23.43804764918156, 121.7556515140891 23.53916598084549, 121.79186306523951 23.761470766359693, 122.02078048178919 23.862302688341813, 122.05720264008602 24.084021661362588, 121.86440477285862 24.204503602707554, 121.90073500062033 24.425221664534348, 122.13016582543139 24.52585539063747, 122.16670692257537 24.745960402158712, 122.39688981523761 24.846260625861067, 122.43364148716785 25.06573492669211, 122.23990830064793 25.184523021003493, 122.2765686513527 25.402971415019024, 122.08298130033018 25.520636547552208, 122.11954984039335 25.738052251567968, 121.92611113901836 25.854591090490793, 121.69665269350901 25.754005427465263, 121.66038864742274 25.536973510276038, 121.4316966743549 25.436035107930856, 121.39564506265793 25.218364745381674, 121.16772520293534 25.117093213882256, 120.97611473648396 25.23339177959272, 120.74923437072289 25.13169949204829, 120.71370294175233 24.913816661560098, 120.48760989420299 24.81182429491805, 120.45229184803179 24.593346381052164, 120.22699114279942 24.491073764155978, 120.19188656277004 24.272018367021726, 119.96738305058415 24.169485423633283, 119.93249198798424 23.94987038457963, 119.70879034745167 23.847097121219004, 119.52026220739299 23.963809347590868, 119.30334536266389 23.90042182068099, 119.26888239335017 23.6802351322587, 119.05149741544403 23.615813597842216, 119.01715389704145 23.394620348797506, 119.20007349369524 23.238361667624147, 119.16572748044581 23.016685161716076, 119.34794200519963 22.860435555583326, 119.57031383455558 22.963480697574443, 119.7586221457924 22.844231246325194, 119.98208104006272 22.946937758648296, 120.17115987655535 22.82688917672002, 120.13619434417842 22.60382847788977, 120.32545162324789 22.482676292448307, 120.29039089977823 22.25866508830631, 120.47982403981865 22.136414257212525, 120.44466853894284 21.91146202628803, 120.63427494655599 21.788117937126636, 120.85960680183734 21.890021971047105, 121.0499495331801 21.76588242566162, 121.27631421335258 21.867437470416203, 121.46737764433612 21.742500736966644, 121.6947577498205 21.843697203607427), (121.13188622738525 24.898801505148192, 121.32366071919314 24.781379015962347, 121.55183477461213 24.882546025066812, 121.74432659666698 24.764298026239263, 121.7080887733216 24.544588652510246, 121.4796637164227 24.44352974551336, 121.44363753493391 24.223216224260646, 121.63573192392694 24.103556388347407, 121.59961282570453 23.882243203635728, 121.37170368421647 23.7810026336118, 121.33579594167387 23.559112511257183, 121.10865606361135 23.45759882411101, 121.07295986930428 23.23515019764279, 121.26409863860948 23.11379113076987, 121.22830900451434 22.890370339284427, 121.00168535845829 22.788740366641374, 120.96610696726314 22.564789861630516, 120.7402587357417 22.462934823794214, 120.5502521162874 22.584887030780912, 120.58552476858861 22.80839642124241, 120.81111014935769 22.910395266605835, 120.84659463601861 23.13338372521267, 120.65618749284582 23.25393395672314, 120.69157764130834 23.475951453233964, 120.50134120817613 23.59539237069041, 120.53663658957663 23.81643041988416, 120.7624757019072 23.918457917897758, 120.79798369033986 24.138936746988286, 121.02460637856778 24.240697466107438, 121.06032685270795 24.460598937883447, 120.8691177739414 24.578320891995496, 120.90474394518782 24.79721658238202, 121.13188622738525 24.898801505148192)), ((169.32882109464714 9.754320598952672, 169.41385034906227 9.952583882166808, 169.2639884060277 10.117870397967923, 169.02889706446012 10.084132896403554, 168.87811067091684 10.249590680600255, 168.64283561518198 10.215505367797192, 168.55927118904583 10.016219141858292, 168.71023977008883 9.851524320335333, 168.9445941466957 9.885354038363506, 169.0946526554202 9.72082703515077, 169.32882109464714 9.754320598952672)), ((103.74423498695006 4.388447302309144, 103.53831843493475 4.533324540703976, 103.3075926759783 4.425618959991279, 103.28319017269337 4.173080224647871, 103.48922707803973 4.028535638787984, 103.71954718603001 4.136198245194131, 103.74423498695006 4.388447302309144)), ((-76.50202896409374 18.461711963081335, -76.6935680449381 18.357416734318182, -76.90798421829669 18.451340343359192, -76.93051517144995 18.6493242011506, -77.1448531260837 18.742653523393173, -77.33699645198317 18.638234975520707, -77.5065155172462 18.756249378507903, -77.69958003786117 18.65114114419418, -77.87057670461891 18.76923131610137, -78.0645547940576 18.663428392435353, -78.23703094367035 18.781584982708573, -78.4319145407883 18.675082452034175, -78.45337984033074 18.45035136784025, -78.64821911558306 18.343080472682665, -78.66928088170883 18.118279282910553, -78.4960841154043 18.001502483441175, -78.30218000860575 18.10883374754475, -78.08673310134614 18.015748293129132, -78.06487655955225 17.81508353464693, -77.84931447588473 17.72139004483952, -77.65593288335347 17.828608105998093, -77.44059173230954 17.734560812401128, -77.41830416997023 17.533053702254094, -77.20286811797507 17.43841846375249, -77.01005769437405 17.54553078977627, -77.032598906747 17.74686259368307, -76.84021056053892 17.853038662043556, -76.62537530628225 17.75829858279728, -76.43351046229968 17.863951085617092, -76.21895977912276 17.768872324116966, -76.02763600571019 17.873999816224742, -76.0507509736544 18.073786413559173, -76.26494546419868 18.16863590482609, -76.28789262995303 18.36743660980073, -76.50202896409374 18.461711963081335)), ((160.11553383766864 6.801452240077594, 159.9486814242938 6.962418843941542, 159.7363022254326 6.889974026978768, 159.69124868648498 6.656062369221616, 159.85868427790035 6.495195860333258, 160.0705910681927 6.568140707504408, 160.11553383766864 6.801452240077594)), ((172.75438532261762 2.10811651685994, 172.67019209459426 1.937994585296994, 172.8005362302021 1.7967310774890983, 172.7165679999427 1.627782179992269, 172.84634397557602 1.487554770103861, 172.76259983716955 1.319775749323718, 172.89181231410345 1.1805825696051084, 172.80829136237605 1.0139700485816168, 172.93694494741396 0.8758089991506925, 172.85364627806246 0.7103593891084229, 172.98174552434477 0.5732281457616228, 173.19286852625265 0.6009315811938866, 173.27666542767003 0.7658934409200194, 173.1488438934723 0.9036402256511558, 173.23286783699803 1.06976097076806, 173.1044926704481 1.208542883262866, 173.18874462359713 1.3758261494169215, 173.40187244446054 1.4038293133763875, 173.48685600563726 1.5717757037503721, 173.35821200345447 1.712222348425976, 173.4434303628617 1.8813339004278153, 173.65779292637347 1.90948943487521, 173.74374921540374 2.0792551889942725, 173.6148437936145 2.221379976479911, 173.39967855035047 2.1931049755160057, 173.31422435466254 2.0228252227360355, 173.09950690840742 1.9945718878065977, 172.96944325919526 2.136472023356466, 172.75438532261762 2.10811651685994)), ((151.87824052062018 7.119024176491687, 151.83192293046727 6.87403149785314, 152.01670781767712 6.708636513948022, 152.24738787331285 6.788141479979157, 152.43138453754437 6.622940723797389, 152.66123895641886 6.7022029505245895, 152.84443297747305 6.537209894843457, 153.07344263655682 6.61623183920764, 153.1196648373559 6.859887568986399, 152.9369153040953 7.024978342425554, 152.70749787918623 6.9463152548841665, 152.52393542328718 7.111611498853212, 152.2936786155816 7.032699499730138, 152.10931738790964 7.1981877003390835, 152.15564294189176 7.442674833630581, 151.97091807894236 7.608426456674103, 152.01727793872368 7.85281773751864, 151.83219039115806 8.01880860560794, 151.6003243365248 7.940330519412951, 151.55394092755535 7.695519010161101, 151.32167433898132 7.61643469971685, 151.27530344366255 7.371103875370836, 151.46121801153242 7.2052730027795535, 151.6930951104934 7.2846906430839375, 151.87824052062018 7.119024176491687)), ((160.56849762938782 6.087610844524411, 160.73352287708838 5.928049147482956, 160.94272160787187 6.0010778127849935, 160.98737008032504 6.233160267396046, 160.82293890815828 6.392833417214935, 160.61326440385324 6.320312972139159, 160.56849762938782 6.087610844524411)), ((145.17437648763098 19.915216652976802, 145.3726255276572 19.7547571508895, 145.32578671374472 19.52167996879781, 145.5237477836714 19.36068464172722, 145.76830867782814 19.432879283598634, 145.81520488286037 19.6658122548474, 145.61748428494252 19.826696058044664, 145.66438765451977 20.05884048765213, 145.4663742557358 20.219184460126666, 145.22122035960547 20.14749825684205, 145.17437648763098 19.915216652976802)), ((174.73750427616028 -0.557565699622263, 174.6146184799136 -0.4246570958266172, 174.4064558823319 -0.4519163468124486, 174.32193821664987 -0.6119847203576084, 174.4451340449782 -0.7443097071317226, 174.65254020371515 -0.717149488749255, 174.73750427616028 -0.557565699622263)), ((126.89178911698826 3.903008763413869, 126.93034168972514 4.152952853939332, 127.1629647231623 4.243710092179033, 127.2017015880042 4.493933840287997, 127.43488968377534 4.584956215805856, 127.4738099658681 4.835434604626434, 127.27928698664243 4.994570818517982, 127.0462228934698 4.903232136411262, 127.00755855910722 4.653074376514848, 126.77506519328296 4.561990625817371, 126.58137002856387 4.720740664327528, 126.34959417554455 4.6295978728777945, 126.31137553514503 4.38004073189379, 126.50467141162375 4.221285779047729, 126.46637808675132 3.971674492602915, 126.65973931011092 3.8125374861532504, 126.62137187026809 3.562897833339756, 126.8147956003906 3.4034029607834126, 127.04697724789065 3.493536036347033, 127.08560257145268 3.743501361883456, 126.89178911698826 3.903008763413869)), ((-79.42865759489024 20.07195194643317, -79.6087062312776 20.1930548370008, -79.80920677579626 20.085397104773918, -79.82868896493885 19.85656667253567, -80.0291039040574 19.748101741772786, -80.2110018834217 19.86852819246201, -80.41228759006927 19.759320595275923, -80.43071034907054 19.529636313719195, -80.24848829050369 19.40989756294158, -80.04816497772514 19.519155117987705, -79.86744206844062 19.39941738816907, -79.66798898221644 19.50794049857515, -79.64829953397573 19.736143485639722, -79.44876610048588 19.84387066460534, -79.42865759489024 20.07195194643317)), ((105.94480979905069 -1.6644066681793608, 106.1432556112635 -1.8006396852797464, 106.11754396130033 -2.0433723211729378, 106.31547191029381 -2.178900443394234, 106.53891085973498 -2.0721286390712024, 106.56487003202119 -1.8297619286215727, 106.36714382428909 -1.6938001175719972, 106.3930321072545 -1.4506624492628788, 106.19478341964594 -1.314000837173192, 105.97044823377348 -1.4209064743980864, 105.77148579057348 -1.2839853075035912, 105.54669927459292 -1.390990108633782, 105.52131496570473 -1.6348407935433213, 105.72046196864625 -1.7713372067984003, 105.94480979905069 -1.6644066681793608)), ((-174.0332460448186 26.07016216175906, -173.90260573306568 25.863239875230267, -173.63672214242487 25.870274400355548, -173.50019858210828 26.083796663752338, -173.6297928736183 26.29114183317326, -173.8969623533129 26.284543353652587, -174.0332460448186 26.07016216175906)), ((-109.60155460700767 23.792504225835756, -109.82275390208791 23.633193797530602, -109.78251683114335 23.37812819569902, -110.00273517952039 23.218651565482297, -110.26336006124824 23.313770249597567, -110.30452671150006 23.568645116107074, -110.56601544849617 23.663219769410944, -110.7855581364814 23.502649704167023, -110.74347059200012 23.247983403185668, -110.48275880311614 23.153676779511553, -110.4413775231028 22.89894558091821, -110.18151583464736 22.80410711080912, -110.14083640817945 22.549339767726963, -109.88183378854478 22.453995708033915, -109.66276339328607 22.613128534949066, -109.70252248972736 22.868085094661154, -109.48248461845738 23.02708722553627, -109.2228790535991 22.9306541703804, -109.00207350988501 23.089027562238634, -109.0406678855554 23.344301734173985, -109.30100710110061 23.441041366903832, -109.34030626685443 23.696279752948328, -109.60155460700767 23.792504225835756)), ((102.99111404684817 5.729325962164331, 103.01543685263255 5.9831294696427815, 102.80754279495756 6.129371545738037, 102.57522741544426 6.021507080489501, 102.36675273880036 6.167736240101642, 102.39068401721318 6.422122643204478, 102.18172852800126 6.5686162265244965, 101.9487638461535 6.460433249383317, 101.92513381806253 6.2058043097913576, 102.13416621296261 6.0595996974135975, 102.11043714087032 5.805282758652391, 102.3189946985957 5.6593505668437, 102.55119946134369 5.767439522726831, 102.75919100020678 5.621499331217644, 102.73506759003044 5.367776220891334, 102.94257372468235 5.222149267883819, 103.17410101520545 5.329936828759357, 103.19851688754744 5.583389273599673, 102.99111404684817 5.729325962164331)), ((125.43482577834112 1.4657209380592264, 125.47233336330737 1.713386759687957, 125.28096320025065 1.8727561632294583, 125.05251567856783 1.7844211033370379, 124.86166655894539 1.9434472481527474, 124.63401768216823 1.855131414167126, 124.5970459969626 1.6081939899268713, 124.37003520662512 1.5203103753330585, 124.33325481759618 1.2738476606716103, 124.10688882631712 1.1864142523763193, 124.07030025806029 0.9404484379640476, 124.25980552996708 0.7815357979170352, 124.48635407289328 0.868547474592624, 124.6764124492347 0.7093046987012003, 124.9037751907365 0.7963614552181061, 124.94090458430969 1.0430742427227606, 125.16889529924504 1.1305812158340653, 125.20621410065138 1.3777817964024588, 125.43482577834112 1.4657209380592264)), ((151.97141387065915 8.750912420540395, 151.73956171998537 8.673409589296435, 151.6931347868176 8.429284870595836, 151.87858404570807 8.263079073929012, 152.1100395477585 8.340935126177339, 152.15644118798684 8.5846431990929, 152.38747622127562 8.661861817409509, 152.43388359605194 8.904986521820907, 152.24928586651083 9.071313404601623, 152.01784993213613 8.994457375762542, 151.97141387065915 8.750912420540395)), ((167.1356378041296 8.150145997393773, 167.28588982698932 7.991083040297905, 167.5146843324207 8.024591526981016, 167.59408720211775 8.21744946503014, 167.443956378783 8.377264635650148, 167.21429828965353 8.343468230987202, 167.1356378041296 8.150145997393773)), ((146.4944709553949 7.8120801921060865, 146.30094320902435 7.978705133265968, 146.06098222975993 7.895561774910395, 145.86691154597236 8.062177645857107, 145.62646811863812 7.9787593259531615, 145.58038948595976 7.728532258980457, 145.7747006747918 7.561977913135956, 145.72862878069623 7.311612757587433, 145.9226559900447 7.145121768594852, 146.16251148508854 7.228927430474184, 146.35600337716403 7.062448478314562, 146.59535990399377 7.146000187180946, 146.6415265959821 7.3958259393007655, 146.4482935753851 7.56237733150415, 146.4944709553949 7.8120801921060865)), ((-169.41149651313145 16.93364169379733, -169.52001514434872 17.15076548711106, -169.76286409000252 17.161442237616942, -169.89667355914315 16.95553452650493, -169.78833636733577 16.738864205601246, -169.9218366976901 16.53312882329218, -169.81370695364728 16.316098274958605, -169.57189338491537 16.304342442234734, -169.4376950135542 16.5101568818794, -169.1946998178077 16.4982047151073, -169.05949780529141 16.70427417469361, -169.1679812079569 16.922219913225163, -169.41149651313145 16.93364169379733)), ((118.83492118452381 5.037726645422619, 118.65344199571445 5.1880387974548965, 118.43950123457091 5.097235086422762, 118.25879363883763 5.247006192466225, 118.04592607391334 5.1562151898755575, 118.01347699626228 4.916130494540193, 118.19359960596836 4.7662782450781105, 118.1610569274884 4.526056440283933, 117.94868725340478 4.436248708024229, 117.91634650886107 4.196468779114507, 117.70476711478688 4.1071824335960345, 117.67262810767517 3.867864542135264, 117.46184196040815 3.779114661130196, 117.42990446983265 3.5402786327012548, 117.21991439492336 3.4520798974706834, 117.18817817605077 3.213745213500859, 117.36613666945163 3.063044335311563, 117.57642625156717 3.150730629495802, 117.60845771601862 3.3896302079313685, 117.8195403066714 3.4778753189196556, 117.8517730751733 3.717273578174044, 118.06364577127897 3.806062980093932, 118.09608004953304 4.0459402307808805, 118.30873980632919 4.135258997431082, 118.489252721333 3.984208181604798, 118.70298062456408 4.073556821789428, 118.73591114932378 4.314440335663381, 118.95041617773063 4.4042955174905085, 118.98354839690427 4.645614212075128, 118.80188139083947 4.796533953498585, 118.83492118452381 5.037726645422619)), ((113.76882100316095 4.571886587793046, 113.73857838882168 4.329417264155902, 113.52199802291045 4.228684952145345, 113.4918970084841 3.9861352440407516, 113.27505521295586 3.8849338964749287, 113.24509705644152 3.6423273762900763, 113.02800166667589 3.5406761284044155, 112.99818761185679 3.2980364655216805, 112.78084650207592 3.1959546977171374, 112.59275231642124 3.3366600538434565, 112.37460923282009 3.2343037978133515, 112.3451257319606 2.9911060359065833, 112.53359885979 2.8508129684985772, 112.75117777821617 2.953305643405029, 112.93866858477281 2.8132965121886944, 113.1554408546641 2.9155221325417537, 113.18528992732467 3.1576128069115303, 113.40181241194063 3.259418683622807, 113.43180425258737 3.5014933965905186, 113.6480691469078 3.6028601434732628, 113.67820250983215 3.844895307895604, 113.89420204844356 3.9458037765278737, 113.92447567402246 4.187775892052002, 114.14020213276677 4.288207184221168, 114.17061474777051 4.530092852175657, 113.98513214459507 4.672130986571935, 113.76882100316095 4.571886587793046)), ((-61.44022110430777 12.670474942393563, -61.648289409202164 12.731072652825247, -61.82407439919412 12.576132060087357, -61.792343969242495 12.360356433281394, -61.96794270103409 12.205258122365064, -61.93630117538302 11.988761707899473, -61.72877984530527 11.927024133161403, -61.552625556975954 12.082355759932579, -61.584547995988174 12.299190703260566, -61.40821028873137 12.454369588901269, -61.19940049068475 12.392947928301874, -61.02233485745765 12.548194823263334, -61.054625377338624 12.764622125259283, -60.87738336416436 12.919682135389586, -60.90976138730052 13.135355618478815, -61.1191024924822 13.195656900669753, -61.151289158437294 13.41025693179878, -61.35989513163548 13.469730701928164, -61.53604659101475 13.315163322992674, -61.50413921953226 13.100875523493155, -61.295800909661125 13.040841850651942, -61.26370201710665 12.82548157827585, -61.44022110430777 12.670474942393563)), ((-68.57091867488475 10.985602601217323, -68.38874296836586 11.09806076704456, -68.41654334210745 11.314666759565085, -68.6263391029526 11.419220646189528, -68.65399941387962 11.635143644666336, -68.47204435597895 11.746109858988795, -68.49974508932512 11.960939307428365, -68.3183298210072 12.07091833312897, -68.10953762647293 11.96657569304464, -67.92898956964443 12.076073222931534, -67.9569050554718 12.289403943628747, -68.1651944317015 12.393638216854034, -68.34607007927544 12.284649322559279, -68.55504724150907 12.38879552444359, -68.7367812979254 12.279322808230853, -68.9464305910971 12.38337448453111, -68.97385054060874 12.596778891294996, -69.18366660999521 12.700605925060561, -69.36655098652457 12.591151330224529, -69.33931677364075 12.377369149996934, -69.52273226445142 12.266930402602197, -69.73367730390291 12.370773745092114, -69.76072161479651 12.584926584837268, -69.9718106494366 12.688523152088083, -70.15633317902439 12.578098934896921, -70.12948292377664 12.363582673123219, -70.31453005412097 12.252181048287529, -70.28772875622825 12.036554407341155, -70.47330025150087 11.92417914442494, -70.44654885466957 11.707447274912328, -70.63264444189414 11.594102540813422, -70.6059438968263 11.376271008114145, -70.79256326537345 11.261961374408482, -71.0061492398023 11.365977445607856, -71.1935535716364 11.251200539693786, -71.1671114498129 11.031915921742915, -70.95305733082377 10.927766615574967, -70.7659145297424 11.043036165475701, -70.55244292055117 10.938786997760193, -70.36609518997301 11.053592006182376, -70.3929463740988 11.272149834863676, -70.20712579644264 11.385990435322823, -69.99473453024162 11.281770309196785, -69.80972618075648 11.395140278473715, -69.59795860131793 11.290827379766375, -69.41377552420447 11.403725280307684, -69.20264868183446 11.299325816218067, -69.01930352590797 11.4117503680297, -68.80883408612469 11.307270568460364, -68.78121510266764 11.090259332341422, -68.57091867488475 10.985602601217323), (-69.04678029092774 11.628069921528517, -69.25741551592272 11.73235506435665, -69.44106452866335 11.620434096983873, -69.65234570670526 11.724627760524026, -69.67948939849505 11.940620751511936, -69.49554285041371 12.052040372443468, -69.28474908626971 11.947967441796113, -69.10163417689043 12.058907661761365, -68.89149148228108 11.954738453595894, -68.86397222856948 11.739513967183747, -69.04678029092774 11.628069921528517)), ((169.7346893445466 10.184896710751234, 169.97028341599457 10.218181603159339, 170.1189880033562 10.052325281839085, 170.35433714239707 10.085270479398648, 170.44191970593693 10.284285211508402, 170.29345291767197 10.450896801528962, 170.05716205807641 10.417737308987942, 169.90773371101903 10.58454228029297, 169.67119943375326 10.551031342169917, 169.58503740209665 10.350942616657004, 169.7346893445466 10.184896710751234)), ((161.12049807341862 9.94510475741867, 161.1653591461295 10.173817299792729, 161.00041592730003 10.33679813628005, 160.79000734217493 10.27103949265152, 160.74502500763128 10.041751603559412, 160.91057173244764 9.878797801794015, 160.865652669763 9.649321291604101, 161.03078131842676 9.486734257284759, 161.24022550158344 9.553588564334776, 161.28502241497586 9.782482686155362, 161.12049807341862 9.94510475741867)), ((-73.447730103696 22.705954055572324, -73.6070632023733 22.83181584871215, -73.5772792153365 23.04948205655258, -73.38767536136717 23.140458369767952, -73.357493148462 23.357767117973044, -73.51740294653135 23.48492539701041, -73.70798612648491 23.394206480633528, -73.73767744317281 23.1760707679575, -73.9283445368504 23.084416838611446, -73.95763410682738 22.86592564623581, -74.14837904583088 22.773344888233254, -74.31081320498998 22.89949570111093, -74.50260847676755 22.806227955639322, -74.53098832163363 22.586577040171797, -74.36808389133842 22.461015396042395, -74.39657086342733 22.241862202346308, -74.58745336731495 22.147453686240667, -74.6155395588185 21.92799440868758, -74.45325054936232 21.803762469197615, -74.26333588580043 21.898388045446854, -74.23474507765637 22.117029525748244, -74.04489916756792 22.210755872267004, -73.88460990793942 22.08606494725975, -73.69580470043165 22.17911640831158, -73.66632543848037 22.396626591963134, -73.47760365771269 22.488771317460312, -73.31932478292305 22.36364611727484, -73.34928486892933 22.146960538275632, -73.19204944469023 22.02258123345113, -73.00533636471395 22.11430477461799, -72.84961762023586 21.990094915536417, -72.6639551870796 22.081165409366598, -72.63306369092514 22.296196612250828, -72.44750954957563 22.386365613915622, -72.41623434074795 22.601063180646314, -72.57096777212791 22.726420469542017, -72.75747462142395 22.63651161623857, -72.91373394038226 22.76204624458773, -73.10130502385546 22.671480801090407, -73.25909766479369 22.79718367053123, -73.447730103696 22.705954055572324)), ((170.82544347510986 10.15069665079752, 171.06118496208194 10.18317392363344, 171.15037644409108 10.382246860606026, 171.00314471105372 10.54940093705499, 170.7664521890972 10.516730498777779, 170.67794621041935 10.317100129736334, 170.82544347510986 10.15069665079752)), ((-159.694146866199 3.6928358449084264, -159.4461732339559 3.6610209901176285, -159.34468780412962 3.432175427898992, -159.0965842612133 3.4001245023664763, -158.94948453417751 3.5970842687701174, -159.0508664047217 3.8263838444781446, -158.90343933047927 4.024009456271821, -159.00497805668988 4.253804158607863, -159.2540516779001 4.285523137760153, -159.4010980926916 4.087614223180126, -159.64955789394668 4.119250890502369, -159.79588500238003 3.921721190632039, -159.694146866199 3.6928358449084264)), ((125.08520047834111 3.430075536703789, 125.27674315989157 3.2717133893699475, 125.23927866988447 3.023468344054069, 125.43090804788687 2.8647352459617297, 125.6604293607071 2.9542361597540396, 125.69816033455743 3.2028437178337845, 125.92829133622433 3.2927012966334344, 125.96621049364381 3.541667619730503, 125.77373423781427 3.7004200320400478, 125.81157721213549 3.9493695332253536, 125.61917850170835 4.107733419456795, 125.38936084234393 4.017148314106929, 125.35178422245184 3.768562956425715, 125.12258682333436 3.6783151448899396, 125.08520047834111 3.430075536703789)), ((-119.14745665039378 33.09273970258256, -119.20980258941962 33.33448071699772, -119.49167522928637 33.404052852412676, -119.71002916599119 33.23195806305193, -119.64683565251569 32.990645757570555, -119.36613100894392 32.92099824559821, -119.14745665039378 33.09273970258256)), ((166.29941094927239 8.7553250973163, 166.37668805955764 8.950758770052444, 166.22335688051942 9.11190751299247, 165.99266889912752 9.07685660263854, 165.83852992637776 9.238115330256662, 165.60783066798786 9.202732527974957, 165.4528947600062 9.364086999119154, 165.22220557424725 9.32836697766501, 165.14730528063365 9.13164153168611, 165.30228856522865 8.971056130596189, 165.53212782434377 9.006428789827478, 165.686328819753 8.845936869502708, 165.9161737316001 8.880983516917219, 166.06958147133867 8.720599165802758, 166.29941094927239 8.7553250973163)), ((110.27191682739442 -2.321777065682407, 110.0536465188597 -2.42761675325176, 110.02581499653058 -2.6658413335935167, 110.21604763211337 -2.7977604717747937, 110.18816589698486 -3.0351604662204914, 110.37783679606395 -3.166254937879334, 110.59507834851155 -3.060420902805058, 110.623162794613 -2.823488828437529, 110.43380413295063 -2.691922243096629, 110.46184064762747 -2.4541640490537016, 110.27191682739442 -2.321777065682407)), ((107.87822633633175 4.401326729758305, 107.85099096544542 4.15223984132316, 107.6247676274906 4.047026499761299, 107.59770801509268 3.7979977896760433, 107.79662980337451 3.6546043324734123, 107.7695038897283 3.406074401502489, 107.96786756668865 3.2632334681025355, 108.19310044777899 3.368542661982874, 108.22046465158053 3.6166452147790094, 108.44560618842388 3.7216533653801562, 108.47314257129517 3.969824488672169, 108.27530259278075 4.113423096474846, 108.30277645124005 4.362079824039504, 108.1043696632999 4.506217080479483, 108.13177985696603 4.755336609569567, 107.93280696470094 4.899991743360534, 107.70616558317471 4.795163553526559, 107.67899634981165 4.5456188099024475, 107.87822633633175 4.401326729758305)), ((-86.62623639691515 42.41579598806923, -86.58880701004767 42.64546556335323, -86.8555751216892 42.788325864296894, -87.15878231390568 42.70024939714699, -87.42729002511037 42.84175939349028, -87.72933357467593 42.75216662666623, -87.99953071220155 42.892306277662485, -88.30034836288542 42.80120824783045, -88.32919937543952 42.5710976879471, -88.06010730614477 42.43219537390306, -88.0899404848656 42.2030709594272, -88.3860359463456 42.11274294112871, -88.41403008801582 41.88450863898953, -88.70720453909414 41.79386280213638, -88.73340812542241 41.56653834844445, -88.46919091189726 41.42995005554362, -88.1776732611572 41.51948103562236, -87.91498351738099 41.38158946442631, -87.62229310939775 41.46970858996811, -87.59059738584097 41.6968108221747, -87.29505155184282 41.78458752394285, -87.03294484689178 41.64417596643872, -86.73630048341862 41.7305023830374, -86.69997762994754 41.95830934914775, -86.40046399786257 42.04423243791818, -86.36219620882135 42.27287787995605, -86.62623639691515 42.41579598806923)), ((-92.26577599313585 20.81732981212371, -92.04436164541504 20.948423434693254, -92.0476115192602 21.1963781623789, -92.27317927833909 21.313689947928246, -92.49543172977259 21.182388366648656, -92.49127685424489 20.933984251787354, -92.26577599313585 20.81732981212371)), ((-76.5210564181229 39.76719066916724, -76.6034992237302 39.5496023466371, -76.90525085340755 39.49140918722826, -76.98547114486814 39.274346675634774, -77.2850167275602 39.21538689141199, -77.36305305000943 38.998876079299926, -77.66039737692479 38.939181004670516, -77.73628795346943 38.72324707229255, -77.51701941046471 38.567628685521704, -77.22180416493262 38.62665557543465, -77.00464961913464 38.470293288190895, -76.7094179707019 38.527953262007856, -76.62920785962872 38.74261639805697, -76.84636350752068 38.90026975287826, -76.76614297559786 39.11613663311149, -76.46660424113233 39.17368882505365, -76.38419149886029 39.3900879283249, -76.0824853676852 39.446856261111556, -75.99784261810267 39.66376148272959, -76.2170948272965 39.824585508654955, -76.5210564181229 39.76719066916724)), ((145.65837667340588 15.381730444251634, 145.41518464277328 15.304738218361544, 145.36865037601842 15.06281165109558, 145.56525060289778 14.898062271825939, 145.5187222303298 14.65557306136255, 145.7150356622119 14.490512446677972, 145.95763556214507 14.567993635182539, 146.0042179647778 14.810289005329505, 145.8081478857668 14.975298155208344, 145.85473823694076 15.217038615444176, 146.09745035434946 15.29357252555971, 146.14410025043082 15.534544937656966, 145.9479871936178 15.699175364613888, 145.70497428265372 15.622893637815489, 145.65837667340588 15.381730444251634)), ((170.53405300107056 9.001216059476567, 170.67968703142128 8.838483120604002, 170.9119834365656 8.87050086109852, 171.05667238653416 8.708016172642136, 170.9693210107868 8.514251716446628, 170.73793998289693 8.482427752616113, 170.65147351333974 8.289306177996027, 170.79572850969015 8.128549124224868, 171.02620088090862 8.160181482904678, 171.1695227315932 7.9996909002287095, 171.39970511903698 8.03105226813721, 171.48747148356205 8.22308424597646, 171.34441513663245 8.384303842229532, 171.43241706636354 8.577518340745716, 171.28868026572832 8.739741413072474, 171.3769185497987 8.934135354746262, 171.23249522173313 9.097356705156335, 170.9995643752253 9.0654465179957, 170.85418272755078 9.228920212540476, 170.62096415596176 9.19670650583218, 170.53405300107056 9.001216059476567)), ((107.41949314818038 10.152611361545933, 107.65028360595898 10.254303138748849, 107.67791996327497 10.505574917730845, 107.90863453640787 10.606705700599663, 108.11119600213397 10.45670787172409, 108.34130370176308 10.557412157009479, 108.36937017857701 10.807958853151009, 108.59937707638608 10.908072794410721, 108.6276227414063 11.158282007016227, 108.42561773422784 11.308801996948658, 108.1950833396184 11.208853375338508, 108.16708273512944 10.958220177945314, 107.93645351632154 10.857670559227213, 107.7333066719026 11.00791073005892, 107.5020787013774 10.906925086770746, 107.4745122392369 10.6555549242886, 107.24321454918044 10.553997533711295, 107.03897956861528 10.703946666366072, 106.80712296377033 10.601962711893929, 106.78000130020416 10.349905715208152, 106.54810035499798 10.24738034552196, 106.52116689760686 9.995054054193357, 106.28923116756243 9.892008259396665, 106.26248679629288 9.639438180533485, 106.03052582418394 9.535893247322736, 106.003971394134 9.28310508320768, 106.20911017596109 9.134227388132363, 106.4405916106574 9.237864399059161, 106.4674125920564 9.490286126507675, 106.69886234310621 9.593434944506265, 106.72587105635563 9.845631910552965, 106.95727962907603 9.94827119900023, 106.98447518262424 10.200217847362739, 107.21583307126605 10.302326558815729, 107.41949314818038 10.152611361545933)), ((107.7955608107165 -2.1572119341547835, 107.5736575856256 -2.263709949277087, 107.54715126692787 -2.504515043940536, 107.32518137724162 -2.611054740437568, 107.29884518976701 -2.8514425908766516, 107.49424360024102 -2.9848969289056417, 107.71574460245444 -2.878412919913804, 107.74231496857612 -2.6384197805105947, 107.96374386805667 -2.5319677734770725, 107.99048226935395 -2.291565886165361, 107.7955608107165 -2.1572119341547835)), ((106.06730809658347 20.281798432506434, 105.8271659593662 20.18838145642859, 105.79983211554082 19.943865700235115, 105.55968117416023 19.84959454402404, 105.53255247030609 19.60432830620633, 105.74528361133787 19.453622633058973, 105.98493319144825 19.548085120663313, 106.01235167571213 19.793060784008972, 106.25198521604216 19.88667740074656, 106.279606462517 20.130898133195164, 106.06730809658347 20.281798432506434)), ((155.44360992016448 -6.167486133232146, 155.4887105039423 -5.9319973867984555, 155.31411438915438 -5.785343904007731, 155.09393514507394 -5.874509447619463, 155.0487729324389 -6.110551309108645, 155.2238505590833 -6.256874546537678, 155.44360992016448 -6.167486133232146)), ((-105.26050212085838 40.219343597530234, -104.96371592470864 40.12028406783264, -104.92866786193674 39.882146859438585, -104.63332811876214 39.782015827386516, -104.37227534154786 39.91974301280215, -104.40600371472496 40.15785525160004, -104.70210637273543 40.25826772153277, -104.7367406147501 40.495568197885795, -105.03431163691066 40.59490204469968, -105.2964616356886 40.45665864078921, -105.26050212085838 40.219343597530234)), ((-177.3380565803993 28.518793633120502, -177.6189020500214 28.50681240002086, -177.7526741906958 28.284633406395823, -177.60605606971626 28.075247189186367, -177.32662935989936 28.08754018540647, -177.1924087436174 28.308908554256664, -177.3380565803993 28.518793633120502)), ((116.48271070383669 20.42881879325287, 116.67114954705329 20.273199118580322, 116.89212354347092 20.34822981185146, 116.9253330949166 20.57844759519203, 116.73741826687956 20.734159626595783, 116.51576846255415 20.65956117423417, 116.48271070383669 20.42881879325287)), ((98.43336179876889 4.566065504726108, 98.2009364777117 4.455954583080525, 98.18013574890836 4.201448225519973, 98.39143292785877 4.057169799711677, 98.37051594200636 3.8030520484722192, 98.58142183787692 3.6590103484246868, 98.8132885324361 3.7688022950795688, 98.83453008009712 4.022794438972674, 98.62358115961825 4.167121612369624, 98.64470852254084 4.421509588955344, 98.43336179876889 4.566065504726108)), ((121.27875409034345 9.275498106812332, 121.313838802443 9.519128136722523, 121.53663874973051 9.614804984769908, 121.57192580436242 9.85854723657535, 121.38412145566082 10.006112207427444, 121.16156412200274 9.91007915614404, 121.12656891213135 9.666837630323606, 120.90475327767797 9.571057748163021, 120.86996102387508 9.327934422679952, 120.6488920125629 9.232427731242172, 120.61430284062067 8.989446159947018, 120.80048930411562 8.84145852547966, 121.02180938001419 8.936589926179774, 121.05669157607952 9.180084005200122, 121.27875409034345 9.275498106812332)), ((162.6935000546739 5.113541788833785, 162.89649136967955 5.18610836286291, 163.0549894498747 5.029782246952118, 163.25681505268562 5.102162017989733, 163.3006232130598 5.330336444271571, 163.14274292577647 5.4867909674430875, 162.9404360430459 5.414943215336483, 162.78152391430126 5.571866056060448, 162.57805185375878 5.499827542821014, 162.53397333161547 5.270337604645335, 162.6935000546739 5.113541788833785)), ((146.08803058613353 16.418904734362943, 146.13475685693618 16.65785757530109, 145.93830628006225 16.821693826705467, 145.6948789640669 16.74665252261163, 145.6482052842611 16.507519728097932, 145.40459867842003 16.43173663641699, 145.35798864145886 16.19179368041406, 145.55492734278437 16.0278081033043, 145.79823842616247 16.10383952346447, 145.9946457088422 15.939556181348076, 146.23746721681874 16.01511242315571, 146.28418419529055 16.254692324960814, 146.08803058613353 16.418904734362943)), ((166.99611224225873 9.413316772482235, 166.84297114582898 9.575997962238095, 166.61061977969064 9.540977066902592, 166.53229038966253 9.343587212587604, 166.6855327507045 9.181672800860284, 166.9170064941045 9.216382991435337, 167.06941601037153 9.054595368589093, 167.3008187551726 9.088978981160414, 167.45238528709638 8.927332332126445, 167.37266999188273 8.73206373274293, 167.523515586445 8.571329382847098, 167.7539478817897 8.605107782458418, 167.83440974631787 8.799903479147174, 168.0656076702943 8.833651171049638, 168.14697599062663 9.029165861353658, 167.99640675453475 9.191415543556525, 167.7643213750598 9.157391087662164, 167.61288505786837 9.319798855341881, 167.69367368887976 9.516991546327866, 167.5415084758406 9.680308048688008, 167.30842278672037 9.64566556040456, 167.22839615712303 9.44799972276871, 166.99611224225873 9.413316772482235)), ((-62.51112223151469 10.49431116581322, -62.30472228218957 10.43025123149055, -62.12932183525423 10.58599565097776, -62.16088785241669 10.805587641648295, -62.36757153707086 10.869062075160501, -62.54240534349367 10.713529192008048, -62.51112223151469 10.49431116581322)), ((170.0917230676984 6.082635735932596, 169.94946924090175 6.2372371113333065, 169.72417621531042 6.206026378126423, 169.58105644561505 6.360903699650607, 169.35555894663378 6.3294639730483135, 169.27403637824182 6.143370940207876, 169.4173481944482 5.98921162399522, 169.6419937123925 6.020428449182199, 169.78445201226896 5.866541387536767, 170.00889153662632 5.897539006484609, 170.0917230676984 6.082635735932596)), ((-81.59632746224479 13.55994744992872, -81.79623518949121 13.439378808740667, -81.77653888237253 13.222229711053489, -81.55664186592341 13.125760103461145, -81.35669012422991 13.246732973807552, -81.37667875292534 13.463769634019206, -81.59632746224479 13.55994744992872)), ((-99.98660019097197 25.765442356911436, -99.75353958528072 25.908124675167066, -99.77344403948946 26.16294928512754, -100.02745365018887 26.275285621254163, -100.26115520008327 26.132300458860776, -100.24020628820163 25.877283744121954, -99.98660019097197 25.765442356911436)), ((-61.74572856529626 10.677593069146706, -61.53725873807649 10.613073488849276, -61.360364391043504 10.769087233116265, -61.39249459131469 10.989403422036323, -61.60123752109348 11.053348648176817, -61.77757697615972 10.897551156481352, -61.74572856529626 10.677593069146706)), ((144.99722191594697 13.112292915264637, 145.2400400401907 13.191977116932206, 145.28642875325818 13.43689935923311, 145.0899374810449 13.602325066965726, 145.13633075834923 13.846761433269746, 145.37927629203864 13.925581472928448, 145.425735031052 14.169324503896664, 145.22918808854592 14.334432605752356, 144.9859573353504 14.255840042870965, 144.93956019410575 14.011913032580056, 144.69618121331064 13.932666629145057, 144.64985330940578 13.688051452845572, 144.40633848466678 13.608168105894302, 144.36008222105062 13.362885827388498, 144.55727019043172 13.197659247016421, 144.80051215722017 13.277751564216109, 144.99722191594697 13.112292915264637)), ((-65.80206293102876 11.988878222704713, -66.00644511568701 12.093587348799149, -66.18249906791903 11.98650063532287, -66.15379788320082 11.774184068393385, -65.94888965697459 11.669394923889213, -65.77320971394285 11.777002990178893, -65.80206293102876 11.988878222704713)), ((133.90554034103195 7.302057900686669, 133.8630526161827 7.048748785973671, 134.06242768052044 6.886098704807565, 134.30445560867543 6.9767514747725246, 134.5039123620124 6.813801329210238, 134.74620246461063 6.90426530516581, 134.78907668531963 7.1577909679908895, 135.0316529126859 7.248166837649854, 135.07467122984207 7.501604875128445, 134.87492661162935 7.66457491630269, 134.91790230081176 7.91781263407333, 135.16080879883947 8.008167114269455, 135.2039280321585 8.261270806895947, 135.00395508894752 8.42392832061703, 134.76099660169132 8.33348464194045, 134.7180642753891 8.080473793867538, 134.47539401033004 7.989896091368554, 134.43260818217607 7.736758851439386, 134.1902375740691 7.646070420407295, 134.14759995662513 7.39283374533049, 133.90554034103195 7.302057900686669)), ((98.32399486932468 8.695951107380958, 98.55942715064316 8.806268508854542, 98.58080564661066 9.062981252265313, 98.36641625831163 9.209483612638625, 98.13070085583172 9.099066264221655, 98.10965877114461 8.842247852125622, 98.32399486932468 8.695951107380958)), ((118.73584471824825 7.265802551335967, 118.55396773213903 7.413255689216405, 118.33960109708863 7.319736248670903, 118.3068248789092 7.079203932856714, 118.48811798390534 6.931629298863901, 118.70277138039717 7.024708518944858, 118.73584471824825 7.265802551335967)), ((169.1844317220308 14.750068965377876, 168.9370809172824 14.713895681205205, 168.77822018213953 14.89054975227143, 168.53067192490596 14.853876439846244, 168.44300645345754 14.640819766289754, 168.6020644372179 14.464955963735664, 168.8485947760346 14.501359915845411, 169.00664872642034 14.325527593012325, 169.252978945854 14.361445270833606, 169.3422716409949 14.57344958961436, 169.1844317220308 14.750068965377876)), ((168.6618549091727 8.190605397442758, 168.51358189321354 8.350801152057214, 168.28340146065534 8.317624891202119, 168.1342617594754 8.478013763348626, 167.90394521128485 8.44453933312011, 167.82364699392747 8.250947153704251, 167.97293408439282 8.091308438912906, 167.89279966260642 7.89892259545902, 168.04138258753267 7.740219777060966, 168.26995441084432 7.773158096755363, 168.4176890652401 7.614655135463333, 168.33700522077947 7.4239569554788964, 168.48404635488032 7.2664053380864475, 168.71161107152642 7.298814676123007, 168.85779997546 7.141485347509367, 169.0852016318682 7.173634238884745, 169.1672792069616 7.363353165570065, 169.02126704684247 7.521417548412519, 169.10353000455507 7.712342242246876, 168.95682812986945 7.871371686680787, 168.7276842468168 7.838735869553394, 168.58011193365422 7.9979815783289485, 168.6618549091727 8.190605397442758)), ((112.50367974081126 16.273586946875387, 112.47288479118282 16.031182187984935, 112.66901296753201 15.877548709578702, 112.89552220900902 15.96614178788173, 112.92651663466 16.208047416828737, 112.73080373772308 16.361859576242075, 112.50367974081126 16.273586946875387)), ((162.52853445612448 11.535113102269746, 162.36526407233583 11.699716743473516, 162.43542116457218 11.904675356833424, 162.27136397801291 12.069995451672197, 162.03722536341058 12.029560486366252, 161.96798137844672 11.824261561689118, 162.1319600727685 11.659735822660485, 162.06275925682155 11.45560178072773, 162.22595552218553 11.291790010334443, 162.45842953183012 11.331322483269863, 162.52853445612448 11.535113102269746)), ((109.89764689931866 1.6050336954939028, 110.11894543388905 1.7098637950467044, 110.31161332704568 1.5704247651313967, 110.53222815153782 1.6750350826698854, 110.56070346089052 1.9190138292876238, 110.36835553983013 2.058871971777334, 110.14721112929948 1.9543317294331344, 109.95396511191501 2.094448425683145, 109.73214318861505 1.9896804272740258, 109.53801397011335 2.13004716959239, 109.31553442684117 2.025053910053843, 109.28770224585486 1.7796404989098142, 109.06509567355937 1.6743787074171812, 109.03742909967383 1.429120696335891, 108.81470404383128 1.323612027151783, 108.7872040706111 1.0785340292295889, 108.56436908539467 0.972800239443442, 108.53703668669851 0.7279268010047593, 108.73231206466488 0.5892301611873291, 108.70491991593065 0.3450214403714576, 108.89963665515472 0.2070148270443315, 108.87218584777384 -0.0365096412291277, 109.06634342775249 -0.1738093662408923, 109.28766984821459 -0.0680170789159251, 109.31534193658251 0.1750572503501898, 109.12146749651623 0.3127901148254735, 109.14908329683522 0.5565518114989797, 108.9546457787801 0.6949859371572806, 108.98220421004692 0.9394156646154559, 109.20442271504726 1.0449569356104058, 109.23214644746588 1.2895832979729869, 109.45424124401364 1.3948883715031113, 109.48212927678867 1.6396869206096292, 109.70409187547756 1.744734199559901, 109.89764689931866 1.6050336954939028)), ((166.75675417262528 19.312436215008642, 166.84475062496188 19.537615232009397, 166.6732932833214 19.72173676478401, 166.4137171281722 19.679872604782727, 166.32669529146887 19.454237162060494, 166.49827047885572 19.2709206120765, 166.75675417262528 19.312436215008642)), ((174.28871114959043 0.4382743124936611, 174.16340872813947 0.5747381197090514, 173.95256573867255 0.5471156353556097, 173.86780168309673 0.3831375282260325, 173.65736780106874 0.3555636563905242, 173.53092613709288 0.4918541449527701, 173.32014093630994 0.4642174119562469, 173.2365701115225 0.300410600817025, 173.36329785321317 0.1647263229883068, 173.57331310938514 0.1922432113505047, 173.69921534442796 0.0569850303805257, 173.9088800362503 0.0844456210446438, 173.99340891895383 0.2472771442583634, 174.2034781853115 0.2747919436693364, 174.28871114959043 0.4382743124936611)), ((-83.59166912731057 34.08394694471988, -83.60630694701779 33.85025217641181, -83.38612724387153 33.71223573627816, -83.15161299764203 33.807444565971075, -83.13605376465891 34.040490818341766, -83.35592662477644 34.178977232555596, -83.59166912731057 34.08394694471988)), ((155.0976002230717 3.927598725936781, 154.87379213846526 3.8470167093905245, 154.82795756355404 3.6046857874190574, 155.00599099217993 3.4434682576385724, 155.22936944839637 3.5244204078100805, 155.2751430153483 3.7662198347638696, 155.0976002230717 3.927598725936781)), ((174.48353226483232 -1.0345481543460462, 174.3994858122524 -1.1923626644708616, 174.52165353604778 -1.3226403052228632, 174.72756264880655 -1.2956760444124604, 174.84891590894506 -1.425503867261398, 174.7646692102826 -1.5817277737316695, 174.8855197344859 -1.7105370043022703, 175.0903050973974 -1.6836857914272867, 175.17497678261458 -1.52793441754265, 175.05444072476132 -1.398561321115859, 175.1393542921022 -1.2416994603697502, 175.01831676065842 -1.1113025072381655, 174.8120472992552 -1.1383369519823054, 174.69018727975333 -1.0074862635651103, 174.48353226483232 -1.0345481543460462)), ((177.0571163053147 -17.769288875068256, 177.26612252368068 -17.834115160841552, 177.44261564934118 -17.677801484151658, 177.6528179463166 -17.74221030945207, 177.82952873522316 -17.58512952823461, 178.04091522201827 -17.649114950953983, 178.2178278746365 -17.4912726563627, 178.1826464997834 -17.26995017214838, 177.971526704489 -17.20679863597165, 177.79532100302498 -17.36413729878832, 177.58537317503965 -17.300566005062095, 177.4093779516187 -17.45715097252803, 177.20061403763748 -17.393165612550536, 177.02484479060433 -17.548991362877697, 177.0571163053147 -17.769288875068256)), ((146.06909547456485 18.64141709875273, 146.11597523924547 18.875872600334837, 145.91884615920196 19.037773065640817, 145.6745858231169 18.965319742923853, 145.62775926432403 18.730705651442698, 145.8251383621229 18.568702237055547, 146.06909547456485 18.64141709875273)), ((-171.89758399685735 -14.094844866893503, -171.66294780631364 -14.145550707893118, -171.48795886409914 -13.971847498164404, -171.54799254736326 -13.748108590276448, -171.78205979505302 -13.698053393728552, -171.9566608717615 -13.871088605119898, -171.89758399685735 -14.094844866893503)), ((169.93198519869998 11.15489249448412, 170.17018060887233 11.18848790296122, 170.25843960562145 11.390982085709078, 170.10778038174112 11.56042500360439, 169.86862199850475 11.52660794156107, 169.78108964372313 11.323570735780331, 169.93198519869998 11.15489249448412)), ((-91.81732527724665 20.58392652639256, -92.03790083219263 20.45304121603024, -92.03468973768375 20.20563184478125, -91.81179274476882 20.089567098338367, -91.5920565016754 20.220243678520543, -91.59437945351591 20.467192486553305, -91.81732527724665 20.58392652639256)), ((-159.75485440303297 21.53541066019847, -159.48776464753965 21.51476415197713, -159.3297533187907 21.720072627461544, -159.06194839272848 21.698860957138518, -158.90311450068438 21.903839622016786, -159.0125248052353 22.13003781764305, -159.28089381424 22.151018736816393, -159.39061017509593 22.37640770967177, -159.65883092501284 22.39656802869345, -159.81676550614728 22.191581067749187, -160.08424573554342 22.211163589500465, -160.24132981720263 22.005854264468137, -160.50804387606883 22.024873227179352, -160.66426564203266 21.81926523360438, -160.9301884402161 21.83773502806116, -161.08553651101016 21.631852107000032, -160.97546234317454 21.407488319866673, -160.71010615062252 21.388736760693316, -160.55426072408687 21.59463107374614, -160.28811343364143 21.57534351095003, -160.13140753325632 21.780959049517598, -159.86449403779105 21.761121160481782, -159.75485440303297 21.53541066019847)), ((-66.5646237957246 11.983595849402079, -66.77053254591736 12.088208481433115, -66.94841416355537 11.980157318384144, -66.92002962737266 11.766976845208108, -66.71360198709881 11.66227562702714, -66.53607883494851 11.770844156953071, -66.5646237957246 11.983595849402079)), ((126.69669817370055 5.470356759080903, 126.73521569380313 5.7203051600573644, 126.54124852353993 5.878175618309613, 126.30916480966482 5.786123245405836, 126.270909015129 5.536522118806911, 126.46447447275835 5.378625325588305, 126.69669817370055 5.470356759080903)), ((107.30244233092043 1.0733014857424459, 107.27581568838644 0.8271666186336388, 107.4735054595327 0.6877323787359414, 107.69758346503079 0.7940223505185051, 107.72444993612646 1.03974855703919, 107.52699972472885 1.179594273165963, 107.30244233092043 1.0733014857424459)), ((123.75956070953566 23.993300436628928, 123.99302679278856 24.092039466780204, 124.0308478599477 24.3146628874076, 123.83490962411321 24.438183115512928, 123.60164947390496 24.33934983092691, 123.56412222621316 24.117091395509078, 123.75956070953566 23.993300436628928)), ((168.2965814377942 5.832059791040851, 168.07296689702218 5.800427207603584, 167.99466366907757 5.616068016216184, 168.13928989823262 5.463805309566591, 168.36207770809938 5.495185383903433, 168.4410630051317 5.6790794171502315, 168.2965814377942 5.832059791040851)), ((148.92785399299163 7.720244794856959, 148.88149297052757 7.472534976518162, 149.07135557074776 7.306171438625161, 149.30723796456374 7.3874423508517735, 149.49642524702216 7.221174243418561, 149.73162966117212 7.302185954036659, 149.77800466326676 7.549179395423443, 149.58917228113683 7.715526183870601, 149.35360866929545 7.634800151518854, 149.16408863768527 7.8012397886751845, 148.92785399299163 7.720244794856959)), ((144.89256408629058 8.895147922959827, 144.69692365452954 9.061659413584726, 144.45505098922087 8.97803184554136, 144.40909042060633 8.727721050804716, 144.60493347868942 8.561249340626452, 144.8465359001504 8.645049666071955, 144.89256408629058 8.895147922959827)), ((96.22958144381892 4.990507482809841, 96.46204901599936 5.101500567558376, 96.67495227149982 4.957137501184122, 96.90751968156815 5.067956482687119, 97.12017049708311 4.923477677855965, 97.35280956472548 5.03411792420814, 97.5651824676147 4.889534396561035, 97.79786502327192 4.999991369526468, 97.81842978127906 5.255197621063954, 97.60597904449628 5.4000363831007725, 97.37304065193962 5.289412273297664, 97.16029690086265 5.434140272974122, 96.92741429585521 5.323323333327587, 96.71440301560995 5.467929471391428, 96.48160447349153 5.3569242839556725, 96.26835128040335 5.5013975235987465, 96.03566507842754 5.390208769995345, 96.01645134118831 5.134743854848032, 96.22958144381892 4.990507482809841)), ((-60.47137087618343 11.549118502031574, -60.68238528783435 11.6129923052003, -60.86036122220875 11.457116290882645, -60.827862040960554 11.237141131307212, -60.61710701773053 11.172708102132585, -60.43859201529267 11.328810423844907, -60.47137087618343 11.549118502031574)), ((-80.29627191116079 23.580253202648496, -80.08849173649467 23.68460205445877, -80.06879875837589 23.91628850194897, -80.25757051374926 24.044378805736095, -80.46638519586487 23.940154947472216, -80.48539074736792 23.707715486857058, -80.29627191116079 23.580253202648496)), ((-81.8982598048097 12.223666675636963, -81.67763265552487 12.126029597882226, -81.4769291783519 12.249021275280699, -81.4969001780063 12.46924366591689, -81.7172803095201 12.566588034882901, -81.73706149853753 12.785831267162319, -81.95720300992858 12.882595040611676, -82.15780332373932 12.760410507398499, -82.13831794688548 12.541061427708817, -81.91793579853238 12.444001130313273, -81.8982598048097 12.223666675636963)), ((-63.736754644329366 10.871392770374792, -63.76708580893137 11.087782075438643, -63.96904864931042 11.148939539160768, -64.14037673725494 10.994311975669186, -64.11032905036575 10.77831624795388, -63.908669765244 10.716553760899428, -63.736754644329366 10.871392770374792)), ((-64.52258012140135 17.650193089897503, -64.35395122075535 17.800487520304074, -64.38347071980198 17.996895524435445, -64.58134207221843 18.04274207711826, -64.7493902973297 17.892735804954206, -64.9461883211465 17.938312344831274, -65.11343628350693 17.788309107655774, -65.08447079320861 17.59244302670148, -64.88798039829798 17.54630529981782, -64.72014784409171 17.696595892403497, -64.52258012140135 17.650193089897503)), ((167.6877569095348 -16.613746053281144, 167.89481087553884 -16.50434432101199, 167.88410196435518 -16.277208205187033, 167.66737434252082 -16.159141438477707, 167.4605107962651 -16.26771224999866, 167.47018265029635 -16.49517851724039, 167.6877569095348 -16.613746053281144)), ((-64.72771276003024 32.655176350662614, -64.8424249586816 32.471420571191466, -65.10710501235741 32.44426799409604, -65.22004367449975 32.26074170496791, -65.06940434564982 32.105297105498416, -64.80657895111077 32.13235417302466, -64.69254748391002 32.31495089637144, -64.4287386544872 32.34121517868206, -64.31294588507266 32.524028159950504, -64.46203312853154 32.68152000954065, -64.72771276003024 32.655176350662614)), ((112.09742263070956 2.6451713886021015, 112.12675705508877 2.888347905409413, 111.93731387033915 3.0289167082151467, 111.71817280919299 2.925894789017488, 111.52777231417053 3.066730964043755, 111.30787672380058 2.9634469922106383, 111.27893238593686 2.719216904730774, 111.0588445701793 2.615570184260729, 111.03005545833332 2.3713995492987188, 111.22115299328107 2.231389754346369, 111.4406958802997 2.3351359792397393, 111.46968493888471 2.5787920748807247, 111.68903099912399 2.6821863759460216, 111.87883640777511 2.5420314337117267, 112.09742263070956 2.6451713886021015)), ((153.11730573602813 5.719911031167232, 153.07115899172186 5.475756191320795, 153.25324273558078 5.311813750372651, 153.48102145817808 5.391904350726378, 153.66227784068008 5.228228133654802, 153.8891781094233 5.308105810311044, 153.9352373461602 5.551296452772862, 153.7544435961023 5.715097032483292, 153.52712681619516 5.6355823093172335, 153.3454960171007 5.7996468854050915, 153.39164078893953 6.043342059028766, 153.2096363114843 6.207771990812813, 152.98103570932358 6.128392406157666, 152.93485109287985 5.884226982048621, 153.11730573602813 5.719911031167232)), ((-81.12721776090513 42.325662021651425, -80.81315304392811 42.39746228856742, -80.56585401792428 42.24102709042907, -80.25136404174722 42.31122976383897, -80.18187131962362 42.5387043438206, -79.86468231884278 42.60812765392396, -79.7928023202095 42.83616225048408, -79.47289963723071 42.904769515087, -79.3985818864975 43.13333520641784, -79.07595176160376 43.20108924074928, -78.9991451003966 43.43015629285024, -78.6737747354176 43.49701942677855, -78.59442734295867 43.726557292458466, -78.84319068801254 43.88983468682259, -79.17109735685175 43.82218496690649, -79.24769193547455 43.592049701594966, -79.57280096074132 43.52349421076736, -79.64687237281268 43.29385207553568, -79.96919743746463 43.22442914894285, -80.04079830375713 42.99531036263033, -80.36035406723214 42.925057839643905, -80.61069352262352 43.083087956355676, -80.92983487203668 43.01118855190689, -81.18248250281931 43.16807118826638, -81.5011415148868 43.094524299536715, -81.56483274505669 42.864980083853645, -81.31263588834685 42.70945193786208, -81.37674198881162 42.48098505818678, -81.12721776090513 42.325662021651425)), ((178.4663087021546 -17.777058296214204, 178.68031472507573 -17.841008161048812, 178.85810996984526 -17.68189850725235, 178.82120195657154 -17.459352405819132, 178.60748467132032 -17.3962310032535, 178.43038618363875 -17.554828885522515, 178.4663087021546 -17.777058296214204)), ((150.15212533292055 8.368529419073884, 150.34022262850306 8.202041612819942, 150.57439137059566 8.281344876302255, 150.62083522029747 8.526819474852218, 150.43311794640982 8.69336954796837, 150.19857549447505 8.614382087227375, 150.15212533292055 8.368529419073884)), ((99.13957575373485 10.309488902334149, 98.9030780523654 10.199839233798116, 98.68819069804971 10.346707218764163, 98.45165069484369 10.236699556904044, 98.43029295492659 9.979902761899824, 98.64513788507963 9.833226054942019, 98.881383817305 9.943156207651457, 99.09585326150216 9.796251045063842, 99.33204446533273 9.905833154987441, 99.35407185561519 10.162386657506191, 99.13957575373485 10.309488902334149)), ((95.39473062158481 5.823107964034734, 95.18074640140372 5.967332600958261, 94.9481813741462 5.855577504277678, 94.9297893767465 5.599812830763113, 95.14361357589047 5.455803773318288, 95.37599036101608 5.5673452230123175, 95.5896500983522 5.42317060426235, 95.82219570158736 5.534538144193201, 95.84128195547589 5.790283196995842, 95.627477212119 5.934679809409486, 95.39473062158481 5.823107964034734)), ((176.68082221971628 -2.657298025866256, 176.70793964384382 -2.8346511528718508, 176.88740111271636 -2.868004230583334, 177.03957374295692 -2.723338344646848, 176.94900350271757 -2.5340134359370414, 176.76947803846411 -2.5012728158238184, 176.68082221971628 -2.657298025866256)), ((175.6133866973314 -1.77684892866958, 175.43836700653293 -1.7456942642755344, 175.35305735472815 -1.9013482425876154, 175.44212849662802 -2.0880545782530113, 175.61686430773602 -2.1197889792465903, 175.7028127418256 -1.9642389278142633, 175.6133866973314 -1.77684892866958)), ((165.3595554162124 11.4238971302933, 165.5182148382304 11.257577520764233, 165.75417262370263 11.294668993652465, 165.83236615527005 11.498433745473733, 165.67376543848047 11.665541455116056, 165.75208706034482 11.870474404723796, 165.59270724356725 12.03839335415621, 165.354946570665 12.000586701074157, 165.2774734634229 11.795222627072038, 165.4369091528472 11.628094597149127, 165.3595554162124 11.4238971302933)), ((168.99679305232564 4.558824888933598, 168.85509307691882 4.7086153901866385, 168.93440843702524 4.889610478016353, 168.7920603233265 5.04038231151377, 168.5702346385234 5.009453401409814, 168.49157795841228 4.827990284092061, 168.6340853063536 4.67792292789219, 168.55559290336907 4.497674401282309, 168.69745307503433 4.348583341074021, 168.91764840159476 4.379042529027907, 168.99679305232564 4.558824888933598)), ((98.26060601920136 7.925980975341217, 98.23954099034557 7.669453454181858, 98.45302344059792 7.5234393210135595, 98.68762019179405 7.633728378831582, 98.90074340598721 7.487556338981317, 98.87922894255115 7.231330838322043, 99.09194113077683 7.085252606847122, 99.3261949903474 7.195161142967523, 99.34803719119435 7.451250172073164, 99.58252229211286 7.56098141297496, 99.60457696341012 7.81712241846541, 99.391820812827 7.963677997611935, 99.15702672665196 7.853853966740167, 98.94387049664658 8.00025753913521, 98.9654832610259 8.256712563460141, 98.75191262494371 8.40317531817269, 98.51676811898886 8.292958765637994, 98.30283289022788 8.439240181089753, 98.06767142451656 8.32872699095117, 98.04672602542257 8.072045348828363, 98.26060601920136 7.925980975341217)), ((-171.99171064566286 -2.7768906305080243, -171.89293802707047 -2.9844012120606904, -171.6759539850845 -3.0193102575405075, -171.5573215594613 -2.8462959473258764, -171.65628968280257 -2.6381318830762983, -171.87369613121461 -2.6036367342492515, -171.99171064566286 -2.7768906305080243)), ((-79.17494555271651 25.0172042772013, -79.38308430446232 24.916688983074362, -79.40414038463356 24.68602968192925, -79.21772991587345 24.55665642788647, -79.01064253137886 24.657338193434725, -78.98891721541776 24.8872271819441, -79.17494555271651 25.0172042772013)), ((-81.00968246192417 41.71692374486753, -80.94481568431388 41.943194765401344, -81.19171539623404 42.09828638679135, -81.50306000038405 42.02576689858158, -81.56529017538176 41.799027291756644, -81.87393259631232 41.72582427665865, -81.93394416158019 41.49974683319518, -82.23990300044638 41.42589541527916, -82.29774401737565 41.200505464983046, -82.05222769674104 41.04938993661258, -81.74837137548474 41.12235382368509, -81.68793723723647 41.34731528542785, -81.38144831353927 41.41964121258822, -81.31882164973817 41.64527030279076, -81.00968246192417 41.71692374486753)), ((-59.561992110049815 13.572313852193199, -59.74149063149213 13.417421580004675, -59.70828046064088 13.200855987461951, -59.495296160993576 13.13890035816777, -59.315281562530174 13.29404489383095, -59.34876704509952 13.510891681837437, -59.561992110049815 13.572313852193199)), ((93.44632134683201 6.8623338799480695, 93.66125706444473 6.71877046487215, 93.89368350773475 6.831338450553804, 93.91132024186874 7.087697847148825, 93.69617361445967 7.231437049778105, 93.4636006986035 7.118639672166919, 93.44632134683201 6.8623338799480695)), ((144.1796510101987 7.473216880039638, 143.98368941398041 7.639605138620028, 143.74173351136722 7.554509309253793, 143.6959952016606 7.302886469154441, 143.89213477086076 7.136559696680103, 144.13383609188634 7.221795303845971, 144.32953833526085 7.0554234318393805, 144.57086431440848 7.140409370422565, 144.6167501449985 7.391615601040253, 144.42124049755068 7.558052243229484, 144.1796510101987 7.473216880039638)), ((-160.45244826056424 4.869778132109796, -160.7004121191541 4.900572038484538, -160.84549684163875 4.7022470251524275, -160.74304545286998 4.473384967143003, -160.4955728688402 4.442373768922786, -160.35006300066703 4.640441783837259, -160.45244826056424 4.869778132109796)), ((169.3175727435567 -19.050680698424383, 169.52572281818942 -18.935379618007477, 169.51067461323152 -18.703652189967276, 169.28853801872998 -18.58681619859388, 169.0805178930741 -18.701267005522304, 169.09450213089718 -18.933402045980632, 169.3175727435567 -19.050680698424383)), ((108.54554909122288 -2.9316372341121166, 108.57257454507385 -2.692466379001961, 108.37899206400317 -2.559197724368681, 108.15812512419791 -2.6655578251192176, 108.13132499151209 -2.905145239253381, 108.32516534803597 -3.037956814279135, 108.54554909122288 -2.9316372341121166)), ((-111.44322787104437 18.7373398277981, -111.40143788053345 18.48540251408061, -111.1499553253885 18.392266493637354, -110.93952448118048 18.550775529765964, -110.98046986375331 18.80296244583977, -110.76911461013827 18.96159609068811, -110.8098679243151 19.21419537767629, -111.0628315151862 19.30792055249015, -111.27429904284877 19.14874953000076, -111.23269300618026 18.896392470215705, -111.44322787104437 18.7373398277981)), ((106.99782637200803 20.407627850488115, 107.23681612037984 20.49884158332057, 107.26511716785393 20.741179805392264, 107.05415270963204 20.892621039593422, 106.81463037660313 20.801632876495788, 106.60280320062355 20.952712277678643, 106.36271035719562 20.861049080339182, 106.3349689590957 20.61809185749298, 106.54703652643946 20.467100056479687, 106.78660645912595 20.558979025868215, 106.99782637200803 20.407627850488115)), ((177.93312546609218 -18.251053261093, 177.8984298400881 -18.028592771007226, 177.6867794192131 -17.963771075336204, 177.50956285950497 -18.12057295463557, 177.54327456360147 -18.342683448529638, 177.75518609593462 -18.40834359917125, 177.93312546609218 -18.251053261093)), ((-93.1279459449774 44.61030485086061, -92.83610761908535 44.48192606047672, -92.53801426277616 44.58677214426066, -92.5302926785185 44.82127318383933, -92.82379405299427 44.95078353545508, -92.81753862563816 45.18607316760666, -93.11401953164496 45.31507133634941, -93.41503838651339 45.20764656046172, -93.41811772809459 44.97252619713555, -93.12335298910736 44.8446546226159, -93.1279459449774 44.61030485086061)), ((105.90291575686183 18.810828895665225, 105.9302153057198 19.056960894995182, 105.71806880251097 19.20791165786046, 105.4784136662671 19.11261923953181, 105.4514034174656 18.866193022224415, 105.66375770136244 18.715352292625575, 105.63666126145421 18.468520735657407, 105.84843507973324 18.317467143069464, 106.08709312263323 18.413129131464107, 106.11447605441606 18.65965820243945, 105.90291575686183 18.810828895665225)), ((106.79489509941038 8.436064139121504, 106.82186561297931 8.688111809327014, 106.61806104272614 8.836723014453444, 106.38706165841108 8.732995227847255, 106.36035255504231 8.480567714048552, 106.56438021485349 8.332246966248617, 106.79489509941038 8.436064139121504)), ((157.1437792487252 5.996636784911709, 157.09817729707112 5.758098942699218, 157.2717168845519 5.596223031961846, 157.49032011189013 5.672765190986565, 157.5358365112013 5.910740669286404, 157.36283621700704 6.072736336865372, 157.1437792487252 5.996636784911709)), ((112.5653884846518 16.757514519655302, 112.76175847131668 16.603577372857046, 112.98862408350936 16.690981788492117, 113.0197372214904 16.93199405280992, 112.82378692536417 17.08609638291627, 112.59630239596231 16.99902076413141, 112.39927479421078 17.15305895788234, 112.17092321081157 17.065426704372157, 112.14021408916051 16.823436757329034, 111.91162297149884 16.734931962815477, 111.88107802975992 16.492241664889836, 112.07891513660883 16.33853664113672, 112.30689774555299 16.427352957930832, 112.33765035531678 16.669562223071594, 112.5653884846518 16.757514519655302)), ((140.65757602359054 8.113562832477248, 140.45879658875378 8.279019356764051, 140.21491632871778 8.191811830927481, 140.16999553925712 7.939096728184575, 140.36883164933357 7.77367349389128, 140.61253326596682 7.860933218318908, 140.65757602359054 8.113562832477248)), ((108.77247792549406 10.50768755405878, 108.97329184338668 10.357693023778431, 109.20211636336717 10.457545237580415, 109.23066262564566 10.70721785933475, 109.03014831358047 10.85748219580696, 108.80078684087505 10.757803434636822, 108.77247792549406 10.50768755405878)), ((-172.30026660823575 -4.6221050753274895, -172.08600553049084 -4.658761550360907, -171.96920796387573 -4.490734047532958, -172.06728340000183 -4.285790508026222, -172.28195747145756 -4.249527153256172, -172.39814178314742 -4.417813081532757, -172.30026660823575 -4.6221050753274895)), ((142.605411648251 26.586595938097457, 142.4023527149904 26.734244099357166, 142.15234426110845 26.6655946806701, 142.1056304386707 26.449115168656718, 142.3088207586626 26.301311862717696, 142.5585950521695 26.370144611463882, 142.605411648251 26.586595938097457)), ((147.73550732185794 8.472121754778692, 147.49707223329074 8.390552464851998, 147.45075781126445 8.14201464401492, 147.6428490836426 7.975351672212231, 147.88095610167233 8.057167181179809, 147.92729854004665 8.3053985987647, 147.73550732185794 8.472121754778692)), ((-67.98853897608588 18.19047018785887, -68.16530580755067 18.09685077517629, -68.13805621137057 17.90214191316454, -67.93387251924179 17.801364960847238, -67.75742369968087 17.895455937609153, -67.78483956327055 18.08985133035213, -67.98853897608588 18.19047018785887)), ((-81.20285939736071 19.548336732136832, -81.40572592048841 19.436848431390814, -81.42241722981089 19.205629899242044, -81.23690433096382 19.086618605742963, -81.03499450948962 19.198128647891828, -81.01764341005337 19.428628377037683, -81.20285939736071 19.548336732136832)), ((-64.80018124376058 11.603530778686855, -64.60087057103615 11.544243328295774, -64.43072294869141 11.698437601783246, -64.46047923893015 11.911696828246715, -64.66010053798104 11.97037469373382, -64.82965492626376 11.816402162959443, -64.80018124376058 11.603530778686855)), ((99.26616322216495 9.13614348541897, 99.47978686482509 8.989243288022719, 99.7153515724093 9.098687707939137, 99.9285539764906 8.951606522499263, 100.16401055813981 9.060719223750409, 100.18659135390232 9.316971108592432, 99.97339134181226 9.46427228789802, 99.73760723013436 9.355100292786164, 99.5239704035925 9.502214867405888, 99.28809021857546 9.392701166910694, 99.26616322216495 9.13614348541897)), ((149.45007783465053 6.9737200110234, 149.2145496627848 6.892173739137375, 149.16823216665705 6.644282019163831, 149.35743547329957 6.478302649429872, 149.59260748054083 6.560123593097898, 149.63893101867131 6.807648547418132, 149.45007783465053 6.9737200110234)), ((131.0647533278501 -0.4008549191775917, 131.3016684084917 -0.313221534507323, 131.34248156863526 -0.0625504611671332, 131.14615953420264 0.1003197557674188, 130.9092820254931 0.0124063049891271, 130.86868997823672 -0.2380961768881046, 131.0647533278501 -0.4008549191775917)), ((152.69081890614984 -4.407063633636363, 152.64530502869587 -4.647609467818307, 152.82557764078888 -4.799101752833191, 153.05093548369462 -4.710348596285939, 153.0964140386061 -4.470305256088455, 152.91657121972275 -4.318512323705435, 152.69081890614984 -4.407063633636363)), ((-171.92909450907493 25.695479578750067, -171.6679574597464 25.699100680146373, -171.52916312510882 25.908870099997035, -171.65164228611476 26.11588759012858, -171.91401597587702 26.112768772481484, -172.05266871303527 25.902128435560616, -171.92909450907493 25.695479578750067)), ((-114.65601417461788 18.24906378569896, -114.45189023343494 18.410574504199072, -114.4992121877899 18.660770654528267, -114.75143819583126 18.749084527512945, -114.95551068901015 18.587012391886557, -114.90741145360649 18.337189232398543, -114.65601417461788 18.24906378569896)), ((-77.03929462948965 5.826256292826533, -77.26312987000307 5.931795692705455, -77.4638765434404 5.800453242801774, -77.44069883550375 5.563142367519962, -77.21649873259497 5.457421833107874, -77.01584212911435 5.589194628385236, -77.03929462948965 5.826256292826533)), ((154.3502700151796 7.732417613350399, 154.57650779762434 7.808668859052716, 154.6226546061696 8.049650921249892, 154.4426191500071 8.214862353981202, 154.21595366879149 8.139015628402026, 154.16975248384466 7.897553283243657, 154.3502700151796 7.732417613350399)), ((149.72842258979404 8.455521184668743, 149.7748737561887 8.701739974658006, 149.58572570118406 8.868446201531684, 149.34976918034363 8.788875450411703, 149.30332237008776 8.542302656813735, 149.49282639058686 8.375653883648287, 149.72842258979404 8.455521184668743)))",Greenhouse frog
109,22731,22086,Eleutherodactylus pallidus,species,20978,Amphibia,2.32,"MULTIPOLYGON (((-106.68173870367491 22.199426037023674, -106.90377999916909 22.044404208113313, -106.86983799102308 21.789080789406775, -107.09097062449408 21.6338662818058, -107.05676133034409 21.37874782806106, -106.80236033200727 21.27876389921559, -106.58153681320515 21.433511321955457, -106.32749482560206 21.332815485600445, -106.29489776319615 21.0777742645094, -106.0418536769076 20.97678252740929, -106.00992073246732 20.721924656721413, -106.2300927762422 20.56811530502782, -106.19788334740718 20.313517960921228, -105.94643547761567 20.212678725972662, -105.91488169650641 19.95831093437939, -105.66442860052148 19.85723989166592, -105.6335249226092 19.603129238487572, -105.38407132707422 19.501852827618436, -105.3538121777434 19.248026668222934, -105.10536253296345 19.14657117527716, -105.07574231036607 18.89305661685431, -104.82830079501316 18.791448155573995, -104.60993956517635 18.942893600713457, -104.36298176707967 18.84068558727029, -104.33491456163594 18.587506653208035, -104.08898504689049 18.485187653248097, -103.87061155757094 18.63556640557115, -103.62521402949754 18.53266939788469, -103.5986904305876 18.279888358306813, -103.35433988964199 18.17692217507862, -103.32843097379099 17.924550071481285, -103.08513004681409 17.821540094026997, -102.86726792668506 17.970392067379237, -102.62456040876424 17.86684228635938, -102.60017425641692 17.614963674580764, -102.35853297709986 17.511411294994453, -102.1408362285351 17.659208631459844, -101.89983280264373 17.55513889448541, -101.87695678037423 17.30381332968612, -101.63703478093359 17.19978177978183, -101.41957552723052 17.346528899628595, -101.18033423795167 17.242002734760007, -101.15895443460896 16.991288566608418, -100.92080833208071 16.886840876035834, -100.70365690560097 17.032543212898737, -100.46623274068305 16.927623868781755, -100.44633403206342 16.67757814569453, -100.21001740037002 16.572776980153453, -99.99324225250989 16.71744091248185, -99.75768712190833 16.6121911980727, -99.73925323715504 16.36286957802864, -99.50481659036461 16.2577770832158, -99.2884842111319 16.40140986494974, -99.05484693710821 16.295891995393692, -98.83843192620637 16.438915697470332, -98.60562051972452 16.33298015154726, -98.5895261599604 16.084636006585622, -98.35785247778516 15.978911455959917, -98.14198710869306 16.120912171411344, -98.15719058564409 16.36904088605614, -98.3891500711074 16.475386195767857, -98.40489108199044 16.724131211837896, -98.63799908422826 16.830680716026553, -98.85506967717338 16.687869357066294, -99.08902006494023 16.793993468216648, -99.30601969756351 16.650555765317552, -99.54078594042691 16.75624653852749, -99.55887681040024 17.005972165562948, -99.79477274057481 17.11181283079643, -100.01223697216894 16.9673349765395, -100.2489109479936 17.072718727979627, -100.26847277644508 17.32316179714955, -100.50626575797159 17.428656029204795, -100.72412792230372 17.283130337899028, -100.96265941620334 17.388144151361015, -100.98370896696142 17.639248665687074, -101.22334737395897 17.744332886991966, -101.44153879305733 17.597752551057432, -101.68187448177258 17.70233299514823, -101.70442737373195 17.954041569185705, -101.9458564525333 18.058651768407486, -101.96900514223543 18.310820332782797, -102.21152637435297 18.415435448259647, -102.43046062086867 18.26734816585735, -102.67362250824357 18.371420060685264, -102.8922587619652 18.22271387896714, -103.13603051831323 18.326236027843358, -103.1616320310039 18.578975468079786, -103.406465783991 18.682444673436773, -103.43268396414712 18.935575838448436, -103.67857722515072 19.038966527189945, -103.70541805597689 19.29246319548427, -103.95236808431198 19.395749549414536, -103.97983753966328 19.64958519750118, -104.22784133735429 19.752741170468095, -104.4478535186888 19.601585035869505, -104.69637371511293 19.704119813881658, -104.72541479553071 19.958273269670734, -104.97496891429489 20.060635018304396, -105.0046539782611 20.315064310301608, -104.78384554856835 20.467137484301954, -104.81323658812137 20.72182815565036, -104.59157976849974 20.873699402539874, -104.62067206422836 21.128624458078043, -104.39816566946544 21.280265937450892, -104.4269544532312 21.53539825247384, -104.6792091901046 21.63889571631817, -104.70865541631511 21.894221493717232, -104.96197623045022 21.997461710763428, -104.99208600010938 22.252952936758295, -105.24646879239262 22.35590870370565, -105.27724818372944 22.611537188164217, -105.05267313929131 22.76421760147673, -105.08315197368013 23.019970346497065, -105.33918339449616 23.123029341700388, -105.56414362740878 22.969918594380776, -105.82063690106 23.072223460665672, -105.85277366396977 23.32804128132787, -106.11031483860258 23.429979552929527, -106.14313929025904 23.685849194515125, -106.40172306237122 23.787393380405025, -106.43524115855465 24.043286139609922, -106.6948619102908 24.14440872895138, -106.72907956795343 24.40029582338839, -106.98973136191593 24.50096930677476, -107.02465445574657 24.756821894999007, -107.28633102987676 24.857018785823314, -107.51240282816909 24.701013274160807, -107.47649514948472 24.44524360538999, -107.70160781986012 24.288929757235802, -107.66543187489557 24.03320716220994, -107.40511741029948 23.93370497102453, -107.36964563054539 23.677956987509198, -107.11032701178897 23.57800092091119, -107.07555380517641 23.322256381634446, -106.81723751792752 23.221873729964308, -106.78315724401139 22.96616140516104, -106.52584945598086 22.865379467403407, -106.49245642936229 22.60972804476713, -106.23616299507177 22.50857410734105, -106.20345148875336 22.25301217212606, -105.94817795437886 22.151513487833313, -105.91614220305145 21.896069503141874, -105.66189381133515 21.794253270309305, -105.6305280145954 21.53895555759819, -105.37730970981843 21.43684889944936, -105.34660803531625 21.181725619289246, -105.56817326208281 21.02873890270575, -105.82080445326203 21.130422195902824, -105.8524562045963 21.3855135669857, -106.10610391845793 21.486917114876952, -106.13842271999889 21.742173338413657, -106.39308189181074 21.84327015779594, -106.42607343437807 22.09866301108926, -106.68173870367491 22.199426037023674)), ((-109.82275390208791 23.633193797530602, -109.78251683114335 23.37812819569902, -110.00273517952039 23.218651565482297, -110.26336006124824 23.313770249597567, -110.48275880311614 23.153676779511553, -110.4413775231028 22.89894558091821, -110.18151583464736 22.80410711080912, -110.14083640817945 22.549339767726963, -109.88183378854478 22.453995708033915, -109.66276339328607 22.613128534949066, -109.70252248972736 22.868085094661154, -109.48248461845738 23.02708722553627, -109.2228790535991 22.9306541703804, -109.00207350988501 23.089027562238634, -109.0406678855554 23.344301734173985, -109.30100710110061 23.441041366903832, -109.34030626685443 23.696279752948328, -109.60155460700767 23.792504225835756, -109.82275390208791 23.633193797530602)), ((-95.45665550304378 15.825382521942972, -95.24179761364786 15.963219221972937, -95.25120562200688 16.20904784010255, -95.47634116901055 16.31735684463004, -95.69189163439906 16.179169009110844, -95.6816132001582 15.933024984294663, -95.89660181351233 15.794544787146258, -96.12254778667149 15.901849942884875, -96.33764163154008 15.762732632574643, -96.56455322699593 15.869691790025085, -96.77972658408565 15.729944076879368, -97.00758063107834 15.836548703138146, -97.02048825282358 16.08354733556559, -97.24950372018779 16.190430479809073, -97.46536937669573 16.049671761455087, -97.69529571727796 16.15617690428065, -97.9111745378568 16.01479328994978, -97.89650222513474 15.767302908974868, -97.66683479389236 15.661432270523628, -97.4515803938252 15.802419352605067, -97.22280757091836 15.696177623993679, -97.20953732253759 15.44959136763275, -96.9819157454893 15.34363422203554, -96.76733145107029 15.483617656471997, -96.54063622786569 15.377312491737673, -96.3261191890515 15.516681527211452, -96.10037352294442 15.410036626178988, -95.88594933649199 15.548784314821264, -95.66117592505852 15.441808118038878, -95.4468699710151 15.579927831907233, -95.45665550304378 15.825382521942972)), ((-111.1499553253885 18.392266493637354, -110.93952448118048 18.550775529765964, -110.98046986375331 18.80296244583977, -110.76911461013827 18.96159609068811, -110.8098679243151 19.21419537767629, -111.0628315151862 19.30792055249015, -111.27429904284877 19.14874953000076, -111.23269300618026 18.896392470215705, -111.44322787104437 18.7373398277981, -111.40143788053345 18.48540251408061, -111.1499553253885 18.392266493637354)), ((-102.23527703922232 18.66803871255939, -102.01557893717388 18.81593437445425, -102.03900512930835 19.06886073126934, -102.28306260655357 19.173979399991367, -102.50324777610722 19.02564593517313, -102.47888895505285 18.77263360546656, -102.23527703922232 18.66803871255939)))",Pale Chirping Frog
110,22739,22086,Eleutherodactylus martinicensis,species,20978,Amphibia,2.32,"MULTIPOLYGON (((-66.88203726374385 18.358418826966627, -67.08386881176891 18.459275203468877, -67.25842487972736 18.367667301428042, -67.23081431947608 18.17473001527179, -67.02849019700011 18.073720348716098, -66.8542702016142 18.16580218386327, -66.65265407399613 18.064608162541305, -66.62476307531554 17.871183613838685, -66.42336867130919 17.76966579357332, -66.250365606679 17.861720249290816, -66.05761060564396 17.81773223505197, -65.89257812609873 17.96740517444708, -65.69872598688163 17.923168860154238, -65.53287550512123 18.072868422325868, -65.33793257497713 18.028377216263387, -65.17127090653167 18.17809129145314, -64.97524394113735 18.133338542971163, -64.80777823868975 18.28305489884136, -64.61067440699932 18.238033902483163, -64.44241216344658 18.387740189684457, -64.2442390522846 18.34244418950359, -64.07518810355658 18.492127947474703, -64.10488660410341 18.686813691167856, -64.30335958704774 18.731564943684266, -64.47183418433023 18.582174094113213, -64.66924198676263 18.626645300419593, -64.83692380367756 18.477231304057717, -65.03325869109027 18.521429325741188, -65.2001401166492 18.37200459883068, -65.39539477320406 18.415936248998346, -65.56146853702302 18.266513095957016, -65.75563606107424 18.31018513479254, -65.78404355717635 18.502720695090996, -65.97743470041323 18.54557657782191, -66.14210117663156 18.396459114749618, -66.3343960265165 18.43906417340817, -66.50722180025623 18.348473417996022, -66.70834176474335 18.449516846814134, -66.88203726374385 18.358418826966627)), ((-61.8192832743249 17.76974505543394, -62.02461658675506 17.81955250545563, -62.198208183853566 17.668849095266356, -62.16701585723682 17.46805259222671, -61.961955503863095 17.417714636206842, -61.93057430619508 17.215794223448704, -62.104530098920435 17.06446243024672, -62.30931528746525 17.115336519982456, -62.340419714681815 17.317005121627172, -62.54446123312039 17.367041342544074, -62.575376785472855 17.567587739571938, -62.77867207483101 17.616787043173993, -62.950768802233355 17.465980509536415, -62.92013042292572 17.265690560069572, -62.717118045102154 17.21594956850266, -62.68629084211216 17.014539238663318, -62.48252949128292 16.96396128209653, -62.45151322879801 16.76143143998622, -62.24700539583975 16.710015698452967, -62.21579985889744 16.506367534738807, -62.01054815832242 16.454113471204952, -61.979153153198865 16.24934850726769, -62.153287421431145 16.097106451864875, -62.12198044838371 15.891498079622233, -61.91626138946799 15.837859119469863, -61.884764558841425 15.631139489491943, -61.67830425314935 15.576662592946622, -61.646617401142336 15.36883416343436, -61.4394187723515 15.313519838588283, -61.40754175740241 15.104585427058703, -61.58314124036082 14.951247079578861, -61.55135186013683 14.741493986619368, -61.343684900125 14.684794033982502, -61.311704986916794 14.473942876402146, -61.10330277799703 14.416408596137902, -61.07113222174195 14.204463200260301, -61.2476420142316 14.050344861508867, -61.21555888393182 13.837604360098787, -61.006687603899664 13.778686209018506, -60.97441347209937 13.564861242352022, -60.764810292493806 13.505113943972095, -60.58722179223126 13.659742331221832, -60.61977387143327 13.87386317101469, -60.82963671994111 13.933060818704323, -60.86199800606728 14.146096239976282, -60.68477400661126 14.300222388977177, -60.71722213159464 14.512454131174339, -60.539827109212894 14.666313270334182, -60.57236175365048 14.877727551595234, -60.78201466898362 14.935005971901727, -60.814359150487476 15.145319976419723, -61.02328655349058 15.201763241879805, -61.05544093027706 15.4109732957759, -61.263639437926315 15.46658007828574, -61.295603791747766 15.674682886078172, -61.11964663017109 15.827447282490088, -61.15169802308739 16.034705916323354, -60.97556506934579 16.187156962657816, -61.007703197667695 16.393559207447602, -61.21569806946536 16.44725386595739, -61.24764679280253 16.652538399032924, -61.45491260540638 16.70539369001476, -61.62996330446083 16.55349857813132, -61.83622765892807 16.606050134597062, -61.86771041950354 16.80995994981506, -61.69320564482251 16.96157430419013, -61.724775880319754 17.164617579540007, -61.550088797213476 17.31589294339274, -61.58174622320715 17.518058639030063, -61.406878809402684 17.668978572884967, -61.43862313758365 17.870256001953265, -61.64495932986648 17.920377451813504, -61.8192832743249 17.76974505543394)), ((-61.72877984530527 11.927024133161403, -61.552625556975954 12.082355759932579, -61.584547995988174 12.299190703260566, -61.792343969242495 12.360356433281394, -61.96794270103409 12.205258122365064, -61.93630117538302 11.988761707899473, -61.72877984530527 11.927024133161403)), ((-61.50413921953226 13.100875523493155, -61.295800909661125 13.040841850651942, -61.26370201710665 12.82548157827585, -61.054625377338624 12.764622125259283, -60.87738336416436 12.919682135389586, -60.90976138730052 13.135355618478815, -61.1191024924822 13.195656900669753, -61.151289158437294 13.41025693179878, -61.35989513163548 13.469730701928164, -61.53604659101475 13.315163322992674, -61.50413921953226 13.100875523493155)), ((-62.667922606244815 18.16523112528719, -62.870752729583245 18.213058941592703, -62.901379657398834 18.41048060434645, -63.103461443470565 18.457474574436795, -63.27463008007524 18.307581169243793, -63.24427973404576 18.110403987938163, -63.04248409033582 18.062874587295735, -63.01194559900986 17.864574205972385, -62.809398975010936 17.816210596882055, -62.637107435538326 17.966684306188032, -62.667922606244815 18.16523112528719)), ((-59.34876704509952 13.510891681837437, -59.561992110049815 13.572313852193199, -59.74149063149213 13.417421580004675, -59.70828046064088 13.200855987461951, -59.88762051934867 13.045713026712118, -59.85449592354044 12.828367619789264, -59.64175495791734 12.765874307914443, -59.46189554103097 12.92126517629615, -59.24820515117429 12.858491939196274, -59.067678618156506 13.013886243004803, -59.10135409797431 13.231802902218345, -59.315281562530174 13.29404489383095, -59.34876704509952 13.510891681837437)), ((-64.58134207221843 18.04274207711826, -64.7493902973297 17.892735804954206, -64.9461883211465 17.938312344831274, -65.11343628350693 17.788309107655774, -65.08447079320861 17.59244302670148, -64.88798039829798 17.54630529981782, -64.72014784409171 17.696595892403497, -64.52258012140135 17.650193089897503, -64.35395122075535 17.800487520304074, -64.38347071980198 17.996895524435445, -64.58134207221843 18.04274207711826)))",Martinique Robber frog
111,22761,22086,Eleutherodactylus cochranae,species,20978,Amphibia,2.32,"MULTIPOLYGON (((-67.17549857571207 17.7868991342639, -67.00075363455592 17.87996719255208, -66.79864164575503 17.778623574459804, -66.62476307531554 17.871183613838685, -66.42336867130919 17.76966579357332, -66.250365606679 17.861720249290816, -66.05761060564396 17.81773223505197, -65.89257812609873 17.96740517444708, -65.69872598688163 17.923168860154238, -65.53287550512123 18.072868422325868, -65.33793257497713 18.028377216263387, -65.17127090653167 18.17809129145314, -64.97524394113735 18.133338542971163, -64.80777823868975 18.28305489884136, -64.61067440699932 18.238033902483163, -64.44241216344658 18.387740189684457, -64.47183418433023 18.582174094113213, -64.66924198676263 18.626645300419593, -64.83692380367756 18.477231304057717, -65.03325869109027 18.521429325741188, -65.2001401166492 18.37200459883068, -65.39539477320406 18.415936248998346, -65.42407801362236 18.60873775302252, -65.61855921850626 18.651851212038956, -65.78404355717635 18.502720695090996, -65.97743470041323 18.54557657782191, -66.00565714423114 18.73700442445029, -66.19827103577789 18.779047364375696, -66.36234352556043 18.63022354284743, -66.56296705825419 18.73111540414268, -66.73613853679817 18.640998561712685, -66.93747715823969 18.74170076558279, -67.11151094556921 18.651074503451987, -67.08386881176891 18.459275203468877, -67.25842487972736 18.367667301428042, -67.23081431947608 18.17473001527179, -67.40589307163232 18.082137986590325, -67.37831488638302 17.888061189000158, -67.17549857571207 17.7868991342639)), ((-62.870752729583245 18.213058941592703, -62.901379657398834 18.41048060434645, -63.103461443470565 18.457474574436795, -63.27463008007524 18.307581169243793, -63.24427973404576 18.110403987938163, -63.04248409033582 18.062874587295735, -62.870752729583245 18.213058941592703)), ((-61.59829112857679 16.348470414175388, -61.773160324472826 16.196255875667582, -61.74157567907024 15.990375971714462, -61.534844587903606 15.936444824965532, -61.3594298026768 16.088935288974373, -61.39129153019128 16.295079842595026, -61.59829112857679 16.348470414175388)))",Whistling Coqui
112,22771,22086,Eleutherodactylus antillensis,species,20978,Amphibia,2.32,"MULTIPOLYGON (((-68.13805621137057 17.90214191316454, -67.93387251924179 17.801364960847238, -67.75742369968087 17.895455937609153, -67.78483956327055 18.08985133035213, -67.98853897608588 18.19047018785887, -68.16530580755067 18.09685077517629, -68.13805621137057 17.90214191316454)), ((-66.42336867130919 17.76966579357332, -66.250365606679 17.861720249290816, -66.05761060564396 17.81773223505197, -65.89257812609873 17.96740517444708, -65.69872598688163 17.923168860154238, -65.53287550512123 18.072868422325868, -65.33793257497713 18.028377216263387, -65.17127090653167 18.17809129145314, -64.97524394113735 18.133338542971163, -64.80777823868975 18.28305489884136, -64.61067440699932 18.238033902483163, -64.44241216344658 18.387740189684457, -64.2442390522846 18.34244418950359, -64.07518810355658 18.492127947474703, -64.10488660410341 18.686813691167856, -64.30335958704774 18.731564943684266, -64.47183418433023 18.582174094113213, -64.66924198676263 18.626645300419593, -64.83692380367756 18.477231304057717, -65.03325869109027 18.521429325741188, -65.2001401166492 18.37200459883068, -65.39539477320406 18.415936248998346, -65.42407801362236 18.60873775302252, -65.61855921850626 18.651851212038956, -65.78404355717635 18.502720695090996, -65.97743470041323 18.54557657782191, -66.00565714423114 18.73700442445029, -66.19827103577789 18.779047364375696, -66.36234352556043 18.63022354284743, -66.56296705825419 18.73111540414268, -66.73613853679817 18.640998561712685, -66.93747715823969 18.74170076558279, -67.11151094556921 18.651074503451987, -67.31355158249686 18.751579595935052, -67.48843833218716 18.660441258620118, -67.46095475306372 18.468329209623896, -67.63636187237029 18.376208911080145, -67.60891174457464 18.18295592188144, -67.40589307163232 18.082137986590325, -67.37831488638302 17.888061189000158, -67.17549857571207 17.7868991342639, -67.00075363455592 17.87996719255208, -66.79864164575503 17.778623574459804, -66.62476307531554 17.871183613838685, -66.42336867130919 17.76966579357332)), ((-61.534844587903606 15.936444824965532, -61.3594298026768 16.088935288974373, -61.39129153019128 16.295079842595026, -61.59829112857679 16.348470414175388, -61.773160324472826 16.196255875667582, -61.74157567907024 15.990375971714462, -61.534844587903606 15.936444824965532)), ((-62.92013042292572 17.265690560069572, -62.717118045102154 17.21594956850266, -62.54446123312039 17.367041342544074, -62.575376785472855 17.567587739571938, -62.77867207483101 17.616787043173993, -62.950768802233355 17.465980509536415, -62.92013042292572 17.265690560069572)), ((-64.35395122075535 17.800487520304074, -64.38347071980198 17.996895524435445, -64.58134207221843 18.04274207711826, -64.7493902973297 17.892735804954206, -64.9461883211465 17.938312344831274, -65.11343628350693 17.788309107655774, -65.08447079320861 17.59244302670148, -64.88798039829798 17.54630529981782, -64.72014784409171 17.696595892403497, -64.52258012140135 17.650193089897503, -64.35395122075535 17.800487520304074)), ((-63.04248409033582 18.062874587295735, -62.870752729583245 18.213058941592703, -62.901379657398834 18.41048060434645, -63.103461443470565 18.457474574436795, -63.27463008007524 18.307581169243793, -63.24427973404576 18.110403987938163, -63.04248409033582 18.062874587295735)))",Antillean Coqui
113,22782,22086,Eleutherodactylus pipilans,species,20978,Amphibia,2.32,"MULTIPOLYGON (((-101.63703478093359 17.19978177978183, -101.41957552723052 17.346528899628595, -101.18033423795167 17.242002734760007, -101.15895443460896 16.991288566608418, -100.92080833208071 16.886840876035834, -100.70365690560097 17.032543212898737, -100.46623274068305 16.927623868781755, -100.44633403206342 16.67757814569453, -100.21001740037002 16.572776980153453, -99.99324225250989 16.71744091248185, -99.75768712190833 16.6121911980727, -99.73925323715504 16.36286957802864, -99.50481659036461 16.2577770832158, -99.2884842111319 16.40140986494974, -99.05484693710821 16.295891995393692, -98.83843192620637 16.438915697470332, -98.60562051972452 16.33298015154726, -98.5895261599604 16.084636006585622, -98.35785247778516 15.978911455959917, -98.14198710869306 16.120912171411344, -97.9111745378568 16.01479328994978, -97.89650222513474 15.767302908974868, -97.66683479389236 15.661432270523628, -97.4515803938252 15.802419352605067, -97.22280757091836 15.696177623993679, -97.20953732253759 15.44959136763275, -96.9819157454893 15.34363422203554, -96.76733145107029 15.483617656471997, -96.54063622786569 15.377312491737673, -96.3261191890515 15.516681527211452, -96.10037352294442 15.410036626178988, -95.88594933649199 15.548784314821264, -95.66117592505852 15.441808118038878, -95.4468699710151 15.579927831907233, -95.45665550304378 15.825382521942972, -95.24179761364786 15.963219221972937, -95.01785031793509 15.85524829561559, -94.80314840189679 15.992435440382248, -94.58023309395091 15.884145035574369, -94.36571214192955 16.020676891779253, -94.1438498593098 15.912076128911728, -94.13664416340706 15.667627884620588, -93.91597624401874 15.559413797925856, -93.70239212966564 15.694961716697021, -93.48280198957211 15.586460634198609, -93.4769069422829 15.343105817220877, -93.25851061671777 15.235024231361107, -93.25306786276924 14.992417073514583, -93.03586042933952 14.884773206451962, -93.0308636893871 14.642932013690245, -92.81484013079739 14.535743601188626, -92.60373229348768 14.669691734482429, -92.38881578415916 14.562265799658395, -92.38507762772072 14.321603407180312, -92.17134264768963 14.214663024972067, -92.16803097267183 13.974805292576471, -91.95547208278867 13.868366933011101, -91.74617439854028 14.001069697428226, -91.53474450362279 13.894427755705749, -91.53265256871212 13.65580601256289, -91.32239510608667 13.549694178528066, -91.11420088886358 13.681480319519638, -90.90508997194351 13.575185421543724, -90.6972624027697 13.706357841878715, -90.4893131709486 13.599888339495063, -90.28187283125682 13.730443311697204, -90.07509986736974 13.62380770790928, -90.07575814746058 13.387352861201501, -89.87015426101266 13.281296924601817, -89.66391177183226 13.410959788066233, -89.45949820328767 13.30475736687196, -89.25369023968972 13.433805158828385, -89.2514998127843 13.669316396030327, -89.45587872524528 13.776258553456934, -89.45405881194652 14.01262179826006, -89.65961329776204 14.120151866733327, -89.86701745853769 13.990580641580062, -90.0737758756804 14.097950539193167, -90.07311013606406 14.335624378456627, -90.28105090139064 14.443556501888333, -90.48966664129271 14.313082416845258, -90.69879705269928 14.420833931789808, -90.90780437661113 14.289720591953584, -91.11810960063269 14.39728257840502, -91.11942240285782 14.636681418251689, -91.33091484986977 14.74476650036401, -91.54106806669326 14.612729929164347, -91.75371845337723 14.72060426938587, -91.75625234503669 14.961231597483195, -91.97009432596529 15.069600308517192, -92.18135367081463 14.936626206999295, -92.39633506169211 15.044762373207778, -92.40011634764265 15.286581288436603, -92.61629272549546 15.395181850632426, -92.62051179374564 15.637756583096685, -92.40772263081242 15.771321625107504, -92.1914802254056 15.66201530104701, -91.97900269740465 15.794910756869665, -91.98199504910568 16.037396375865356, -92.19829643706159 16.147407984000274, -92.41154779672179 16.014227317019365, -92.62899887769758 16.123975901030647, -92.63326708295992 16.36760449455764, -92.85193237140514 16.47777699022807, -92.85665003393194 16.722109431714106, -93.0765349734251 16.83268700692154, -93.08170857713526 17.077703783607834, -93.30281851832491 17.18866712643017, -93.51865596834675 17.05392558243268, -93.74088716210747 17.16457353550102, -93.95696947342853 17.02912805054619, -94.18030173744698 17.139450597545842, -94.3966039711198 17.003305750760603, -94.62101653365315 17.113293000362287, -94.83751344571111 16.976453708756846, -95.06298495382565 17.08609590372195, -95.07211835248927 17.333242068674107, -95.29880124538546 17.443190326039833, -95.51617720452259 17.305330042971697, -95.74389116825522 17.414908355137538, -95.754414220849 17.663000000026265, -95.98333724162146 17.772847554250504, -95.99437236087947 18.021533822590676, -96.22450791739023 18.13162863665266, -96.44339780846545 17.99239309019828, -96.4314612902225 17.743405448875645, -96.20153695158747 17.633953017677165, -96.19011936490436 17.385553780299922, -95.96139731311362 17.27635497639442, -95.95049199353825 17.02856627973488, -96.16741865582544 16.889676569949266, -96.15613500837205 16.642216041490737, -95.92880938281482 16.533947594699207, -95.91803159316785 16.28713480553849, -96.13369983025886 16.14829422055295, -96.36082159663064 16.255907863139456, -96.57658176691535 16.116420992452564, -96.80466220830469 16.223673695099453, -97.02048825282358 16.08354733556559, -97.24950372018779 16.190430479809073, -97.26293022791987 16.43808013517274, -97.49310955699559 16.545220413152016, -97.50706138849878 16.79349945288186, -97.73840686012208 16.900875047802575, -97.7528904924967 17.149761392224097, -97.9854042216515 17.257350063582088, -98.20316045550665 17.115428609473945, -98.43655933865901 17.222592680467493, -98.65428403168166 17.08001956526594, -98.88854197459175 17.18675062081695, -98.905377292734 17.436660408551155, -99.14078641652479 17.543549973349766, -99.35904164143219 17.399928124537816, -99.59527302045775 17.506360479986366, -99.8134253265222 17.362094922739242, -100.05045146709546 17.468062085829875, -100.26847277644508 17.32316179714955, -100.50626575797159 17.428656029204795, -100.72412792230372 17.283130337899028, -100.96265941620334 17.388144151361015, -100.98370896696142 17.639248665687074, -101.22334737395897 17.744332886991966, -101.24498169853811 17.9959303889846, -101.48572638569047 18.101060617600123, -101.50795173565015 18.353126329122873, -101.28850836948239 18.499943540631687, -101.04735949898588 18.39426275666724, -101.02605851655659 18.1423172981081, -100.78602787309754 18.03667420775851, -100.7653129298112 17.7852050540353, -100.52640098846183 17.679624259417448, -100.30782879760908 17.824946867919788, -100.06967212439831 17.718876971857068, -99.85095220658526 17.86355632285186, -99.61357920234381 17.75700505876179, -99.39473992510689 17.901032032652243, -99.1581785694296 17.794007388714295, -98.93924821972247 17.9373732269034, -98.95628461847102 18.18815802628407, -99.19317035584537 18.295775414519383, -99.41269540520705 18.15201335945102, -99.6504098489893 18.259149276093094, -99.86982737275306 18.114717291284435, -100.10834248954045 18.221363494404955, -100.12779310016948 18.473016568041444, -100.3674506105252 18.579733385861918, -100.3874831470094 18.83185390278925, -100.62828311996635 18.938616669614174, -100.6489040830086 19.19117960342904, -100.89084636987165 19.297963326177392, -101.11177325895329 19.151630418920078, -101.35445107366156 19.257866633403783, -101.57516022259104 19.110856624264304, -101.55266813052825 18.858033871423117, -101.77262448411543 18.71078661898617, -102.01557893717388 18.81593437445425, -102.03900512930835 19.06886073126934, -102.28306260655357 19.173979399991367, -102.50324777610722 19.02564593517313, -102.74794866777472 19.130195182160087, -102.96782764785544 18.981216115929332, -102.94253804044624 18.728135501453433, -102.69829958745643 18.624100228988578, -102.47888895505285 18.77263360546656, -102.23527703922232 18.66803871255939, -102.21152637435297 18.415435448259647, -102.43046062086867 18.26734816585735, -102.67362250824357 18.371420060685264, -102.8922587619652 18.22271387896714, -103.13603051831323 18.326236027843358, -103.1616320310039 18.578975468079786, -103.406465783991 18.682444673436773, -103.43268396414712 18.935575838448436, -103.67857722515072 19.038966527189945, -103.70541805597689 19.29246319548427, -103.95236808431198 19.395749549414536, -104.1719679799184 19.245053064695895, -104.4194505940216 19.347734594171637, -104.4478535186888 19.601585035869505, -104.69637371511293 19.704119813881658, -104.72541479553071 19.958273269670734, -104.97496891429489 20.060635018304396, -105.19493021971144 19.908387690041582, -105.44495066413559 20.010106552660226, -105.47557225600144 20.264514134791483, -105.2552380884238 20.417226572223928, -105.28557294215584 20.67190427743585, -105.06438105484038 20.824434696700177, -105.09442446832534 21.07935556357977, -104.87237345003605 21.23167608953554, -104.9021206710637 21.486813019803577, -105.15487458824224 21.58961778354507, -105.1852827280591 21.844938685121058, -105.43908494369971 21.947469520925086, -105.66189381133515 21.794253270309305, -105.6305280145954 21.53895555759819, -105.37730970981843 21.43684889944936, -105.34660803531625 21.181725619289246, -105.56817326208281 21.02873890270575, -105.537182836786 20.773840434689195, -105.75787972852456 20.620663857211674, -105.72660528482481 20.366017266764242, -105.94643547761567 20.212678725972662, -105.91488169650641 19.95831093437939, -105.66442860052148 19.85723989166592, -105.6335249226092 19.603129238487572, -105.38407132707422 19.501852827618436, -105.3538121777434 19.248026668222934, -105.10536253296345 19.14657117527716, -105.07574231036607 18.89305661685431, -104.82830079501316 18.791448155573995, -104.60993956517635 18.942893600713457, -104.36298176707967 18.84068558727029, -104.33491456163594 18.587506653208035, -104.08898504689049 18.485187653248097, -103.87061155757094 18.63556640557115, -103.62521402949754 18.53266939788469, -103.5986904305876 18.279888358306813, -103.35433988964199 18.17692217507862, -103.32843097379099 17.924550071481285, -103.08513004681409 17.821540094026997, -102.86726792668506 17.970392067379237, -102.62456040876424 17.86684228635938, -102.60017425641692 17.614963674580764, -102.35853297709986 17.511411294994453, -102.1408362285351 17.659208631459844, -101.89983280264373 17.55513889448541, -101.87695678037423 17.30381332968612, -101.63703478093359 17.19978177978183)), ((-86.5583639657976 12.122567916880097, -86.77719213981648 12.216297012794406, -86.79328106402436 12.436168408097066, -87.01171341435467 12.529209102536655, -87.21416883995754 12.40274733056502, -87.1983990407011 12.182887356396389, -86.97985434592654 12.08947607252534, -86.96388909871538 11.868566891493124, -86.74494221394758 11.774470079355812, -86.72878110969586 11.552521270546308, -86.50943808236208 11.45775030122014, -86.30638164854938 11.585294447187023, -86.3228617329578 11.807245502357256, -86.54207964813911 11.901651824847772, -86.5583639657976 12.122567916880097)), ((-88.84512575946111 13.455894391366837, -89.05048006788809 13.327464626075864, -89.05303528705514 13.09281979848733, -88.8509869911628 12.987094112587243, -88.6464358798421 13.115269760993298, -88.44560258814899 13.009424737682785, -88.24153017970508 13.13698857373559, -88.23748325422358 13.37064160649227, -88.43824960594065 13.477233172075593, -88.64313151058325 13.349424139467553, -88.84512575946111 13.455894391366837)), ((-96.71206321483506 18.85153654951158, -96.7246751179244 19.10187090719454, -96.95846763864293 19.212571359222956, -97.17940573300037 19.072313600780706, -97.16587195759395 18.82169774976489, -96.93232250622764 18.711619399427917, -96.71206321483506 18.85153654951158)))",Guerrero Peeping Frog
114,22822,22791,Telmatobius culeus,species,20978,Amphibia,2.32,"MULTIPOLYGON (((-71.57952953203493 -13.209689476959204, -71.81145273979274 -13.111565366691892, -71.83961709127244 -12.86167432109754, -72.07163602201324 -12.762879571795779, -72.27601489412247 -12.914155973762469, -72.2481037605101 -13.164447854622434, -72.45307404953452 -13.315850947919392, -72.68621560986267 -13.216742977717052, -72.7138684133716 -12.966063161971675, -72.94707377883809 -12.866301848567787, -73.1531335529506 -13.01738108205697, -73.12574414712518 -13.268435739510256, -72.89203029155267 -13.36803721100695, -72.8644507953889 -13.618648831024853, -72.63079431379884 -13.717586703333474, -72.60302568579763 -13.96773150827215, -72.36943638765668 -14.065986887283898, -72.16413831551553 -13.914276844710354, -71.9311536315723 -14.012021514457828, -71.72672720054058 -13.860196267881825, -71.7550078606188 -13.610835811203431, -71.55118237468184 -13.459121242343864, -71.31936452958955 -13.556556278812042, -71.11643491877116 -13.404757858680957, -71.14502762870774 -13.155744774673371, -71.37630571594879 -13.058110670225059, -71.57952953203493 -13.209689476959204)), ((-67.90426980496758 -18.184355758581496, -68.10327295795999 -18.338552628564806, -68.07253386319351 -18.57897723709792, -67.84258020314468 -18.664743422361145, -67.81167503040339 -18.904385311593945, -67.58196442330987 -18.98923058931143, -67.38378163952862 -18.834767334247477, -67.15494961667288 -18.91902233285938, -67.12367564769714 -19.157398329347846, -66.89511023121267 -19.240718363142825, -66.69845176865951 -19.086012230429944, -66.72992415272516 -18.848112427636426, -66.95785801881118 -18.76444198762396, -66.98917163257275 -18.5257388409886, -66.79274853684309 -18.371189900257672, -66.82410065261939 -18.13218241254729, -67.05167859235698 -18.04724082116278, -67.08287205515187 -17.80746144754002, -67.31071700872921 -17.721611272516387, -67.34175040945205 -17.481077228896428, -67.56985325823528 -17.39433000724909, -67.60072520578925 -17.153058957882344, -67.40369760403766 -16.999020764131416, -67.17621307463583 -17.086096382916274, -67.14513923806906 -17.326881264367483, -66.91791738807977 -17.413068020983914, -66.88668502053063 -17.653113635444665, -66.6597348864312 -17.73839982063656, -66.62834539978715 -17.977688707392215, -66.40167597291709 -18.062063088342274, -66.37013079630354 -18.300578234210263, -66.56544668545186 -18.455211849812336, -66.53393734340301 -18.693430687970658, -66.30692060858877 -18.77652241685239, -66.1120516001502 -18.621754898349483, -65.88597037066833 -18.70427388140662, -65.85411816852681 -18.941192314083462, -66.0485328458049 -19.096087706159526, -66.01671339989446 -19.332680779701768, -65.79029378722251 -19.41388224746248, -65.75832149702538 -19.64963912512947, -65.5322137868436 -19.729881508922233, -65.50009014566184 -19.96478726436367, -65.69425643965741 -20.119940727349416, -65.66216356121505 -20.35447129917715, -65.85701323578766 -20.5096219556634, -65.82495222213689 -20.743755693851515, -65.59785682634306 -20.82225720732133, -65.4034780702824 -20.667010141822658, -65.43572234242929 -20.43335851830814, -65.24202967688954 -20.27810206780247, -65.01657218145179 -20.35640075702999, -64.82404794390615 -20.201054490749218, -64.8564963322485 -19.967513607273265, -64.66465843214513 -19.81219754717173, -64.69713234825355 -19.578297876163337, -64.5059795443269 -19.42303502456929, -64.53847794083681 -19.188798230913452, -64.761960838832 -19.10930832462159, -64.953601963729 -19.2644540067666, -65.17808051657407 -19.184400177391407, -65.21026242546165 -18.948809669796805, -65.43507000147004 -18.86780208333642, -65.46710363487945 -18.631388420097757, -65.69223158704814 -18.549436108743866, -65.72411545012746 -18.312214741735787, -65.94955507521492 -18.229327211258788, -65.98128768841232 -17.991314047745416, -65.78776391770936 -17.83669940333181, -65.56296604116275 -17.919956268012847, -65.37057612743241 -17.765303953222162, -65.40252007387778 -17.527544486579497, -65.62667610819389 -17.44391768763584, -65.65847184271203 -17.205396272130223, -65.88293929303344 -17.12085977775364, -65.91458534969429 -16.881593262278724, -66.13935557578924 -16.796157879430993, -66.33311167881017 -16.950343522077038, -66.55880494487971 -16.864366455154343, -66.59011175204748 -16.623858235353516, -66.81608589712978 -16.53699695941968, -67.01137591649065 -16.690981788492124, -67.23824152868333 -16.603577372857046, -67.43461151534822 -16.757514519655302, -67.66234964468323 -16.6695622230716, -67.69310225444704 -16.427352957930832, -67.9210848633912 -16.338536641136724, -68.11892197024014 -16.492241664889843, -68.34774338425983 -16.4028772941062, -68.37812281115737 -16.159505625132283, -68.60716524831066 -16.06929511387389, -68.63737784486497 -15.825261480452882, -68.43876274948617 -15.671912863868185, -68.46902338210077 -15.427708889774307, -68.697684332265 -15.336381149430537, -68.72777834515638 -15.091551790527824, -68.95664692902723 -14.999415334185528, -69.15600807182338 -15.152384672221942, -69.38565761965252 -15.059721010209115, -69.58601212678342 -15.212622360401966, -69.81642121920659 -15.119428286705269, -69.84589851425442 -14.87307616190857, -70.07647626106805 -14.779100559081675, -70.27814428079192 -14.931725838825473, -70.24889950181465 -15.178519527474785, -70.45119138272408 -15.33124109852777, -70.42200575056161 -15.577875231957785, -70.1902916420831 -15.671354648408382, -70.16092843244623 -15.917378264844443, -69.9293716338749 -16.010057458771673, -69.8998320387675 -16.255449718868437, -69.66844217853378 -16.34731339854313, -69.46717208021101 -16.194050686333593, -69.236543121697 -16.28535958373472, -69.20660129622843 -16.529654942918995, -69.40751409884493 -16.683087206757, -69.37762539714568 -16.927155881559518, -69.14659821725117 -17.017344505913634, -69.11653683784188 -17.2607217945066, -68.88570535316 -17.35005181411156, -68.85547257484907 -17.592718561429468, -68.62484632025244 -17.68117655595888, -68.42505487321645 -17.527268746365166, -68.19524924253263 -17.615151725132037, -68.1646305864182 -17.85663191263495, -67.93505435552773 -17.943625642899367, -67.90426980496758 -18.184355758581496), (-68.51628931343875 -16.7996670930089, -68.28686531151925 -16.888728869975523, -68.25636654407691 -17.131192030786487, -68.45550628958321 -17.28505655699608, -68.6855319246877 -17.196296961466754, -68.71581477584898 -16.9533712846453, -68.51628931343875 -16.7996670930089)), ((-69.99269590785802 -13.63793198463719, -70.1934517784187 -13.790075868986445, -70.16426665967063 -14.037650791527012, -69.9340945141499 -14.132630120007844, -69.90473509851309 -14.379668053729473, -69.67472772201131 -14.473891515606063, -69.47465286670362 -14.321323910703734, -69.504239414524 -14.074742622461615, -69.73367504265676 -13.980271658096218, -69.76308996804889 -13.733149094476822, -69.99269590785802 -13.63793198463719)), ((-70.88527779423342 -13.501694907406842, -70.8565058863625 -13.750220512276773, -70.62547928920884 -13.846442763553469, -70.423779236246 -13.694357277710164, -70.452788887668 -13.446267534860496, -70.68326218412538 -13.34982671133154, -70.88527779423342 -13.501694907406842)))",Crawford's water frog
115,22844,22843,Ceratophrys cranwelli,species,20978,Amphibia,2.32,"MULTIPOLYGON (((-64.56301598586987 -22.053783410279046, -64.5302055864933 -22.283327045653184, -64.72332532282354 -22.43884327808148, -64.69054005061261 -22.667907110710704, -64.88435846951072 -22.823343330056964, -64.85159940469897 -23.051907404228935, -64.62484748539843 -23.124569552543356, -64.59194008420789 -23.35215639137107, -64.78595875889192 -23.507539469250602, -64.75307706825224 -23.734595930306803, -64.94779947546563 -23.889848405366532, -64.91494459113557 -24.1163552936063, -65.11037200013345 -24.271454882122313, -65.07754503070464 -24.497393263545323, -65.27367867221096 -24.652317768495262, -65.2408807391658 -24.87766898031312, -65.01176708679175 -24.947664829591083, -64.81613280901344 -24.79271217328593, -64.84911131355788 -24.567792547148404, -64.65418586691456 -24.412659734816344, -64.68719067717207 -24.187161558024894, -64.49297275661719 -24.031870621581465, -64.26626027498128 -24.102045516686836, -64.23308354484394 -24.327095420265064, -64.42678972628079 -24.482419361461076, -64.39363660481779 -24.706899327876858, -64.5880527422123 -24.862060020125266, -64.55492431778391 -25.08595168429078, -64.75005178994445 -25.24092726289895, -64.97881599952174 -25.171987529602625, -65.17516037499486 -25.326738101045258, -65.1422378295849 -25.550445783479443, -64.91278931214553 -25.618981243949076, -64.8797135990594 -25.841642327824044, -64.65061940009404 -25.909113763127248, -64.61739215059562 -26.130720078397584, -64.81343715140466 -26.285268817600123, -64.78023630366816 -26.506224849098952, -64.97699918048207 -26.660519251038505, -65.20747093197946 -26.59385257720514, -65.40545676701666 -26.747871365033294, -65.372468611493 -26.968556070891267, -65.5711720941142 -27.12228225984444, -65.80335842926995 -27.05532211354904, -66.00327088058876 -27.208737799869766, -65.97050837304458 -27.42910958173737, -65.73763771168677 -27.495687154439622, -65.7047137431184 -27.71497090880833, -65.90485589732712 -27.868048936774898, -65.8719658069659 -28.086608186355512, -65.63873828452056 -28.151720100495762, -65.60568667359792 -28.369177505715424, -65.37279614216772 -28.43319960189345, -65.33958465678022 -28.64954916427199, -65.53945538595117 -28.802238556557384, -65.77303939177176 -28.738596260920342, -65.97413538857917 -28.8909255950859, -66.20874023198407 -28.82656122339432, -66.4110481733811 -28.978512409724445, -66.64665390250316 -28.913415542206543, -66.85015978786403 -29.064970504650564, -66.81758741708695 -29.281601499704564, -67.02181452588748 -29.4327233703313, -66.9892839419205 -29.648561420237165, -67.19423300536623 -29.799230411375333, -67.16174549292214 -30.014261432127302, -67.36741719118933 -30.164458000996355, -67.3349740485639 -30.378668279903785, -67.09663974945059 -30.4423704334012, -67.0640213851284 -30.655442027027462, -67.26995659810696 -30.805117202042304, -67.23738215536697 -31.01734973559058, -67.44404502041351 -31.166512180329303, -67.41151581633889 -31.37789299140676, -67.61890694433764 -31.526524139873118, -67.58642430980532 -31.73704094564316, -67.79454425738065 -31.885122508525562, -68.03559651967069 -31.822721161008985, -68.067848927676 -31.611923427455967, -68.3091594606275 -31.548401464442804, -68.51888729193733 -31.695985615211207, -68.48687162030085 -31.907056839717516, -68.69732075517096 -32.05405827267588, -68.66535932420918 -32.2642382341705, -68.87652996246554 -32.41063915417531, -68.84462417324329 -32.61991653155468, -68.60130298233298 -32.68253593063409, -68.56920792561644 -32.89064893429684, -68.7806787219177 -33.03639465874775, -68.74863891238145 -33.24359094870333, -68.50488367543674 -33.30479209318879, -68.47265433562465 -33.51081804919868, -68.22914408182648 -33.57088879737659, -68.19672678358776 -33.77574203725358, -67.95347269260421 -33.83468257369283, -67.92086903285963 -34.0383610843189, -68.13175715108896 -34.18334297946491, -68.09920467108401 -34.38608724853312, -67.85552645630837 -34.44360872355992, -67.64509384062269 -34.29867409394064, -67.40238543518906 -34.355356236940395, -67.36941394112502 -34.556680684945306, -67.12699496129157 -34.61223536295755, -67.0938420421686 -34.81238117447759, -66.85172347338775 -34.86681000533908, -66.64346920034733 -34.72139311666055, -66.67684427568062 -34.521494252769365, -66.4693444685104 -34.37545498278585, -66.5027606198441 -34.174632552632104, -66.2960143873533 -34.027986915047634, -66.32947028192626 -33.82625002806922, -66.12347668033175 -33.67901432837223, -66.15697100014295 -33.47637246181788, -66.39624795320962 -33.42069623569035, -66.4295698637842 -33.21688281560864, -66.22382602634832 -33.06902089296266, -66.25718686490059 -32.86431493002067, -66.49608016902454 -32.807192261399244, -66.52926869720525 -32.60131911214283, -66.32377552288708 -32.452852622740615, -66.08558872271315 -32.51030925422037, -65.88133833404436 -32.36135320580759, -65.64419632869063 -32.41803713208655, -65.44120279980451 -32.268609902234765, -65.20512585115269 -32.324532915563275, -65.00340254228966 -32.174652928212154, -65.03723148270458 -31.96879942092, -65.27259156704802 -31.91251867668648, -65.30625875645237 -31.705506930415552, -65.54197665040752 -31.648118217493135, -65.57548035766418 -31.439950627903837, -65.37346210788135 -31.289486126374033, -65.4069983936677 -31.08048210469046, -65.20572185812952 -30.92955122412971, -64.9714281536489 -30.98767013228819, -64.77141567491506 -30.836334231348214, -64.53820549394717 -30.89372637055839, -64.33946915932896 -30.742003811467825, -64.10736061868096 -30.79868083739274, -64.07326951473513 -31.006694297119935, -64.2714639006263 -31.158368567316014, -64.23739657531938 -31.3655698905952, -64.43633812791697 -31.516809048144015, -64.40229574608121 -31.723186053426808, -64.60198599630546 -31.873971805316902, -64.56796973719247 -32.07951266315025, -64.7684101751699 -32.22982695260951, -64.73442123252622 -32.434520188057434, -64.49980641851438 -32.488589086743936, -64.46565923954944 -32.69212037213018, -64.66631199207211 -32.84188702857815, -64.63219157318497 -33.044556606516984, -64.8336001463414 -33.193815346776745, -64.79950769906866 -33.39561272706879, -65.00167353917249 -33.544346433076555, -65.23846716810647 -33.49134198455438, -65.44192240649525 -33.63959482142323, -65.67980131848167 -33.58581943273133, -65.88453271961815 -33.733572915973554, -65.8508677160489 -33.93504203972175, -65.61226718830986 -33.98848484203218, -65.57843324652504 -34.188780372804864, -65.3401865256905 -34.241109573740424, -65.30618541077038 -34.44023099210276, -65.5106312858409 -34.58728952669659, -65.47666313731672 -34.78550036137638, -65.23804906495056 -34.836390071043986, -65.2039137059028 -35.03342516556751, -64.96566915301072 -35.08320534528658, -64.76229794179564 -34.936278950495726, -64.5251741788854 -34.985283623959894, -64.4906823223793 -35.18088276975511, -64.25395314286332 -35.22878570601277, -64.052462744422 -35.08142760844943, -63.81688777771308 -35.128572745887766, -63.616739838784355 -34.98073128644813, -63.38233694188186 -35.02713185977344, -63.18354229430727 -34.8788256657863, -62.95032855616128 -34.92449499328184, -62.75289731353226 -34.77574269886548, -62.52088905942634 -34.820694168815876, -62.32483062592591 -34.67151440084762, -62.09404342272086 -34.71576145823789, -61.89936650262224 -34.56617282263643, -61.93486567221308 -34.372250307128006, -61.74096025956092 -34.2221806206147, -61.7764682544355 -34.027397115195974, -61.583332080285544 -33.87686254590173, -61.355305807955574 -33.92120262916874, -61.163557461641716 -33.77030900763063, -60.936784586833824 -33.813987518627734, -60.746430852038046 -33.66275327332127, -60.52092406309522 -33.70578356712004, -60.33197107109598 -33.55422705084761, -60.10774234076695 -33.59662247934049, -60.07170219563362 -33.79015461333048, -59.84799611184991 -33.83150199883157, -59.66109837319004 -33.67974289347635, -59.6972561770487 -33.48653585792247, -59.51112051475691 -33.33438949628593, -59.54727300927456 -33.140369775133756, -59.76944753155303 -33.098162582301846, -59.80548116727357 -32.90299915828126, -60.02818308624471 -32.859745501089314, -60.064095973915045 -32.66343747057734, -59.87742456858918 -32.510726309998915, -59.9133344194576 -32.31362013025677, -59.72741827738528 -32.16055797639845, -59.76332418290285 -31.962664364647885, -59.985030635038044 -31.917476917869468, -60.020817085212514 -31.7184435700334, -59.83501318106386 -31.564960213520326, -59.870796357663366 -31.365153588679313, -59.685741694061676 -31.211355981306976, -59.46554341417078 -31.25745117010191, -59.28187698918785 -31.103440268109456, -59.317765745017425 -30.903251746808277, -59.124733197106124 -30.802368351542192, -59.1607188019039 -30.601080782645038, -58.96751407495998 -30.49906162003945, -59.00359607617389 -30.296675885823397, -58.81022193779671 -30.19351939321022, -58.846399877843936 -29.99003668717651, -58.65285910721646 -29.88574159562151, -58.689132523515724 -29.681163430369153, -58.49542791117267 -29.575728773129267, -58.53179633617722 -29.370056988202904, -58.337930683771006 -29.263482109188665, -58.37439364500267 -29.0567188788887, -58.1803697650669 -28.94900344112022, -58.216926785150875 -28.741151282262795, -58.02274750086195 -28.632295276306845, -57.791458224356745 -28.731576894150308, -57.5965782664596 -28.621864785352475, -57.6335351997262 -28.41258779439168, -57.865066242498756 -28.31336080829662, -57.90180992875494 -28.10333975124304, -57.707328346654805 -27.992203932784363, -57.744164630618755 -27.781103629287262, -57.54953617513485 -27.668829263444437, -57.58646456020904 -27.456653676514836, -57.391692094662446 -27.343242147586363, -57.428712079538656 -27.12999562032748, -57.23379847667013 -27.01544868160342, -57.27090955536906 -26.80113594438073, -57.502631791747376 -26.70172470827574, -57.539531587840884 -26.486707945029348, -57.34501153620623 -26.370744523056146, -57.38200250615586 -26.15467373500012, -57.613211232346856 -26.05493151783388, -57.64999114986843 -25.838180004068672, -57.45586457509725 -25.720802409044172, -57.49273574225943 -25.503010299639687, -57.29846772035211 -25.38450797030952, -57.33542963762068 -25.165681764633028, -57.14102302078524 -25.04605829512503, -56.90912955528634 -25.145543185944035, -56.71406732071728 -25.025082016154695, -56.75141788983308 -24.804857321084803, -56.55622733128472 -24.683281375101124, -56.59366650348447 -24.462035850364757, -56.39835052609506 -24.339349830926903, -56.43587777378683 -24.117091395509075, -56.24043929046434 -23.993300436628928, -56.27805408167788 -23.77003744912579, -56.51081297460027 -23.67093848926894, -56.5482209901096 -23.447054167582422, -56.35316448491453 -23.32189359856987, -56.39066015833767 -23.09702317806714, -56.19548234983108 -22.970771941460104, -56.233065150363814 -22.74492497039465, -56.465532602826855 -22.645712136287823, -56.5029094357172 -22.419282503113006, -56.30811196549786 -22.29168105754513, -56.34557604093999 -22.064295398512964, -56.150658461440486 -21.935620146354086, -56.188209249800224 -21.70728921828069, -55.99317445923327 -21.577547865033118, -56.03081142662043 -21.348282886406608, -55.835662330215555 -21.217483605881448, -55.87338493852903 -20.98729625953884, -55.67812444827439 -20.855447698155658, -55.71593215524797 -20.62435013353814, -55.52056318963058 -20.491461414232433, -55.558455448879414 -20.259466249202294, -55.36298093262445 -20.12554697492248, -55.40095719369215 -19.89266729712555, -55.63412209732928 -19.79409654518013, -55.67189654283777 -19.560735292135995, -55.47679199033843 -19.42555467941567, -55.51465058121528 -19.191335315467857, -55.74732781777627 -19.092693843933287, -55.784984703979916 -18.85802744738856, -55.59025028692048 -18.72160505615298, -55.627991457523336 -18.486108244184518, -55.86018111636308 -18.38743843213141, -55.89772069977235 -18.15153010910156, -56.129226433262815 -18.052693418229218, -56.16656389431101 -17.8163959071129, -56.39737878175511 -17.717414250741633, -56.59065061698524 -17.854543863185217, -56.8205577964884 -17.75524334527505, -56.85740270247052 -17.519009623382665, -57.0866006975092 -17.419598961144366, -57.12324149276546 -17.18302944161727, -57.35172397663837 -17.08353048832673, -57.54334187796243 -17.22039164142137, -57.77087459930435 -17.12060723001271, -57.807017034614844 -16.884181148024222, -58.03381737778422 -16.78434294477845, -58.22423886472653 -16.920707413882084, -58.450060521725334 -16.820604164477892, -58.48570083581032 -16.58436980711968, -58.710774296533685 -16.484246950665618, -58.89995888902395 -16.620121231798898, -59.12402629019893 -16.519753586088978, -59.31249552188103 -16.654895380833985, -59.53554012554412 -16.554290787459863, -59.57037497669906 -16.318795857746423, -59.79264753003386 -16.21821766913247, -59.97981797997343 -16.35287925045448, -60.20104284381691 -16.252084143749958, -60.387460144752566 -16.386015925751128, -60.607622064301054 -16.285011784191326, -60.64164419500055 -16.050344629886876, -60.861012868445115 -15.94941188115721, -61.046074767931174 -16.082873966950796, -61.264358080614684 -15.981751877241681, -61.29786738792777 -15.747449301334662, -61.51534598801072 -15.646430927733707, -61.69902065723885 -15.779430043692784, -61.91303149671032 -15.698682171507908, -61.946115719379634 -15.464203747759372, -62.16053876672402 -15.38255422377452, -62.34253747221064 -15.535805328489042, -62.55802392040354 -15.453677692080635, -62.59085196001503 -15.217884436984972, -62.80673326475217 -15.134865771797267, -62.990441455001374 -15.288047849559433, -63.207363403728635 -15.20454740008999, -63.23992262723621 -14.967465422698652, -63.45722139639682 -14.883085763906063, -63.64261026056079 -15.036180376089497, -63.86092558450237 -14.951315992762275, -63.89320333337281 -14.712973086350079, -64.11187676909076 -14.627242531879945, -64.29891550925367 -14.78023151564745, -64.51858008414834 -14.694014058913297, -64.55056369518124 -14.45443971154966, -64.77056701519622 -14.367370359716656, -64.95922284767943 -14.520235868913565, -65.18019057479452 -14.432678228666955, -65.21186740162725 -14.191903629078006, -65.43315386609285 -14.103509623359345, -65.62339202846863 -14.256234168840296, -65.84561486548365 -14.167351307069094, -66.03695812358146 -14.320136558391802, -66.2601006845183 -14.230760809784233, -66.29127700943177 -13.988273402644289, -66.51470500783907 -13.898082390006786, -66.70757238517228 -14.050697543452035, -66.93188993570509 -13.960014248899922, -66.96272607233513 -13.716406915065413, -67.18730742142542 -13.62492696088387, -67.38165895765083 -13.777355496667623, -67.6070984374703 -13.68538474456452, -67.80249759112284 -13.837836372914902, -68.02877630221407 -13.745371576869088, -68.2252092919701 -13.897832517630329, -68.19497364492743 -14.14297566925325, -67.96809807412932 -14.23515696180962, -67.93770029188609 -14.479725861908532, -67.71105667384565 -14.571111517525143, -67.68049807072373 -14.81508554934923, -67.87678709818302 -14.968172013840828, -67.84627156940944 -15.212031789406163, -67.61926306989433 -15.302304732752045, -67.58858655579712 -15.545532613585342, -67.36182318484303 -15.634972348940614, -67.1663483313015 -15.481495300148136, -66.94045441375309 -15.570408770136332, -66.90942141503939 -15.812478450494657, -66.68379521267445 -15.900540954936707, -66.65260682973077 -16.14193729240607, -66.42725717863743 -16.229136149320404, -66.23372215213243 -16.075275833111267, -66.00928707784018 -16.161944836468365, -65.97775918762133 -16.402127763116024, -65.75362249788952 -16.487917439915936, -65.72194498363831 -16.727388239327997, -65.49811528692898 -16.812287141047907, -65.46628960027087 -17.051028293407107, -65.24277545227734 -17.135025439701195, -65.2108030598243 -17.373019860655283, -64.98761296155521 -17.45610474000562, -64.79704250095517 -17.301573332869328, -64.57483463309343 -17.384122050375016, -64.54254888385297 -17.620815720520845, -64.32068569406002 -17.702440074961398, -64.13176289335645 -17.547764533273163, -63.91090950850224 -17.628856729930863, -63.87832342295741 -17.86422271845306, -63.65783467860818 -17.944379716118814, -63.625112410213774 -18.17894877910269, -63.4049963300659 -18.258162036802887, -63.372139423436664 -18.49191926194493, -63.55955077602427 -18.647011748947428, -63.78033075217101 -18.56821434595918, -63.96893427402837 -18.723311887857513, -63.93625084870686 -18.957331872731537, -64.12553765210045 -19.11254423896247, -64.09287514457061 -19.346256870418518, -63.870765899082784 -19.424224897563555, -63.8379642753215 -19.65708390321235, -63.61622531226253 -19.73407973603692, -63.583286134441934 -19.966071422042408, -63.77224248113008 -20.121592382480014, -63.73932221114373 -20.353228279547093, -63.51728929616334 -20.428818793252876, -63.48423153744588 -20.659561174234177, -63.67336267638325 -20.815230034903756, -63.896068510874954 -20.74006403729204, -63.928968867345446 -20.508805046285307, -64.15204604957701 -20.43264716170298, -64.3428911890424 -20.58816533847134, -64.31015388103627 -20.819932757204924, -64.08640695641758 -20.895673994490682, -64.0535275314045 -21.126535124817742, -64.24455921349019 -21.28215562975951, -64.21170175020434 -21.512598120032415, -63.98764866851721 -21.5869204898308, -63.954649128188436 -21.816432043047257, -64.14586630508158 -21.972113423215145, -64.37059362369737 -21.898209775699108, -64.56301598586987 -22.053783410279046), (-66.79318672460614 -30.929961974136575, -66.8259786992651 -30.718033529805513, -66.62124269690177 -30.5678954263558, -66.3841939893562 -30.629721290565826, -66.35119093125687 -30.84133828776335, -66.55544603714398 -30.991441965226127, -66.52248208460705 -31.202223201687627, -66.72747132053667 -31.351829003411197, -66.96590352066832 -31.29068880331097, -66.99865333758133 -31.079604128388038, -66.79318672460614 -30.929961974136575), (-56.883111237764446 -21.408825678835527, -56.68920094933085 -21.279621078393948, -56.72634094043001 -21.050227423184676, -56.95709711185048 -20.95044796512657, -56.99403103357766 -20.720553385103898, -56.80050286197147 -20.590027508840546, -56.569531771469194 -20.689659152950124, -56.53230432009318 -20.919963819554912, -56.30062488684848 -21.019356125729733, -56.26319243236115 -21.24915115024532, -56.45773130530382 -21.379153198161493, -56.420385680210195 -21.608025557973754, -56.614802749372686 -21.736964976714674, -56.846059221422806 -21.63729651826951, -56.883111237764446 -21.408825678835527)), ((114.10786975454783 21.8310409872211, 114.33596085215498 21.907775225862743, 114.36826546385981 22.13920312540604, 114.59603521971508 22.2149286468795, 114.62849287447892 22.445413718155198, 114.85593228001699 22.52012400961466, 114.88854142432388 22.749654316447604, 114.69353067117402 22.90493292417975, 114.4654243118132 22.83061995960641, 114.43299713699116 22.600631697777246, 114.2045647562681 22.52529773323408, 114.00789850905187 22.68034156581286, 113.77849118618258 22.60437596124512, 113.58066690987783 22.75922886807632, 113.35030331425384 22.682623768963463, 113.3184185819959 22.45079208742752, 113.51669911828293 22.29600468073868, 113.48477682793055 22.06367092042986, 113.68236946964942 21.908764387014443, 113.91142653743191 21.986120896084355, 114.10786975454783 21.8310409872211)), ((121.58797972435826 25.101239359110185, 121.39564506265793 25.218364745381674, 121.16772520293534 25.117093213882256, 121.13188622738528 24.898801505148192, 121.32366071919313 24.781379015962347, 121.55183477461213 24.882546025066812, 121.74432659666695 24.764298026239263, 121.97351438190958 24.865036762242912, 122.00996360643114 25.08412433706321, 121.81692122072911 25.202079650154978, 121.58797972435826 25.101239359110185)), ((121.63573192392693 24.103556388347407, 121.86440477285862 24.204503602707554, 121.90073500062033 24.425221664534348, 121.7080887733216 24.544588652510246, 121.47966371642269 24.44352974551336, 121.44363753493394 24.223216224260646, 121.63573192392693 24.103556388347407)), ((-65.24048942307446 -26.372492085705534, -65.04322005362005 -26.218201911111393, -65.0762677261436 -25.996182522891615, -65.3064006640378 -25.928047323391112, -65.50416887609282 -26.08232841330999, -65.47130684054437 -26.30475296764092, -65.24048942307446 -26.372492085705534)), ((-66.30706765913611 -28.173504004011793, -66.33975781748754 -27.954582325305985, -66.57430921251942 -27.88766601422902, -66.77684751949124 -28.04003644287769, -66.74436353335616 -28.259312609644983, -66.9476180585677 -28.411293490556687, -66.91517504374323 -28.629812745644223, -66.67926678893458 -28.696006053137545, -66.4764813457992 -28.54403802241633, -66.50913349025687 -28.32586485297562, -66.30706765913611 -28.173504004011793)), ((113.25477246361254 21.985684630017104, 113.05604353851345 22.14040114173538, 112.82511117987679 22.061777682326472, 112.79355269912844 21.828076369965057, 112.99272207407137 21.673436146485514, 113.2230109577016 21.752421672653988, 113.25477246361254 21.985684630017104)))",Chacoan Horned Frog
116,22846,22843,Ceratophrys cornuta,species,20978,Amphibia,2.32,"MULTIPOLYGON (((-78.44774009384184 -4.57240979067788, -78.65649418422325 -4.717433927097506, -78.6333743165308 -4.97138148920771, -78.40119584533527 -5.080080847693207, -78.37787250509552 -5.334178311193909, -78.1455489086277 -5.44271404008848, -77.93691717161185 -5.297081743509174, -77.70483219869712 -5.405371356028562, -77.49675186539116 -5.25973603443008, -77.26493240996957 -5.367776220891336, -77.24080899979326 -5.621499331217645, -77.4488005386563 -5.767439522726833, -77.42477258455575 -6.021507080489503, -77.19245720504244 -6.129371545738038, -76.9845631473675 -5.983129469642784, -76.75254570653657 -6.090718829374163, -76.72802403833592 -6.3445759905671855, -76.93581190919517 -6.491116860209289, -76.91138334149358 -6.745280672977611, -77.11966606249493 -6.89209457625292, -77.09533182332918 -7.146539230791571, -76.86241996948897 -7.25389815501348, -76.83788502900201 -7.508331601746768, -77.04655714845502 -7.65567329002881, -77.02211657587522 -7.910342383598776, -76.7887082975065 -8.017397201045393, -76.76406636943894 -8.272009021751941, -76.53057058488983 -8.378722849759658, -76.50572786712198 -8.633250568786162, -76.27215402159719 -8.739600129866282, -76.24711110665959 -8.994016999433248, -76.01346868563661 -9.099979198435049, -75.9882261927715 -9.354258570521338, -75.75452471981764 -9.459810512024937, -75.72908329493629 -9.713925856892644, -75.4953323294983 -9.819044862290985, -75.46969264512715 -10.072969786782053, -75.23590178029528 -10.177633411022684, -75.21006453551074 -10.43134167659608, -74.97624339575785 -10.535527724554438, -74.95020931610983 -10.788993265033671, -75.15827888955114 -10.938591130648826, -75.13233035006972 -11.192112176390983, -74.89802942776144 -11.295712260519473, -74.69013739243117 -11.145876746492311, -74.456284690342 -11.249042135690516, -74.42985922306006 -11.501944803705442, -74.19600528481268 -11.604567688458824, -74.16938531722273 -11.857150639559364, -74.37689545182765 -12.007448890227716, -74.35035700985203 -12.260030447199796, -74.1160320107765 -12.361971192016329, -73.90872623231787 -12.211448008040477, -73.93553986976382 -11.959209979893785, -73.72879786565295 -11.808803283674674, -73.75569039470554 -11.556571304856528, -73.5495135255532 -11.406306545885082, -73.31666663629426 -11.508037824940137, -73.28950642008016 -11.759905241527784, -73.49545953781774 -11.910406851767702, -73.46837557333495 -12.162287697458352, -73.23507183372936 -12.263297174043464, -73.20779732818735 -12.514802095220956, -72.97453790576553 -12.615197367529246, -72.76905866908618 -12.464235678802508, -72.53636412675638 -12.564156263462232, -72.3317215402941 -12.413106250376037, -72.3595171861384 -12.16236765565898, -72.15546210009532 -12.011477528215584, -71.92387858534794 -12.111092340989297, -71.89582994817776 -12.361428226503545, -71.66433866095 -12.460401603695464, -71.63610760953976 -12.710320150204023, -71.40471813271313 -12.808633162794804, -71.37630571594879 -13.058110670225059, -71.14502762870774 -13.155744774673371, -71.11643491877116 -13.404757858680957, -70.88527779423342 -13.501694907406842, -70.68326218412538 -13.34982671133154, -70.452788887668 -13.446267534860496, -70.423779236246 -13.694357277710164, -70.1934517784187 -13.790075868986445, -69.99269590785802 -13.63793198463719, -69.76308996804889 -13.733149094476822, -69.73367504265676 -13.980271658096218, -69.504239414524 -14.074742622461615, -69.304793131853 -13.922337412024412, -69.07611564209792 -14.01630259908811, -69.0463073364458 -14.26241573072193, -68.81782419134687 -14.355612140320513, -68.6197355970641 -14.202960599579503, -68.39204609330194 -14.295647889587533, -68.36185650274133 -14.54071095928458, -68.13438490138405 -14.632608133859831, -68.104031686673 -14.877079771995582, -68.30135952991598 -15.030141590306627, -68.27105202816514 -15.274491578936534, -68.0432072753579 -15.3652900487795, -68.01273596015331 -15.609011320782164, -67.78512235426649 -15.698981443046977, -67.75448855021018 -15.942054167258604, -67.52711520881722 -16.031182187984935, -67.330987032468 -15.877548709578702, -67.10447779099098 -15.966141787881737, -67.07348336534 -16.208047416828737, -66.84723721345648 -16.295780853005365, -66.65260682973077 -16.14193729240607, -66.42725717863743 -16.229136149320404, -66.39591481369196 -16.469840559849025, -66.17085050401337 -16.556163553471066, -65.97775918762133 -16.402127763116024, -65.75362249788952 -16.487917439915936, -65.72194498363831 -16.727388239327997, -65.49811528692898 -16.812287141047907, -65.46628960027087 -17.051028293407107, -65.24277545227734 -17.135025439701195, -65.2108030598243 -17.373019860655283, -64.98761296155521 -17.45610474000562, -64.79704250095517 -17.301573332869328, -64.57483463309343 -17.384122050375016, -64.3854212000688 -17.229598582365202, -64.16421126331949 -17.311616975434017, -64.13176289335645 -17.547764533273163, -63.91090950850224 -17.628856729930863, -63.72316235974196 -17.474202927417487, -63.503333576378054 -17.55476909103732, -63.31677111551862 -17.400151523321036, -63.34952831639899 -17.165121542429045, -63.16364317987731 -17.01070877096509, -63.196416410058106 -16.77548158451736, -63.414926865030054 -16.69409666680424, -63.44756830677888 -16.4581168720515, -63.26184752117841 -16.304099532378448, -63.29450549480144 -16.067959903090404, -63.10945714202849 -15.914199117172299, -63.142130706792 -15.677922099120718, -63.35970650981527 -15.594821977796487, -63.3922496438348 -15.357839271512816, -63.207363403728635 -15.20454740008999, -63.23992262723621 -14.967465422698652, -63.05570397697299 -14.814481449300724, -63.088278362311826 -14.577322803175644, -62.904725748474675 -14.424668312959902, -62.68910952919693 -14.508966636182812, -62.506735050579266 -14.356449449131313, -62.29216394970288 -14.440280027064615, -62.110974779716514 -14.287912740151127, -62.143834474264196 -14.051929112678708, -61.96330937264803 -13.89993918575485, -61.74766405741954 -13.999884262283352, -61.564590385364426 -13.863498557981424, -61.34784328889528 -13.963307090946326, -61.16397751135966 -13.826223037170836, -61.197452383875074 -13.589097308294695, -61.01339383016949 -13.451087351636595, -60.79527353284 -13.55043209258925, -60.61044127685375 -13.41173104589411, -60.644312335087136 -13.173463447291343, -60.8627145738495 -13.074443977388151, -60.89637883269765 -12.836147069388968, -60.71194173756331 -12.696324445043643, -60.49326028364604 -12.795013672433651, -60.308061041778274 -12.654512790592468, -60.34211939807692 -12.415115203388796, -60.15674025756687 -12.273735352559758, -59.936733767119335 -12.371956426789094, -59.75061200444165 -12.229907974198237, -59.52957198915985 -12.327989779951757, -59.494917075075136 -12.56844570326231, -59.27311514454456 -12.666703007483937, -59.08571244644611 -12.524183176658912, -58.86290152693651 -12.622283790448352, -58.67479343098087 -12.479097139712103, -58.45099000964967 -12.577034805468136, -58.26219176690087 -12.433184871322679, -58.037412869550266 -12.530953400048583, -57.8479401508408 -12.386443997942937, -57.88377172274923 -12.143985947393126, -57.69415700040595 -11.998645330231193, -57.46819385704171 -12.095939002705665, -57.277927516805946 -11.949952055091217, -57.0510323992211 -12.047070228583811, -56.86013106313669 -11.900441645650965, -56.896626784799096 -11.656531604240826, -56.705599824911474 -11.50910733039288, -56.477584264209554 -11.605752617002654, -56.28594638240432 -11.45770167426643, -56.32281153755157 -11.212854485999976, -56.131057832848 -11.064035725077687, -55.90196084164077 -11.160211414869009, -55.864813891552615 -11.405494255733712, -55.635046974926894 -11.501772778204282, -55.442240258992655 -11.352485551298027, -55.479666681652986 -11.10677835637704, -55.28675864381529 -10.956744835885923, -55.05596773114391 -11.052556375000403, -54.86250996569191 -10.901925050681875, -54.6309035358493 -10.997546933843452, -54.43691483181354 -10.84632458273092, -54.474971761012625 -10.59935620249709, -54.280899536864695 -10.447429869357492, -54.048341415223035 -10.542592621310071, -53.85376504596621 -10.390094467847884, -53.62044413213826 -10.48506526098833, -53.425383216770825 -10.332002953176202, -53.1913221991482 -10.426777283448088, -52.995796676240886 -10.273158780311661, -53.034730784975025 -10.024664041790295, -52.83914788356981 -9.87039970227994, -52.604243114899646 -9.96472877752947, -52.40822380430714 -9.809929797551463, -52.1726350814765 -9.904061801825193, -51.97620002796597 -9.748737006492577, -52.01572210992643 -9.499195833810896, -51.81924858528197 -9.343273888700148, -51.58289581295878 -9.436974414474948, -51.38603561125055 -9.280549900729497, -51.14905721495302 -9.37405402888382, -50.95183166404746 -9.217136608022733, -50.99192156396495 -8.96664826362684, -50.79467679174016 -8.809184912794242, -50.55701666678567 -8.90227378326774, -50.359436381307034 -8.744342382184707, -50.12121095595529 -8.83723678670256, -49.92331707469691 -8.678847794075908, -49.68455220803324 -8.77154459738326, -49.48636689056792 -8.61270873338628, -49.5272371901963 -8.361131568093061, -49.32906051608583 -8.201819006131224, -49.0897348377849 -8.294125411063836, -48.89129749908227 -8.13439283199258, -48.93245712395398 -7.8823221902342935, -48.73403980990528 -7.722153022884312, -48.775257954648055 -7.469845353921162, -48.57686365733477 -7.30926409687267, -48.33699753798217 -7.401011376233497, -48.13838204705223 -7.240054368556936, -48.17987881337521 -6.9873395336924515, -47.98129773689635 -6.826011879756968, -47.74098608978892 -6.917407114343715, -47.54221514130026 -6.75573269233813, -47.58398201342655 -6.5026653858589, -47.38525688421555 -6.340662532704354, -47.14455115114038 -6.431722228690937, -46.94566766597825 -6.26940233051928, -46.98769593308782 -6.016037966143349, -46.78886966431537 -5.853432539340073, -46.83094829785213 -5.599958058162983, -46.63218218903711 -5.4370929431329245, -46.67431047866455 -5.18353524299012, -46.47560746443119 -5.020436427468087, -46.51778469906239 -4.766822492063912, -46.31914770484954 -4.603516092363284, -46.36137317271391 -4.3498729720463105, -46.16280511453533 -4.1863852140942805, -46.20507810324551 -3.9327400064966254, -46.006581887452455 -3.769097206689846, -45.765646630306236 -3.859040449407209, -45.72317895617647 -4.112786637681512, -45.48193923738978 -4.202779946740058, -45.43932535154619 -4.456625235456104, -45.19779236585396 -4.5466455623557085, -44.99892119162979 -4.382680003482555, -44.75715965206905 -4.472576118342552, -44.558257314210465 -4.308418313179634, -44.60124054022265 -4.054430683647224, -44.40244063346978 -3.8901640315626267, -44.445463784249995 -3.6362046368312, -44.24676914135239 -3.4718557250865643, -44.289831489090204 -3.2179518082980683, -44.09124493010984 -3.053547247208955, -44.13434574725329 -2.7997260301575353, -44.37585789843939 -2.7103490279519398, -44.41882193798037 -2.45667087520894, -44.220449580703956 -2.292335370117643, -44.26345257387595 -2.0387865835847063, -44.50465163285071 -1.949612665246348, -44.547517267093326 -1.6962531833733487, -44.78846302957814 -1.6071738552916583, -44.83118953998596 -1.3540302871966352, -45.071870677625185 -1.2650681988218835, -45.26987537614008 -1.4290859806193497, -45.51032530802604 -1.3400877227472738, -45.55272470020029 -1.0872487677692093, -45.79288103339198 -0.9984016392440116, -45.835135023049844 -0.7458384108673082, -46.07498672672588 -0.6571646606548208, -46.27261124922484 -0.8208579544999031, -46.512168814949746 -0.7321714968418326, -46.55407929991853 -0.4800010570064784, -46.79330396835948 -0.3915212021622275, -46.99062839092406 -0.5549944287857523, -47.229514347773545 -0.466513776362245, -47.4266909992142 -0.6298701705925176, -47.665211213020314 -0.5413894836630682, -47.706558821613015 -0.2897929307115726, -47.94470157619793 -0.2015625308000317, -48.14148057707237 -0.3646802877205484, -48.37921413967655 -0.2764615194863144, -48.42018910369947 -0.0253860320431801, -48.657518431364764 0.0625504611671308, -48.85384046579736 -0.1003197557674149, -49.09071797450687 -0.0124063049891231, -49.131310021763255 0.2380961768881014, -49.36775718113972 0.3256960032978797, -49.40818379403498 0.5757633604037294, -49.64419088653591 0.6630291771717585, -49.68445081066011 0.9126373274571863, -49.48893026501494 1.0751616075306825, -49.52925013698342 1.3244735463004387, -49.76486364432154 1.4110755717163221, -49.80501656957969 1.6598869185590401, -50.040177030889 1.7461055344866856, -50.08016180509571 1.9943930917912231, -50.314859841732414 2.0802090449812956, -50.35467529323495 2.3279499799448615, -50.58890165822362 2.4133443694416155, -50.628546648099416 2.660516226082401, -50.86229222760312 2.7454705139446913, -50.9017656496855 2.992051224510423, -50.707729033724604 3.1538796314883917, -50.74726645128595 3.400053529523714, -50.98060471677857 3.4841941428342387, -51.01997038533477 3.729738950980072, -50.82623379131212 3.8913421596663547, -50.865663736287644 4.1364397039420835, -51.09859405218634 4.219732353007379, -51.13785207471 4.46416402315332, -51.370286624326525 4.546946467884226, -51.409371684619316 4.7906919560927435, -51.641301786820634 4.872947587298548, -51.83404965824823 4.711836352959246, -52.065364752596125 4.793936682558282, -52.10403318601587 5.036759398103966, -52.3348212717288 5.118308688946805, -52.37331299950911 5.3604016348698265, -52.603565869152504 5.441384337162146, -52.64187999752576 5.682728715438516, -52.87158958472058 5.763129708321556, -53.062862307141074 5.602596935494258, -53.29189328588433 5.682820517962414, -53.32977821734582 5.923156768787389, -53.558244860436616 6.002776755736769, -53.74868985326415 5.842486908918664, -53.97644330673981 5.921923759765648, -54.013892364094175 6.1612148894377805, -54.241061280897156 6.240027314951779, -54.430630794836276 6.079990327636735, -54.65705316039774 6.158614447543549, -54.84612555534619 5.99866582376541, -55.07178106262239 6.077103308107575, -55.10852655430935 6.315030820305955, -55.33356638965185 6.392817839618975, -55.52168909334864 6.233141845118113, -55.74593070884069 6.310737788425452, -55.93351116723986 6.151172994547661, -56.156935452955935 6.228579717298526, -56.34395694821305 6.069139054724971, -56.566545248936194 6.1463584250517815, -56.75299141249101 5.9870546999461185, -56.97472553367565 6.064088595198673, -57.01021199848326 6.299930674025949, -57.23128061660789 6.376279053727945, -57.41665590640177 6.217286369228323, -57.63684262468858 6.293445870601573, -57.67186438788377 6.528089529584852, -57.89137021105515 6.603547489003553, -57.926200117816336 6.837318863664738, -58.145019793123424 6.912064989679056, -58.32878703561482 6.753558959266714, -58.29423346649665 6.520141832165121, -58.47785954346443 6.36163788762144, -58.69553268502618 6.436714555790222, -58.729808411170694 6.669767386294678, -58.94677728282653 6.744123059622271, -59.12923430014581 6.585958705972023, -59.09523781696666 6.353280071960084, -59.277541801465375 6.19514853647146, -59.2436315773343 5.961976329085133, -59.42578020681407 5.803900062650136, -59.641313020270246 5.879145644176734, -59.822774224638664 5.721288556819128, -60.03733074850828 5.796357399524479, -60.07067722991185 6.028734813490734, -60.284501105038956 6.103074968697756, -60.317652500427926 6.334573146871368, -60.53073978945801 6.408175749390536, -60.56369610798973 6.638781870819775, -60.776043015027966 6.711638491801759, -60.955168691511176 6.554451743152658, -60.922496443829104 6.324258335621639, -60.71041422162793 6.250838273033654, -60.677546632862686 6.019752345179145, -60.85704574151504 5.862507187928406, -60.824267214535695 5.630962257040475, -60.6117048919273 5.556240954505743, -60.578730668096114 5.323828586879436, -60.36542471300139 5.248379556834161, -60.18483298927717 5.405898493463307, -59.97053052703552 5.330280775853115, -59.93707671740347 5.096595012727645, -60.1182089526408 4.938945659324087, -60.33225475244852 5.015113144868773, -60.51267533467994 4.857723872136314, -60.479594153535984 4.6240451185526545, -60.659841375782634 4.4668077657072205, -60.87261920874769 4.543368934412389, -61.05213690779922 4.386416940169759, -61.26389295839418 4.462822784121758, -61.44266913971194 4.306166766380892, -61.65339083366118 4.382418723973644, -61.68561316509533 4.614758484486761, -61.895571009722346 4.690284879292967, -62.07302377164264 4.534044113706477, -62.04108914470808 4.302168581511553, -62.21834786738711 4.146135557063895, -62.42696507917833 4.222083950538693, -62.60344864090206 4.066377528085648, -62.571894189486756 3.8346258534898703, -62.7481768547288 3.6791620078762794, -62.95542937405115 3.755544033693993, -63.130921764620254 3.6004296077825106, -63.33708945680482 3.676668009975848, -63.51178165545787 3.521912352215694, -63.716854535224 3.5980082475321478, -63.89073701138281 3.443620487214891, -63.86014434406026 3.213058566750004, -63.65537906007634 3.1363702832608955, -63.62458959264836 2.905004405512795, -63.79885582285354 2.7508483076659127, -63.768159888033836 2.5192137455282584, -63.942210298640376 2.365388578486633, -64.14635406496186 2.443259691745927, -64.1767591962048 2.6743647452208377, -64.38409450201651 2.7781308504543727, -64.41437729482172 3.0090032049158784, -64.62201871215504 3.1130230159889427, -64.79994689049506 2.986088045336538, -65.00845522613794 3.09027006257022, -65.03846667584632 3.321459418251964, -65.24726436240162 3.4258668005639374, -65.42661388223004 3.2990179317993324, -65.63625511269962 3.403574455740329, -65.81659710644848 3.276317125743353, -66.02706805259061 3.381019027503528, -66.05663823092632 3.613029056938018, -66.26737069225544 3.71791756566597, -66.29680754880086 3.949607651774173, -66.50779435513547 4.054663113078205, -66.68989343979841 3.9279927930208753, -66.90167397068701 4.033169719063014, -67.08472896906218 3.906095053046648, -67.29728803885475 4.011389296191399, -67.48128809593388 3.8839144312578266, -67.45236366241261 3.6506534224346496, -67.63693998663952 3.522292601682834, -67.85079939363271 3.6276833115015417, -68.03630705070209 3.4989334171091815, -68.25090854590663 3.6044394807931686, -68.43733558335737 3.4753052423473916, -68.65266241775154 3.58092250911159, -68.83999643933016 3.4514088203029036, -69.05603142440668 3.557133106043956, -69.24425959074644 3.427245024984653, -69.46098510245082 3.5330721139301593, -69.65009413224219 3.4028148633138318, -69.62216320393605 3.166254937879334, -69.81183410301519 3.0351604662204865, -70.02974235262974 3.14110001896948, -70.22027677689357 3.009650179564279, -70.43883301082369 3.1156910733500998, -70.6302165777861 2.9838916768571746, -70.84940166325025 3.090029706537935, -71.04161955428032 2.957886726896842, -71.0143732546239 2.719143081009538, -71.2071410551568 2.586202376840418, -71.42742545492615 2.692466379001958, -71.62100793599686 2.5591977243686777, -71.84187487580209 2.6655578251192127, -72.03625613194332 2.5319677734770707, -72.2576850314239 2.63841978051059, -72.45284873307214 2.5045150439405344, -72.42634241437437 2.263709949277086, -72.62204136750447 2.129051623418971, -72.84447819820053 2.235645067008247, -73.04093767156853 2.100689486771544, -73.26388653311224 2.2073742015627715, -73.46108914026503 2.0721286390712024, -73.43512996797882 1.8297619286215694, -73.63285617571091 1.6938001175719957, -73.85674438873654 1.8006396852797448, -74.05519020094934 1.6644066681793577, -74.27953803135375 1.7713372067984003, -74.47868503429528 1.6348407935433213, -74.70346961760394 1.7418581488243958, -74.90329900870064 1.6051062909308538, -75.1284971484864 1.7122062850440496, -75.3289897449843 1.575207072532378, -75.55457792520025 1.6823855054139543, -75.7557141733522 1.5451471634988714, -75.73111737313738 1.300318845622782, -75.93274463533714 1.1624412855593045, -76.15910244050117 1.2698016390488969, -76.3613464903785 1.131706099197916, -76.5880370647483 1.2391449378701866, -76.79087742360258 1.1008401173716356, -76.76691411756057 0.854699141023087, -76.97022942102507 0.7157998175322842, -77.19760956084954 0.8234367245072045, -77.40149287416479 0.6843504227496076, -77.37790194734575 0.4372402672339354, -77.58225059714334 0.2975925695657111, -77.55875235960492 0.0498042588509923, -77.33061915092408 -0.058077290418739, -77.30692715339092 -0.3062675016540184, -77.51165499928366 -0.4468324451745525, -77.48805574797744 -0.6956633898301829, -77.6932501628833 -0.8367428195276974, -77.92212310790718 -0.7286205485645607, -78.12785447326753 -0.8698304373160402, -78.10464123923927 -1.119524334769975, -77.87540357250923 -1.227765497233854, -77.85199330217694 -1.4778119072628484, -78.0581141072264 -1.6198567621501967, -78.03480007901221 -1.8704771124554052, -78.24138059390962 -2.0129721201484068, -78.21816398026434 -2.2641433736476846, -77.98807077151432 -2.372580121609159, -77.96465536113574 -2.624044196091473, -78.17162958972769 -2.7673074382246114, -78.14831168118697 -3.0192814526616822, -78.3557466700128 -3.1629428284351784, -78.3325274475951 -3.4154028282185975, -78.5404207432235 -3.5594392741357854, -78.5173013945204 -3.8123609736057222, -78.2859873398309 -3.921017143557395, -78.26266632140091 -4.174152123268299, -78.47096113664068 -4.318855987873272, -78.44774009384184 -4.57240979067788)), ((-77.90328884234133 1.39258576055859, -77.69923991667075 1.5308918950424637, -77.7225378524399 1.7763647966508143, -77.5189453407067 1.9140784943721703, -77.54233584398345 2.1588020151819993, -77.76903430251886 2.2660583001140733, -77.97270296230866 2.1287418813551744, -77.94959795437444 1.8837731792212733, -78.15371745441821 1.7458587835403454, -78.13070721196767 1.5001455509572537, -77.90328884234133 1.39258576055859)), ((-61.05380291498312 10.038637482331154, -60.875808777571024 10.195073669020752, -60.908324841701 10.417429954755482, -61.11855374977752 10.482991504120976, -61.15087683544323 10.704331675194743, -61.360364391043504 10.769087233116265, -61.53725873807649 10.613073488849276, -61.505217313920184 10.392092155331154, -61.29599969435478 10.326764846789752, -61.263765125727275 10.104767991246563, -61.05380291498312 10.038637482331154)), ((-58.39778601546094 7.218974645510197, -58.432231489053024 7.450960279237968, -58.64966369740239 7.5242536512234475, -58.832419776519146 7.366090781111828, -58.79825192466038 7.134461934689366, -58.58105000874512 7.060638294784655, -58.39778601546094 7.218974645510197)), ((-71.03422877821973 -17.908977618348057, -70.7998297728176 -18.00037575969526, -70.59505357295717 -17.847256568409847, -70.62435622651648 -17.602883045801168, -70.85819013831173 -17.511230008876776, -71.06328510305926 -17.664206244971552, -71.03422877821973 -17.908977618348057)), ((-78.70001589227586 0.5894278156019305, -78.49455785829605 0.7290198559359885, -78.51737515766155 0.9761618241502165, -78.74535572128745 1.0839295722836229, -78.9508590592605 0.9447128397353062, -78.92833743157524 0.6973543672834507, -78.70001589227586 0.5894278156019305)))",Amazonian horned frog
117,22847,22843,Ceratophrys calcarata,species,20978,Amphibia,2.32,"MULTIPOLYGON (((-68.93667336974306 10.759235355379131, -68.72587707408024 10.654477654409263, -68.54315846361705 10.767915491878153, -68.57091867488475 10.985602601217323, -68.78121510266764 11.090259332341422, -68.80883408612469 11.307270568460364, -69.01930352590797 11.4117503680297, -69.20264868183446 11.299325816218067, -69.41377552420447 11.403725280307684, -69.59795860131793 11.290827379766375, -69.57071509008735 11.073027700065854, -69.35909758582008 10.968515543647941, -69.17521532189636 11.081916638912393, -68.96425011312951 10.977329106504444, -68.93667336974306 10.759235355379131)), ((-73.73537450955084 8.460351941292037, -73.54167385849874 8.583829363052322, -73.56702094960282 8.8115882652484, -73.7858315971052 8.916192663634808, -73.81101016760303 9.143237825589054, -73.61761505403155 9.265356835700922, -73.64286217930827 9.491356554973564, -73.44996408569024 9.612579784664065, -73.4752787312157 9.83752460325209, -73.28287870084965 9.957843493231707, -73.30825983790866 10.181724424110627, -73.11635886974082 10.301130873693097, -73.14180547549485 10.523939396155427, -73.35892273640418 10.627659459928445, -73.5510238223018 10.508729171413037, -73.52580854421096 10.285603815502942, -73.71840451709647 10.165759861226029, -73.936405532883 10.269515442958324, -73.96138549994699 10.492948576657195, -74.17940149703794 10.596403556902379, -74.20421307740801 10.819056793957795, -74.42223615856669 10.922193378501852, -74.61585770406381 10.802852877251786, -74.83428551010813 10.905836940687626, -75.0285449600409 10.786059537518117, -75.24735615139862 10.888885531246645, -75.44223583276153 10.768674971635503, -75.41815882385731 10.545178619714534, -75.61350625539772 10.424081125743287, -75.58950647135909 10.199509790981322, -75.36990750966595 10.096305043340191, -75.34573309038689 9.870936627338716, -75.54140958297354 9.748502786542662, -75.51731236398369 9.522076239722656, -75.71345825877435 9.398775370670764, -75.93383478064362 9.502359002544754, -76.13057620818218 9.378655926126985, -76.10681438108517 9.150915704911572, -76.30401723214997 9.026364060002246, -76.28033683295632 8.797587829752814, -76.47799940723176 8.672198380600694, -76.45440149757881 8.442397093379338, -76.65252204655398 8.316181079417102, -76.62900769224278 8.08536617727073, -76.40710833776305 7.981024775103073, -76.20910081818643 8.107689004037558, -75.98751760734588 8.003241046427357, -75.96356031582327 7.77194776769183, -75.74192483397375 7.667222871975611, -75.54463885483393 7.793967991206946, -75.32335640719046 7.689153628167859, -75.12669012910662 7.815524717115716, -74.9057831971879 7.710626019089388, -74.7097550741984 7.836617748210281, -74.7344752415845 8.06704657783932, -74.53893367140225 8.192189881182868, -74.56372771045562 8.421606154151748, -74.36867402170014 8.545890301258009, -74.14899951096734 8.441223188392776, -73.95461366708328 8.565106224266618, -73.73537450955084 8.460351941292037)), ((-73.02683854343005 11.305752579700833, -73.21794686684001 11.188671612730726, -73.19259941949984 10.967713978579875, -72.97591558212606 10.864153812914783, -72.78501556009009 10.981712888789659, -72.56881878765759 10.87802306757951, -72.5430825684692 10.656621098110882, -72.32694528226996 10.552658923340722, -72.30104812626918 10.330510743308603, -72.49151046927035 10.211989062911004, -72.46567448148026 9.98876769209078, -72.65664573650349 9.869320870919857, -72.63087192637565 9.645034512146824, -72.82235129362033 9.524670084741937, -72.79664067688886 9.299327401729357, -72.98862731356212 9.178053356014736, -72.96298091219217 8.95166347825796, -72.74511903484154 8.846888302695243, -72.71930789961537 8.619801785831122, -72.50150065554088 8.514818543950922, -72.30995601159668 8.637053856112008, -72.09266691379365 8.532005272979518, -71.90187316288858 8.653818706310705, -71.92813183804239 8.880195282431282, -71.73785796709889 9.0010957685433, -71.76417534813703 9.226432902311066, -71.98054814682237 9.331230614558448, -72.00670588808761 9.55587952454541, -72.22315653615286 9.660466504484129, -72.24915380694844 9.884410044625364, -72.05892081285225 10.00341594938946, -72.08497810349968 10.22629420379274, -71.895258639803 10.344368971101183, -71.92137494837965 10.566173893813025, -71.73216967453257 10.683310714756988, -71.51709094192516 10.579129819069996, -71.49075960416712 10.357676706256072, -71.27577346404028 10.253264449891716, -71.24928597206771 10.031098447040437, -71.0344001108253 9.926473080344318, -70.84647283935695 10.04413878785957, -70.87316917500546 10.265935923588737, -71.08758499942472 10.370437200060941, -71.11412721540978 10.591530081623826, -70.92646136924806 10.707754145518958, -70.71251697758298 10.603378272624525, -70.52564238809154 10.719142550414414, -70.55244292055117 10.938786997760193, -70.36609518997301 11.053592006182376, -70.15322410341338 10.949249056521573, -69.96768508213088 11.063587701078491, -69.99473453024162 11.281770309196785, -70.20712579644264 11.385990435322823, -70.3929463740988 11.272149834863676, -70.6059438968263 11.376271008114145, -70.79256326537345 11.261961374408482, -70.7659145297424 11.043036165475701, -70.95305733082377 10.927766615574967, -71.1671114498129 11.031915921742915, -71.35503529177977 10.916183817390126, -71.56965353980924 11.020227217169346, -71.7583440056314 10.904034712484599, -71.97350764056203 11.007966199935558, -71.99952413000405 11.227945206896054, -71.8105928991929 11.343650708773618, -71.83666756666801 11.562534627780837, -71.64824802682399 11.677289272068048, -71.67437988848135 11.895071688374854, -71.48647263170174 12.008870120549687, -71.27268057449072 11.90537313560868, -71.08553783644888 12.018698768144805, -71.11193443530793 12.235031982627772, -71.32526628849634 12.338382333391579, -71.51266071019714 12.22554505114403, -71.72654447275899 12.328756472688088, -71.91469308030199 12.215443598614321, -72.12911012025022 12.31850991140425, -72.31799816277822 12.204723205585072, -72.29223934643646 11.987388583528857, -72.48163153938286 11.872650162328283, -72.45593316768144 11.654207336485998, -72.64582876846995 11.538522664697156, -72.86164002080481 11.641761364589902, -73.05225055550456 11.525615167954346, -73.02683854343005 11.305752579700833)), ((-73.71009587977785 8.231566643637285, -73.90429568294044 8.107214005420353, -73.87908656075972 7.877413035825875, -73.65943816571905 7.772292585973842, -73.46543175590791 7.897115988127545, -73.49087931791418 8.12658794929272, -73.71009587977785 8.231566643637285)))",Colombian Horned Frog
118,22849,22843,Ceratophrys ornata,species,20978,Amphibia,2.32,"MULTIPOLYGON (((-63.22293516770689 -41.38815155496283, -63.08992815106079 -41.22412081366719, -62.83967880581331 -41.25782289479129, -62.709036515473684 -41.094168529562225, -62.460655406516906 -41.12716520144658, -62.33234525560677 -40.96390314848926, -62.08582785454598 -40.996213601485, -61.95981730119948 -40.83335922232504, -62.07897615950171 -40.638707387719535, -61.95389230529335 -40.47678038750483, -62.07222181518301 -40.28249202701764, -61.94805114375161 -40.1214994166223, -62.06556276163131 -39.92758794215071, -61.94229204989992 -39.7675364183186, -62.058996996594644 -39.57401500284171, -61.93661330635439 -39.4149109495714, -61.698802653125284 -39.44881064576434, -61.57856104623042 -39.29014194980404, -61.342502011536254 -39.32341818521695, -61.224372724279334 -39.16519762112835, -60.99005938869202 -39.19786713690527, -60.87401276458269 -39.04010697866507, -60.64143870206962 -39.07218619386588, -60.5233152528678 -39.261456731861394, -60.290894821043 -39.2923849358444, -60.17818319555465 -39.13462222491352, -59.94751168407706 -39.16498713689368, -59.83682175971728 -39.0077175673549, -59.607891207056525 -39.0375349497047, -59.499193329493764 -38.88076918790886, -59.271995358655275 -38.910054476351185, -59.08267305643517 -38.76395132446825, -58.856852456578906 -38.79259708874281, -58.66902205616458 -38.646090562500824, -58.44458870838662 -38.67411158577684, -58.25825345660985 -38.52721994805813, -58.03521650932127 -38.55463096497044, -57.85037901828798 -38.407372390069604, -57.61416831606775 -38.49904311690206, -57.415200654483414 -38.41592121829557, -57.45300837242311 -38.24093873010065, -57.253892938368836 -38.156748470495195, -57.29179581370994 -37.980681419979696, -57.092535679092336 -37.895417560943265, -57.13053316795923 -37.71826155313147, -56.93113141443604 -37.63191900797459, -56.96922296794733 -37.453669804878714, -56.769682686644884 -37.36624364548175, -56.807867750959915 -37.18689717294269, -56.60819204218885 -37.09838263671049, -56.64647005855515 -36.91793499136429, -56.44666203152427 -36.8283274883058, -56.48503243632567 -36.64677494467252, -56.2850952088541 -36.55607006460236, -56.32355743365987 -36.373409082294344, -56.5616483157643 -36.28164850948786, -56.599893857564695 -36.098075067133905, -56.8372354230211 -36.005614448071924, -57.03610301893087 -36.096735431825316, -57.27245482315527 -36.00359362948575, -57.310171764222986 -35.81932628823655, -57.1118488987742 -35.72798806276778, -56.87526379203523 -35.8211355114353, -56.67626031380101 -35.72890929295251, -56.714381295849705 -35.543317763311364, -56.95119610130689 -35.4501657294977, -56.98910011066468 -35.263675883723515, -57.225156922663956 -35.16985216985031, -57.26284352595033 -34.982471796217204, -57.49813549461122 -34.88799029131615, -57.535604296850934 -34.69972748752542, -57.33809283763739 -34.60571250277484, -57.10256397368781 -34.700193822459916, -57.06478401209725 -34.88868924382791, -56.82849566493584 -34.982514694422036, -56.62975991784276 -34.887844186399406, -56.392496581323456 -34.98100218301277, -56.35419204716047 -35.16882714828091, -56.11618889432981 -35.26130324378995, -55.916277735796484 -35.16595651163545, -55.954887618729344 -34.97791683446989, -55.75485791697943 -34.8814519808251, -55.51571117779116 -34.97324167172789, -55.315064667347414 -34.87587092121193, -55.35406561190433 -34.68649626037381, -55.59341233570552 -34.59470327524446, -55.793557443866135 -34.69228936655534, -56.03198326110797 -34.599807744873054, -56.231499415225215 -34.69649212736539, -56.46898155741874 -34.60333276485634, -56.66784881314908 -34.699121230478426, -56.904365104236746 -34.60529523502647, -56.942237884471865 -34.415682511337636, -57.17800009291567 -34.321202688656115, -57.375655616976104 -34.416335161353416, -57.61041824565443 -34.32121226502518, -57.807375408577485 -34.41546551490181, -58.041117908570854 -34.319711134487235, -58.23735848776974 -34.41309170511387, -58.4700609246282 -34.31671760019151, -58.665567176694054 -34.409232247245576, -58.886330161046686 -34.37159468345982, -58.92283787880537 -34.18181541532224, -59.14415618483437 -34.14315211607079, -59.329738543044385 -34.29469715874157, -59.293337957604734 -34.484792061048864, -59.47968638944943 -34.63593197583154, -59.70309688917948 -34.59708572611992, -59.8908735478781 -34.747914942381364, -60.115592605419934 -34.70844386215014, -60.30479288398587 -34.8589441311238, -60.53080942894829 -34.81883451909793, -60.56685227902901 -34.62782004273543, -60.79338375239499 -34.58666041700029, -60.98464156909955 -34.7369139777802, -61.21244763221304 -34.695096226028014, -61.405110232680244 -34.84498101028628, -61.63417796336837 -34.802491497037344, -61.82823840554964 -34.95198899498132, -62.05855414499767 -34.908814096356316, -62.09404342272086 -34.71576145823789, -62.32483062592591 -34.67151440084762, -62.52088905942634 -34.820694168815876, -62.75289731353226 -34.77574269886548, -62.95032855616128 -34.92449499328184, -63.18354229430727 -34.8788256657863, -63.38233694188186 -35.02713185977344, -63.616739838784355 -34.98073128644813, -63.81688777771308 -35.128572745887766, -64.052462744422 -35.08142760844943, -64.25395314286332 -35.22878570601277, -64.4906823223793 -35.18088276975511, -64.6935036220976 -35.3277388992292, -64.65903926776795 -35.52242379555109, -64.86263214497444 -35.668689299688616, -64.82819654431641 -35.86245198457053, -65.03256248261498 -36.008111640187224, -64.99815690254358 -36.20094449808113, -64.75919006516915 -36.24787422345367, -64.72461905960083 -36.43953229795881, -64.4860430462567 -36.485361281931276, -64.45130847308803 -36.67584615489898, -64.65534119851485 -36.82073917695925, -64.62063421571011 -37.010286913148185, -64.38170349572675 -37.05470854168764, -64.34683296585749 -37.2430851731354, -64.55108382710686 -37.3872688068878, -64.51624029382104 -37.5747022913948, -64.27695550932863 -37.617727593855065, -64.24194845681708 -37.80399288714008, -64.00307605838665 -37.84592990547831, -63.96790739970106 -38.03102969257712, -63.729457633866986 -38.071883572792316, -63.69412929905333 -38.255820769867015, -63.82266682620434 -38.412149237522286, -63.71200085750297 -38.60883774323508, -63.47230816718984 -38.64812715705242, -63.36043224377973 -38.84421582537613, -63.12074125826234 -38.882323165127936, -63.007656153425955 -39.07779494606397, -63.13472583855699 -39.23622958724039, -63.020885712764766 -39.43214081566116, -62.779515231106615 -39.468541677654095, -62.664449762238604 -39.663802780975026, -62.79120723698206 -39.82373717726295, -62.675359028252785 -40.01940834730843, -62.43230441819391 -40.05406572860979, -62.31521468133272 -40.249053636915676, -62.441619752084264 -40.41046165166953, -62.32371860938467 -40.605829741692844, -62.45106911057317 -40.768168416295865, -62.69764898579763 -40.73461184415492, -62.82729799154414 -40.897347233972916, -63.075719744020546 -40.863092928007156, -63.207699156391485 -41.026209511286226, -63.4579665597344 -40.9912383225584, -63.59230829845079 -41.15472000616981, -63.47505657879982 -41.35372452520415, -63.22293516770689 -41.38815155496283), (-62.581334785829846 -38.08460962841337, -62.38223525789644 -37.93969346207023, -62.418074856722306 -37.75642885988938, -62.21976998068997 -37.610914419147214, -61.986249979708155 -37.64876234805788, -61.95025354865879 -37.83179406960034, -61.71722074707783 -37.86858848158037, -61.681081811425926 -38.050469783749186, -61.44854540946442 -38.0862168299247, -61.412265966416705 -38.266951305097294, -61.60867048233054 -38.412167763057546, -61.841996828621696 -38.37675064499719, -62.03984023409665 -38.52147342719853, -62.27444732238286 -38.48533065378377, -62.31042154664734 -38.304144310743546, -62.54550867671011 -38.26694764679987, -62.581334785829846 -38.08460962841337)), ((-63.88478806119463 -41.84814204090292, -64.02373825802414 -42.01376982080619, -64.28154800315481 -41.978365251484135, -64.42299785866781 -42.14431160848127, -64.30528180950456 -42.346231757262075, -64.4479036850077 -42.513056635262544, -64.32937522920389 -42.71531483012959, -64.06760516922485 -42.74963854257384, -63.9476323378794 -42.95111008252653, -63.685825465777256 -42.98408311953948, -63.54599830874656 -42.81614505249944, -63.666558793852204 -42.61578056029411, -63.52786402301166 -42.44871545831922, -63.64758005010353 -42.24866890279484, -63.509999594091525 -42.082486258974946, -63.62888283211899 -41.88277249490294, -63.88478806119463 -41.84814204090292)), ((-65.14351540769238 -41.296721147338005, -65.00059558920357 -41.132844560583735, -65.11395986802857 -40.93023045975265, -65.36960241842465 -40.8903957706743, -65.51379860332081 -41.053660317781656, -65.4010851731712 -41.25737392920815, -65.14351540769238 -41.296721147338005)), ((121.90073500062033 24.425221664534348, 121.7080887733216 24.544588652510246, 121.47966371642269 24.44352974551336, 121.44363753493394 24.223216224260646, 121.63573192392693 24.103556388347407, 121.86440477285862 24.204503602707554, 121.90073500062033 24.425221664534348)), ((-63.84442441402183 -41.119012447027764, -63.960337231745626 -40.91929078647598, -64.21242559081622 -40.88230584904478, -64.32699909037922 -40.6818845506411, -64.57903748824467 -40.64362583775201, -64.71837011473795 -40.80629250508795, -64.6043860474579 -41.00780907421975, -64.35047102537072 -41.04556126299636, -64.23512753020398 -41.246378805208124, -63.98116038808084 -41.28284255800007, -63.84442441402183 -41.119012447027764)), ((-54.18921649698794 -34.9495147283879, -53.986845529534634 -34.84939455564212, -54.026733453115085 -34.6594153182047, -53.82428079988732 -34.558169749299374, -53.864252112924504 -34.3670565692419, -54.10638572607334 -34.27738610336594, -54.308380652069786 -34.378836451972376, -54.268700493638676 -34.56975132708354, -54.47060836039719 -34.67007468212177, -54.71172626534418 -34.57969075240685, -54.91306766439891 -34.67909660114458, -54.87376808785777 -34.86867807109249, -55.075010700048296 -34.96696018936919, -55.03579805504546 -35.15541394187165, -54.795044921171865 -35.245786015098275, -54.59332087292276 -35.147709422700984, -54.632830650235405 -34.95905637466021, -54.431013077609464 -34.8598576887641, -54.18921649698794 -34.9495147283879)))",Argentina Horned Frog
119,22862,22852,Odontophrynus cultripes,species,20978,Amphibia,2.32,"MULTIPOLYGON (((-42.438880854915055 -20.1621184245263, -42.3940304554217 -20.39759907835028, -42.59748942129289 -20.549621209549418, -42.55267151529341 -20.7842325200685, -42.30423153398536 -20.866879973892523, -42.10073035961727 -20.715002185881083, -41.85224778373856 -20.797058606141377, -41.64887661749816 -20.644541758007932, -41.69401228491347 -20.409828232143944, -41.942364480200126 -20.32767549133214, -41.98737443337282 -20.09214287222455, -42.235571730273506 -20.00931933151422, -42.438880854915055 -20.1621184245263)), ((-44.79978721248037 -18.681676490903673, -44.59681375613502 -18.52943626614777, -44.64066068107209 -18.28958789229947, -44.88729206848677 -18.20209776164104, -45.090133543711374 -18.35447872634321, -45.046476905539805 -18.59420781786473, -44.79978721248037 -18.681676490903673)), ((-48.38532365457655 -19.161828205680067, -48.34319632740775 -19.399546337744763, -48.09884127356466 -19.490594014241406, -48.05654473387793 -19.727673253934615, -47.811775184544786 -19.81824556519869, -47.76931095545058 -20.054665120002156, -47.52413805736887 -20.14474170335468, -47.48150769754426 -20.38048113586112, -47.684271878314036 -20.52594998146993, -47.64169702800453 -20.760802041241682, -47.844506930432345 -20.905361332123654, -47.801988334855025 -21.139311016462955, -47.556436699442116 -21.228893063390974, -47.51375121989008 -21.462119390518165, -47.267804881371745 -21.551150131145874, -47.22495411618962 -21.78363402791133, -46.978624523919194 -21.87209427301544, -46.93561010685244 -22.10381705761047, -47.13914238851001 -22.24690318735521, -47.09618142791595 -22.477676735802024, -46.84947153060813 -22.565535257072867, -46.80634737557449 -22.795519261632652, -46.559270369086306 -22.882762728240134, -46.35533450650615 -22.74004042490069, -46.39867118576794 -22.509894303904755, -46.194807252859135 -22.366232335571333, -45.94742468592756 -22.45289607423011, -45.743461063948246 -22.30848329880353, -45.49578742380777 -22.394544429829292, -45.29174936735308 -22.249388462188126, -45.043815082298124 -22.33484394023049, -44.83972793263712 -22.18895277647516, -44.88371605182533 -21.957438446342767, -44.679731134808605 -21.810654558911104, -44.43163085837995 -21.89555222515747, -44.387452760060114 -22.127181898753747, -44.13908909856673 -22.21141824591657, -43.93498003922241 -22.06408219168915, -43.68644790400691 -22.1477057209125, -43.482366107356796 -21.99966072174702, -43.52690805667936 -21.767833567651458, -43.32295544310682 -21.618931994265203, -43.36753440165984 -21.38618461125576, -43.163713965837985 -21.236442216191175, -43.20832914174758 -21.002789469720597, -43.004643862502576 -20.852222479847775, -43.049294464688245 -20.617679726808184, -43.297458879991666 -20.533782787330818, -43.34197341024941 -20.298441363374643, -43.13849560779846 -20.14692006066629, -43.18304611549931 -19.910715985736434, -42.979703513568666 -19.7584077850327, -43.02428921149948 -19.521357719461076, -43.27204692153026 -19.43669224209938, -43.31649718775253 -19.1988860449398, -43.113360948173295 -19.045671294654912, -42.86570485813547 -19.130401512238457, -42.66264147971634 -18.976573390051456, -42.70729520002564 -18.737883245702573, -42.95484595573356 -18.653087490508824, -42.99936691713566 -18.413666492020575, -42.79650409064948 -18.258977658136203, -42.84105922546519 -18.01877663779074, -42.63833748409587 -17.863379538140332, -42.39100847088207 -17.94830866408102, -42.18838573765069 -17.79234210411401, -42.2331356115252 -17.551328677273382, -42.48034825184823 -17.466331769786027, -42.68292601078147 -17.62241736827646, -42.93007078674583 -17.53691496020102, -43.13273124938053 -17.69243434441099, -43.379777704463464 -17.60642742710864, -43.424063888732235 -17.36485296130283, -43.22147517928505 -17.20921296443189, -43.265797408236494 -16.96690511338474, -43.063341101248824 -16.810586787941936, -43.10769859831376 -16.567565490141895, -42.90537760689287 -16.41058936453154, -42.94976959632078 -16.16687499891852, -43.19631458229915 -16.080202586752662, -43.39856496193076 -16.23728682875831, -43.35434231509467 -16.480934100389263, -43.55672223372028 -16.637366008865545, -43.51253616833151 -16.88031445420137, -43.71504269815182 -17.03607333715182, -43.67089398844982 -17.278302719839864, -43.87352418656502 -17.433368305632026, -43.82941360740324 -17.674858833144544, -44.03216451603046 -17.82921127945239, -44.27892315044102 -17.74219943236397, -44.32285279569132 -17.50080557810702, -44.569356197925146 -17.413272181770008, -44.77199453664551 -17.567155586493904, -44.72825108176016 -17.808440076732428, -44.48168179577027 -17.895951785964076, -44.437793124091854 -18.136582263758903, -44.190961489499216 -18.223563512955575, -44.1469294980775 -18.46351876597544, -43.89984775939135 -18.549949827564927, -43.85567437571305 -18.78920902754418, -44.05876325535675 -18.94193900879806, -44.30592136260438 -18.855546922025137, -44.5090165105741 -19.007645309784362, -44.75598280764612 -18.920724500902384, -44.95905913760731 -19.072181100535467, -44.91529802635654 -19.31041095993416, -45.118474190959404 -19.461066176515658, -45.36526905573717 -19.37364000970107, -45.568392438958085 -19.523630539225522, -45.81492407576752 -19.435671802631237, -45.858291348593696 -19.1977111164792, -45.655327716454565 -19.047567300226323, -45.69874234074274 -18.80877949673397, -45.495863764937724 -18.657825647737425, -45.5393249751225 -18.41822818814491, -45.78546552699146 -18.329727259414607, -45.82877407610766 -18.089477419133036, -46.074594938947 -18.000479880116735, -46.27713541686717 -18.151728665616805, -46.522647188837425 -18.06224135959698, -46.725071199218235 -18.21284013680419, -46.97024438051912 -18.122866276646345, -47.01298082631075 -17.882317015214895, -47.25778541683678 -17.791890640103155, -47.30035998384034 -17.550748129569058, -47.0983452287924 -17.399850874850134, -47.1409731826613 -17.157949377932454, -46.93901445966705 -17.00626638965596, -46.98169505834008 -16.763624890672386, -47.22612058982119 -16.672848680067066, -47.268640041263865 -16.429665411854195, -47.06694818716636 -16.277078398633915, -47.109520714276584 -16.033189624837554, -46.907885327683914 -15.879859917561067, -46.95051019164427 -15.635285811957592, -46.748934347598066 -15.481232948859896, -46.504536177050966 -15.571880692765516, -46.30283239969572 -15.41724404160936, -46.34571613929302 -15.171841422171909, -46.144083754434064 -15.016515904966585, -45.89939142858344 -15.10670949229629, -45.69766423516322 -14.95082498720093, -45.740797388355304 -14.704638879393544, -45.53915339666233 -14.54810103261199, -45.58233276240401 -14.301303769124022, -45.826958818731896 -14.211182700407619, -45.86998708361671 -13.963930230694796, -46.11429558567369 -13.873464770133282, -46.315602698122035 -14.030206212540493, -46.27277589222575 -14.277311291343127, -46.028439302492075 -14.367823484365754, -45.985458465759564 -14.614481220780128, -46.187016415902235 -14.770474920690006, -46.431377319455805 -14.679916765858591, -46.63282489056593 -14.83535557530145, -46.590097572959394 -15.081238081869628, -46.79161080867269 -15.235994122718207, -47.03565226944636 -15.144983947342752, -47.23702213153015 -15.299160335935861, -47.480694754588484 -15.207746477243873, -47.52299718704728 -14.962220675125678, -47.32184293045873 -14.807922648451981, -47.364199284236065 -14.561764080109391, -47.163096237594516 -14.406775181643535, -47.20550578228375 -14.160005406740568, -47.00445700645116 -14.004346338342708, -47.04691901062452 -13.75698732254614, -47.290217198918185 -13.665468613728555, -47.33251906951716 -13.417719534751987, -47.57544058813943 -13.325925589288971, -47.776052236313404 -13.48179599643416, -47.73396681315296 -13.729354726289392, -47.491052159441836 -13.821234503400769, -47.448803898812 -14.068411159868397, -47.64968746745686 -14.223513376188578, -47.60749354297559 -14.4700954023193, -47.80842265802275 -14.624513101873756, -48.05131223132767 -14.53246530291447, -48.25204359822504 -14.686302036274437, -48.21012673146947 -14.932061495832219, -47.967255386525125 -15.024191448569963, -47.92517230824103 -15.269519196092164, -48.12618329947102 -15.422507023667906, -48.369032615936476 -15.330296178488567, -48.56982842679838 -15.482675741962353, -48.81222380467824 -15.390072049726491, -49.012780843801465 -15.541834461589318, -48.97120994295352 -15.786058946690401, -49.171785879679305 -15.937050742928271, -49.413652704885635 -15.843961905723903, -49.61395782099626 -15.994315364526589, -49.85530502483823 -15.90083387996863, -50.055316185211325 -16.050541071298145, -50.01428225603709 -16.29357354696212, -49.7729960337727 -16.38715784782983, -49.57268377393433 -16.237605827572832, -49.3308675563116 -16.330789468014338, -49.28941904141698 -16.573617304765126, -49.490023474682374 -16.72301282403178, -49.44863720694741 -16.9651131252344, -49.20641009557943 -17.0580604457236, -49.00552252107644 -16.90882266063611, -48.762799426239155 -17.00134413925486, -48.72100608300326 -17.243176662904226, -48.47784540361448 -17.335334156131477, -48.27644862053842 -17.185591728110982, -48.03283734929988 -17.277306546181105, -47.99064773537992 -17.518819665705113, -48.19229425937786 -17.668406348179605, -48.150161802662666 -17.90915195335667, -47.90615834387742 -18.000516617056707, -47.863858562389254 -18.240685141725287, -47.61945017476086 -18.331621387874435, -47.57698460355513 -18.571190834363964, -47.77914881935067 -18.719624721964326, -48.02354329499235 -18.628650506790155, -48.225508893436 -18.776396623289866, -48.46946693611383 -18.6849391605162, -48.671209825934795 -18.83198990175522, -48.62925319864053 -19.070325789651264, -48.38532365457655 -19.161828205680067)), ((-43.961644066320275 -16.9489996151113, -44.005653340337176 -16.70613702900343, -44.25201368339802 -16.618559986050368, -44.45443684870446 -16.773868648132073, -44.41060965642106 -17.016632408184822, -44.164175906517556 -17.104187587035753, -43.961644066320275 -16.9489996151113)), ((-51.850158001619036 -17.375334358341807, -52.088843511643745 -17.279937915430974, -52.28733719901098 -17.424364151678958, -52.24751913150145 -17.66399632576707, -52.00894637587203 -17.759519182370806, -51.81007980877163 -17.6152825315019, -51.57084136287662 -17.710403961979686, -51.530576926656295 -17.94987835837164, -51.29079486746548 -18.04470270805855, -51.09118165198481 -17.899941409206743, -51.13170062724487 -17.66017088322317, -50.932064998994576 -17.51451891081144, -50.97265269152399 -17.27397320186101, -51.212624027196796 -17.179371471817607, -51.41191397747781 -17.32520408561381, -51.6512552342401 -17.23020211241862, -51.850158001619036 -17.375334358341807)), ((-45.62614181223722 -17.93758793097253, -45.38004155404917 -18.026092764046393, -45.177342283513326 -17.87357222171711, -45.220894367690505 -17.632409736211745, -45.46695051410995 -17.54390114466705, -45.66949742513057 -17.696560035080058, -45.62614181223722 -17.93758793097253)), ((-42.139437139702125 -12.992400910021423, -42.094949617142845 -13.24086009082356, -41.849197577679945 -13.32782588088846, -41.648062044657735 -13.166373756640468, -41.692702167001414 -12.917898196031267, -41.938326591772665 -12.830889910159785, -42.139437139702125 -12.992400910021423)), ((-47.877344546928356 -21.980380726461398, -47.83477148293497 -22.21173739500515, -47.58884009977612 -22.300772729333413, -47.385473515773526 -22.158447990536185, -47.42826962821621 -21.926902861694423, -47.67421044981674 -21.837869701491996, -47.877344546928356 -21.980380726461398)), ((-40.74565589406046 -20.49997500660151, -40.79108649443023 -20.265205925128733, -41.03940951386363 -20.184218041443643, -41.24245245854587 -20.33811502822015, -41.197166445731284 -20.572862171351286, -40.948691461454985 -20.65373561719488, -40.74565589406046 -20.49997500660151)), ((-42.18613106234119 -15.28909680416684, -42.43253176578435 -15.202786978329426, -42.634429490866154 -15.361609249214165, -42.58997084034098 -15.606646895737866, -42.34345339839871 -15.69290528272688, -42.141512713710085 -15.534176199971427, -42.18613106234119 -15.28909680416684)))",Rio Grande Escuerzo
120,22866,22863,Proceratophrys cristiceps,species,20978,Amphibia,2.32,"MULTIPOLYGON (((-38.862818636676224 -12.042243030374657, -38.66337825654051 -11.877923953079202, -38.41857491946257 -11.962361552008096, -38.21944602652118 -11.797763727318308, -37.97485879138941 -11.881830214581761, -37.77606464324171 -11.716968656585019, -37.82174386330087 -11.468024234943943, -37.62317963902902 -11.302899719414318, -37.379062626834724 -11.386735141888716, -37.18086369363439 -11.221380400354146, -37.226647316576134 -10.972184212596666, -37.028688099206136 -10.806610510000828, -37.07447806945214 -10.557063286144688, -36.87676083932109 -10.391296401115314, -36.63340553838296 -10.475074559688407, -36.43609090089046 -10.309129696292135, -36.481971775924535 -10.059418487945718, -36.284908591797574 -9.893324884711017, -36.04213644926074 -9.976929733888253, -35.84550515711172 -9.81069207362263, -35.89146631167489 -9.5608720003257, -35.69509567890387 -9.394530176928981, -35.74105689121052 -9.144451704476948, -35.544949010779135 -8.978031845541363, -35.30307634547043 -9.061659413584726, -35.10743591370945 -8.895147922959831, -35.1534640998496 -8.64504966607196, -34.958095277380096 -8.47850478050123, -35.00412009240878 -8.228208121588052, -34.809024868429276 -8.061656021540005, -34.85504562624729 -7.811187258072242, -35.09609945627727 -7.7270416766830925, -35.14205392246612 -7.47619162363588, -34.94701752154282 -7.309721749534434, -34.99296857574615 -7.0587448362340215, -34.798205047158945 -6.892328037297363, -34.844152006847196 -6.641250824602403, -35.08480069029221 -6.556352553604014, -35.130681668331846 -6.3049572324862035, -35.371472457610395 -6.21967129331064, -35.41728512133682 -5.96798346109272, -35.22237326140083 -5.801818581747684, -35.26818379509851 -5.550095474909297, -35.508839083688514 -5.464304854293316, -35.55458030259794 -5.212334399771167, -35.79535974054579 -5.126209649169995, -35.990656108252495 -5.292182970750956, -36.23180114056129 -5.2058608300071505, -36.42752635407791 -5.3718507694127124, -36.66900984379248 -5.285330697870888, -36.71452223821714 -5.032717267462815, -36.95608140882371 -4.945905212014537, -37.15236216155549 -5.111801198924384, -37.39421397782087 -5.0248012369032615, -37.439554547784724 -4.771824252991735, -37.68145146163263 -4.684564937975354, -37.72670501655716 -4.431440444884411, -37.96863485660816 -4.3439440736835015, -38.0137991560143 -4.090698859931269, -38.25574975294407 -4.002987874711391, -38.30082257126446 -3.7496488234826653, -38.54278176146937 -3.6617457938604785, -38.73986733634413 -3.827219302800064, -38.98201709671929 -3.7391716899906173, -39.02688577283516 -3.4856268768726606, -39.26901335377954 -3.397421041520869, -39.3137826534373 -3.143843741916543, -39.55587591053589 -3.0555025301675087, -39.753376486599166 -3.220741911854762, -39.995594742764524 -3.1322787952621414, -40.040139618063876 -2.878586853797825, -40.282292777062025 -2.79002261811487, -40.480061357859796 -2.9551310348686552, -40.72229239889319 -2.8664566681896786, -40.920257339231114 -3.0315383230459174, -41.16253771330014 -2.9427542977484378, -41.36067580977294 -3.107794713671598, -41.60297690479422 -3.018901551920546, -41.647003394511415 -2.7650230914559053, -41.88917140100776 -2.6760862953120177, -42.08743675883514 -2.8409641917643946, -42.32957823551925 -2.7519304100724966, -42.52795474541756 -2.916742268038356, -42.77004105748614 -2.8276121625094848, -42.8136411789483 -2.573758724795256, -43.055545448318696 -2.484631263149307, -43.253946573335924 -2.6492601549552526, -43.49574863041619 -2.5600487132075798, -43.694198749816024 -2.7245870723580454, -43.65092644460913 -2.9784340775831035, -43.849495709947064 -3.142961825065565, -43.80625992504727 -3.3968991545641476, -43.564285196740684 -3.486328260028062, -43.52091628132169 -3.7403546545898174, -43.719691219073866 -3.904927140246668, -43.67635832418841 -4.15899698001759, -43.43408193687924 -4.248513995222387, -43.39061653610693 -4.502626090397155, -43.14813126428723 -4.59209986266663, -43.10453523871834 -4.846227010233152, -43.30358934935535 -5.010862961488122, -43.260027592642615 -5.264966863759405, -43.01724745112003 -5.354447047814668, -42.97355572042875 -5.60851906481111, -42.730583559054224 -5.697898028989338, -42.68676377866453 -5.951910941151622, -42.443611504956465 -6.041165462052822, -42.399665624985516 -6.295092077009612, -42.59902929857222 -6.459761767488258, -42.55511463331493 -6.713578890038927, -42.31167963720367 -6.802723536576207, -42.26763956591432 -7.056407637560065, -42.02404168009565 -7.145370061211338, -41.979878194731725 -7.398894122479684, -41.73612951278352 -7.487651304048342, -41.691844630004596 -7.740988405539358, -41.89145787911943 -7.905580926808997, -41.84720108851943 -8.158723144596904, -41.60318225318369 -8.247255132825627, -41.55880480086461 -8.500164327627267, -41.75859434217483 -8.664554137965844, -41.71424442713766 -8.917222590136873, -41.469957474044406 -9.005483568810718, -41.42548764232981 -9.2578734075442, -41.181072889271434 -9.345838314364023, -41.13648521399415 -9.597923276268421, -41.33645575059319 -9.762063321793585, -41.29189373442699 -10.013843455000119, -41.49203026342252 -10.177691583362119, -41.447494661049234 -10.429140945241803, -41.64779448430525 -10.59267154785227, -41.60328605196145 -10.843764423042124, -41.35833085911949 -10.931316381458132, -41.15802367162999 -10.767805952599161, -40.91308988405365 -10.855027086800757, -40.86831959000597 -11.105714930931915, -41.06862384385127 -11.269201604067478, -41.31370270348205 -11.182022988239591, -41.51417602475186 -11.345183149824292, -41.4695744727845 -11.595489713012338, -41.22435399401007 -11.682625754026123, -41.179633485176225 -11.932502809166722, -40.93429488342184 -12.019233170848564, -40.73382667809395 -11.856138490450094, -40.77868796297878 -11.60628018538203, -40.57839696486212 -11.442820828214636, -40.33326688514856 -11.529251837568053, -40.13318483784741 -11.365476576456052, -40.178202382866516 -11.115247824049666, -39.97830829829769 -10.951151017723777, -39.733440148106354 -11.037304263641458, -39.68829514649758 -11.287478374320068, -39.44337371817778 -11.373204610192833, -39.398123780261756 -11.622920994843115, -39.15316161705044 -11.708199264483309, -39.1078089664945 -11.957433393819125, -38.862818636676224 -12.042243030374657)))",Ceará Smooth-horned Frog
121,22892,22885,Crossodactylus gaudichaudii,species,20978,Amphibia,2.32,"MULTIPOLYGON (((-46.22510693370435 -23.426902680916488, -46.429304150403766 -23.568488893931526, -46.38590926036497 -23.795850778248262, -46.59017802943862 -23.936469616198263, -46.54683446588314 -24.162829142285283, -46.29901027816709 -24.248723679658532, -46.09455315306451 -24.108289658541562, -46.13810731730885 -23.881777583709503, -45.933727712481726 -23.740374002186947, -45.68562055382401 -23.825665513236952, -45.64186085693001 -24.05231999093457, -45.39343442802016 -24.136926461346558, -45.18881360603265 -23.99492360824843, -45.23277367730901 -23.768136926242708, -45.028248641034565 -23.62518461890423, -44.77962289508122 -23.70919607647396, -44.575063434946856 -23.56548056907282, -44.61926172529141 -23.337581412402866, -44.41481025638157 -23.192939997182744, -44.1660423491914 -23.27636974985298, -43.96159112646788 -23.130984207871172, -43.712652346989245 -23.213775373961756, -43.5082269856706 -23.06765434338128, -43.2591484279489 -23.149805157211354, -43.0547745554845 -23.002957655373294, -42.805587386915164 -23.084466694867544, -42.601290623727834 -22.936902114492575, -42.35202606167047 -23.01776830133169, -42.30694428460288 -23.246103655351355, -42.057507150615294 -23.326223991217603, -41.85327964173908 -23.178109861553665, -41.898521290210994 -22.949719005453943, -41.69445548244886 -22.80074992549786, -41.739726513255675 -22.571404365981973, -41.535825296467664 -22.4215956641364, -41.28664075290044 -22.501286825570098, -41.08290198631963 -22.350804508507238, -41.12835133271082 -22.120482192785204, -41.37739115605501 -22.04067656812298, -41.5811249104934 -22.191309095348366, -41.83017167032071 -22.11087654947399, -41.8753457531692 -21.879705205260755, -42.124241749450846 -21.798546890556008, -42.328088812823324 -21.948660306011135, -42.57694044553716 -21.866884260322557, -42.78089122658719 -22.016318302708438, -42.7360408965981 -22.247372323793158, -42.940135676788486 -22.39595942230618, -43.189016431242834 -22.313648497816622, -43.39318057554999 -22.461533412798264, -43.64194375650925 -22.378598273612614, -43.846151725938626 -22.525771423070022, -44.09476628918 -22.44221358489138, -44.29899254340398 -22.588665756863858, -44.25471044899163 -22.818508757485745, -44.459050844541196 -22.964062555457193, -44.70755328911264 -22.879940579028364, -44.9118774093819 -23.024753123242128, -44.86782776276573 -23.253515181784486, -45.07225389408896 -23.397404214520474, -45.32058718414464 -23.31270395637899, -45.36444060292379 -23.084067853519638, -45.61246913986585 -22.998695698119075, -45.816684240537086 -23.142001618316026, -45.7730322522512 -23.37050124097283, -45.97733117843006 -23.51286228442524, -46.22510693370435 -23.426902680916488)), ((-47.36401502831629 -24.71779585151973, -47.611111659897176 -24.630646647602674, -47.815180097669156 -24.767671695738912, -47.77238543956494 -24.99164954276509, -47.52529677304159 -25.078780565894306, -47.32099599252757 -24.94195065017276, -47.36401502831629 -24.71779585151973)), ((-41.06111921530683 -21.2736666097369, -41.26450950578294 -21.42589754019108, -41.21915511635967 -21.658023083976502, -40.970263641915096 -21.737945066935612, -40.76687995945477 -21.585858365582297, -40.8123796975072 -21.353706817899194, -40.609177755139626 -21.20084319435006, -40.65470149890879 -20.967799759449512, -40.90328547348906 -20.887639489469912, -41.10649980023442 -21.04064407771725, -41.06111921530683 -21.2736666097369)), ((-47.20284097781135 -24.35477496034053, -47.15976708250179 -24.579956019960235, -46.9122824898308 -24.66646413904224, -46.70788014932245 -24.52781490899763, -46.75117161303024 -24.302468824090617, -46.99864907334248 -24.215935707389942, -47.20284097781135 -24.35477496034053)))",Brazilian Spinythumb Frog
122,22896,64724,Cycloramphus,genus,20978,Amphibia,2.32,"MULTIPOLYGON (((-39.33649874933002 -16.943257904336964, -39.53780292864542 -17.102957298974957, -39.49220365058545 -17.34401075089027, -39.24517735540795 -17.425328171397737, -39.19947288931846 -17.66563086650238, -39.40091681434484 -17.82464890347495, -39.648129942141566 -17.74346635985762, -39.84983756426996 -17.901988463709326, -39.804275781981005 -18.141583493171176, -40.00618118142319 -18.299485215894904, -39.9606393098511 -18.538321737458034, -40.162739829913534 -18.695582446033423, -40.11721864733866 -18.93364152170769, -39.869465430342274 -19.01442844026091, -39.82383347850683 -19.251684775252617, -40.026085530463064 -19.40816233649341, -39.98047365126726 -19.644610546045854, -40.1829211065093 -19.80040287539753, -40.43101714718398 -19.71987173524482, -40.633686886671285 -19.87508969619496, -40.88185437465887 -19.793985753693175, -41.084721529490224 -19.948616896056308, -41.33292974635194 -19.866939749690605, -41.53596933213737 -20.020971930141098, -41.784187498129626 -19.938721482275902, -41.98737443337282 -20.09214287222455, -41.942364480200126 -20.32767549133214, -42.14570997343725 -20.480333943481536, -42.3940304554217 -20.39759907835028, -42.59748942129289 -20.549621209549418, -42.55267151529341 -20.7842325200685, -42.75627740964154 -20.935460241194395, -43.004643862502576 -20.852222479847775, -43.20832914174758 -21.002789469720597, -43.45659115593622 -20.918962446105983, -43.6603304569702 -21.068858388576142, -43.61589024636555 -21.30242647322232, -43.819755814117144 -21.45148489147679, -44.0679653260143 -21.36713041273519, -44.27185061248957 -21.515495166997074, -44.22763127277909 -21.748053280322935, -44.43163085837995 -21.89555222515747, -44.679731134808605 -21.810654558911104, -44.88371605182533 -21.957438446342767, -45.13159738040724 -21.871940321854325, -45.335542242494256 -22.018000484682414, -45.58317403102029 -21.9319044865912, -45.78705351297447 -22.077232632738966, -45.743461063948246 -22.30848329880353, -45.94742468592756 -22.45289607423011, -46.194807252859135 -22.366232335571333, -46.39867118576794 -22.509894303904755, -46.64573243614569 -22.422631327837184, -46.84947153060813 -22.565535257072867, -46.80634737557449 -22.795519261632652, -47.010149319229214 -22.937473270648802, -47.25686391355066 -22.849627047428918, -47.46050691914985 -22.990806221350013, -47.4176551491542 -23.21964266335782, -47.62134874803306 -23.359849679883855, -47.867660892473936 -23.271410177142453, -48.07116161342603 -23.41082688727703, -48.02859164087852 -23.638488205061204, -48.23213068728995 -23.776911962743924, -48.47798496541935 -23.687870364118023, -48.68129739965687 -23.825489676418858, -48.639018424293766 -24.051949862203728, -48.8423569210164 -24.18855687001205, -49.08769836821568 -24.098905584466298, -49.29077676939377 -24.234695342855428, -49.53560579234076 -24.144440877262625, -49.73839989130599 -24.279409331222144, -49.98268809222435 -24.188557536356896, -50.185173918742066 -24.322701014513953, -50.14368570275147 -24.547482454594753, -50.34616743666305 -24.68058119598211, -50.30474643169265 -24.904334652802426, -50.50722085524333 -25.036379908163173, -50.46586776932952 -25.25909608012221, -50.66833166149928 -25.39007957271415, -50.62704720022023 -25.611749627204865, -50.82949733702628 -25.74166354813345, -50.788282203431095 -25.962279116793894, -50.544361367551545 -26.053217368997757, -50.502959972019255 -26.273006602786882, -50.25851927333616 -26.36332993329474, -50.21693288216423 -26.582277689486588, -50.42004016325296 -26.710675408899707, -50.37852172671958 -26.9285471237378, -50.13364332048391 -27.018242139010752, -50.09194012878203 -27.235251266299603, -50.29536773216904 -27.362346272846494, -50.253732151707254 -27.578266439734456, -50.00841687176029 -27.667305148297388, -49.804669321621645 -27.540423979693784, -49.55878999757962 -27.62879276814108, -49.51672131057117 -27.84403499299028, -49.2703576440384 -27.93171606421176, -49.22810829445356 -28.146054780464848, -49.43246762015977 -28.27251700368234, -49.390282600768046 -28.485750389520366, -49.59465305271186 -28.61111822622028, -49.8409025818668 -28.523459767816583, -50.044967981628844 -28.64793659347864, -50.00309782006909 -28.859862097446566, -49.75691139353276 -28.947509316554275, -49.71485725568655 -29.158516703977348, -49.91924008749143 -29.281680699912496, -49.87725249666238 -29.491568251227914, -50.081636572723056 -29.61362362790314, -50.039716263391654 -29.82238732759768, -50.24409828086593 -29.943330164009293, -50.202245985156935 -30.150966393987787, -49.95575778756407 -30.237850686522474, -49.75105471029417 -30.117112562737297, -49.79315981751881 -29.90928668002935, -49.588460559385425 -29.787436319790174, -49.63063184742683 -29.578482839443403, -49.425939719047335 -29.455524043235727, -49.468176445950434 -29.245446710273495, -49.263494753141856 -29.121383682048247, -49.01628141017687 -29.207601183261175, -48.81132558730371 -29.08264053597483, -48.85386984590096 -28.871261655938454, -48.64893699702256 -28.745206361182422, -48.691543308351186 -28.532712739864962, -48.486636727445045 -28.405568122371122, -48.52930433456095 -28.19196486614765, -48.324427308979466 -28.06373667828895, -48.36715545321067 -27.849029318728675, -48.162311263376864 -27.719723746892814, -48.20509918440095 -27.503918247571562, -48.00029110350579 -27.373541918281635, -48.04313803942753 -27.15664468135375, -48.29056095136684 -27.070300871448843, -48.33323480374017 -26.852495991922325, -48.58022379069888 -26.76545249765556, -48.62272301014548 -26.546753613924842, -48.41846846356884 -26.414912091555554, -48.46102827843103 -26.19514066859405, -48.25680447481108 -26.062244935911536, -48.29942413280651 -25.841408881484078, -48.09523431895883 -25.707467221799174, -48.13791306620726 -25.48557490672058, -47.933760481681276 -25.350596070482453, -47.68668376156032 -25.437709138798894, -47.48233336199604 -25.301899153351975, -47.52529677304159 -25.078780565894306, -47.32099599252757 -24.94195065017276, -47.36401502831629 -24.71779585151973, -47.15976708250179 -24.579956019960235, -46.9122824898308 -24.66646413904224, -46.70788014932245 -24.52781490899763, -46.75117161303024 -24.302468824090617, -46.54683446588314 -24.162829142285283, -46.29901027816709 -24.248723679658532, -46.09455315306451 -24.108289658541562, -45.846412574390996 -24.19354186721114, -45.802700914260896 -24.419188168520332, -45.55423380223769 -24.503748998848348, -45.34952032665558 -24.36270784445072, -45.39343442802016 -24.136926461346558, -45.18881360603265 -23.99492360824843, -44.94013204961979 -24.07888127376619, -44.73546769432289 -23.93610471541741, -44.77962289508122 -23.70919607647396, -44.575063434946856 -23.56548056907282, -44.326224641965865 -23.648847951038405, -44.1216563688358 -23.504377204219168, -44.1660423491914 -23.27636974985298, -43.96159112646788 -23.130984207871172, -43.712652346989245 -23.213775373961756, -43.5082269856706 -23.06765434338128, -43.2591484279489 -23.149805157211354, -43.21440341556507 -23.37799768590094, -42.965111935720074 -23.459420785899013, -42.76067117557932 -23.312735931835594, -42.51129122390043 -23.3935080758389, -42.30694428460288 -23.246103655351355, -42.057507150615294 -23.326223991217603, -41.85327964173908 -23.178109861553665, -41.898521290210994 -22.949719005453943, -41.69445548244886 -22.80074992549786, -41.739726513255675 -22.571404365981973, -41.535825296467664 -22.4215956641364, -41.28664075290044 -22.501286825570098, -41.08290198631963 -22.350804508507238, -40.83374464120851 -22.42986020954364, -40.63019364886429 -22.278715379770944, -40.67578690957512 -22.048368273588387, -40.92478870235499 -21.96918941281808, -40.970263641915096 -21.737945066935612, -40.76687995945477 -21.585858365582297, -40.8123796975072 -21.353706817899194, -40.609177755139626 -21.20084319435006, -40.65470149890879 -20.967799759449512, -40.451684069191174 -20.814176666284407, -40.203170357268874 -20.893736989435503, -40.000374823876655 -20.739507469910652, -40.04605691331125 -20.505583842033865, -39.843457065262726 -20.35062743756208, -39.889159390544904 -20.115849541766384, -39.68675791525868 -19.960184850476605, -39.73247969234623 -19.724569586386444, -39.53027925657398 -19.56821563735698, -39.57601970377959 -19.331780374782372, -39.37402295346698 -19.17475662101089, -39.41978129151968 -18.937519194896296, -39.667411453671804 -18.857285281521687, -39.713062698138515 -18.61923898185265, -39.5112094482007 -18.46145027510928, -39.55687920763799 -18.22263262832815, -39.355229315189376 -18.064218829675795, -39.10797657022857 -18.144734446256617, -38.90660654191487 -17.98582211729946, -38.95241390194761 -17.74628977277347, -38.751257932187116 -17.586789528521095, -38.797080091342536 -17.34653088880715, -39.04394198678443 -17.265727137479455, -39.08966264955106 -17.02471161888, -38.88863840523405 -16.864549206873292, -38.9343744970065 -16.62284123652587, -38.733563923702235 -16.462139431879873, -38.779314679452085 -16.219759798692852, -39.025760394189376 -16.13802945965752, -39.22665075093511 -16.298818999106288, -39.18101706208603 -16.54124986406919, -39.382115617184866 -16.701505407698225, -39.33649874933002 -16.943257904336964)), ((-29.540390144227672 -20.099848908870744, -29.73163586110877 -20.263107801424187, -29.684358553360482 -20.489799217474857, -29.445842249491648 -20.552990636771963, -29.398543348907765 -20.778661472304407, -29.16040631470983 -20.840951145409647, -28.969963528001983 -20.67793693313291, -29.01725064187525 -20.45251005947263, -29.25499369434567 -20.389852324949644, -29.302262907866606 -20.163403126645953, -29.540390144227672 -20.099848908870744)))",Button Frogs
123,22930,22923,Leptodactylus syphax,species,20978,Amphibia,2.32,"MULTIPOLYGON (((-59.377468174178176 -11.94428881861056, -59.598768339651855 -11.84653747760398, -59.78506156760423 -11.98944282057078, -60.005335078023165 -11.89155704747534, -60.190891705261265 -12.033801302203308, -60.15674025756687 -12.273735352559758, -60.34211939807692 -12.415115203388796, -60.561077324137386 -12.31676111682232, -60.74570015975675 -12.457469602487677, -60.71194173756331 -12.696324445043643, -60.89637883269765 -12.836147069388968, -60.8627145738495 -13.074443977388151, -60.644312335087136 -13.173463447291343, -60.61044127685375 -13.41173104589411, -60.39125267303211 -13.510929459735348, -60.35717476848845 -13.749144796982712, -60.54258625165757 -13.887621349521666, -60.76149667206208 -13.788106922252378, -60.79527353284 -13.55043209258925, -61.01339383016949 -13.451087351636595, -61.197452383875074 -13.589097308294695, -61.16397751135966 -13.826223037170836, -61.34784328889528 -13.963307090946326, -61.564590385364426 -13.863498557981424, -61.74766405741954 -13.999884262283352, -61.963309372648055 -13.89993918575484, -61.99617787866313 -13.663936592502166, -62.20944208085811 -13.579299426256988, -62.39048950486281 -13.731067259165386, -62.35775169499857 -13.967694481998826, -62.53946180173577 -14.119847434764713, -62.754426221557935 -14.035151941297606, -62.93731437932904 -14.187455578638357, -63.15331360677206 -14.102294521737086, -63.33737234574954 -14.254736312898078, -63.55439343072642 -14.16910503561679, -63.73961475885383 -14.32167226586299, -63.70731805867396 -14.560082520334287, -63.89320333337281 -14.712973086350079, -64.11187676909076 -14.627242531879945, -64.29891550925367 -14.78023151564745, -64.51858008414834 -14.694014058913297, -64.70676299688384 -14.847088154391969, -64.674803170254 -15.086581550450255, -64.86364979904695 -15.239928150828408, -65.0849282358314 -15.15358029806118, -65.27490801713049 -15.306983707326978, -65.24314247549673 -15.546927912729686, -65.43378587064365 -15.70056624628051, -65.40204862540969 -15.940375934195677, -65.17949460558108 -16.025999815626065, -65.1476121734564 -16.265111288461743, -65.33845690335171 -16.419139578127083, -65.30660232135882 -16.658077436266627, -65.49811528692898 -16.812287141047907, -65.72194498363831 -16.727388239327997, -65.75362249788952 -16.487917439915936, -65.97775918762133 -16.402127763116024, -66.00928707784018 -16.161944836468365, -66.23372215213243 -16.075275833111267, -66.26509898206594 -15.834398730020922, -66.48982378163117 -15.746862315612134, -66.5210481307798 -15.505309412797255, -66.74605394747415 -15.416917968076696, -66.77712441146765 -15.174708062564367, -67.00240249028491 -15.085474431194436, -67.19722456042219 -15.238771281516811, -67.42337731317353 -15.149019991543552, -67.45409540456772 -14.905661053384508, -67.68049807072373 -14.81508554934923, -67.71105667384565 -14.571111517525143, -67.93770029188609 -14.479725861908532, -68.13438490138405 -14.632608133859831, -68.104031686673 -14.877079771995582, -67.87678709818302 -14.968172013840828, -67.84627156940944 -15.212031789406163, -68.0432072753579 -15.3652900487795, -68.01273596015331 -15.609011320782164, -67.78512235426649 -15.698981443046977, -67.58858655579712 -15.545532613585342, -67.36182318484303 -15.634972348940614, -67.330987032468 -15.877548709578702, -67.10447779099098 -15.966141787881737, -67.07348336534 -16.208047416828737, -66.84723721345648 -16.295780853005365, -66.65260682973077 -16.14193729240607, -66.42725717863743 -16.229136149320404, -66.39591481369196 -16.469840559849025, -66.17085050401337 -16.556163553471066, -66.13935557578924 -16.796157879430993, -65.91458534969429 -16.881593262278724, -65.88293929303344 -17.12085977775364, -65.65847184271203 -17.205396272130223, -65.46628960027087 -17.051028293407107, -65.24277545227734 -17.135025439701195, -65.2108030598243 -17.373019860655283, -64.98761296155521 -17.45610474000562, -64.79704250095517 -17.301573332869328, -64.57483463309343 -17.384122050375016, -64.54254888385297 -17.620815720520845, -64.32068569406002 -17.702440074961398, -64.2882592215178 -17.9383530952466, -64.06674894842449 -18.019043800046187, -63.87832342295741 -17.86422271845306, -63.65783467860818 -17.944379716118814, -63.625112410213774 -18.17894877910269, -63.81303409379248 -18.333908847673452, -63.78033075217101 -18.56821434595918, -63.96893427402837 -18.723311887857513, -63.93625084870686 -18.957331872731537, -64.12553765210045 -19.11254423896247, -64.09287514457061 -19.346256870418518, -63.870765899082784 -19.424224897563555, -63.8379642753215 -19.65708390321235, -63.61622531226253 -19.73407973603692, -63.583286134441934 -19.966071422042408, -63.77224248113008 -20.121592382480014, -63.73932221114373 -20.353228279547093, -63.51728929616334 -20.428818793252876, -63.48423153744588 -20.659561174234177, -63.26258173312047 -20.734159626595787, -63.07466690508345 -20.578447595192035, -63.107876456529084 -20.348229811851464, -62.92065417923334 -20.192582771835884, -62.9538786502975 -19.962004355882478, -62.7673472521557 -19.80644460311155, -62.80058568236058 -19.575526504280102, -63.020210045182296 -19.499627148780117, -63.05331706320118 -19.267841778151062, -62.866945523497634 -19.11250420497906, -62.64799490432847 -19.188839581980424, -62.61474346335322 -19.420076277332292, -62.39619692138598 -19.495438322055524, -62.36281713123657 -19.72580799063713, -62.14468234141768 -19.80019043295974, -62.11117579993412 -20.029680393699376, -61.89346036287161 -20.103077407269414, -61.709934633832205 -19.947439997231207, -61.493330637465164 -20.020307828697828, -61.459569169728084 -20.248351250855343, -61.24340217065307 -20.32022903693116, -61.0616840648627 -20.16453184468752, -60.84139768251414 -20.267383859235238, -60.65470875776941 -20.142550965629148, -60.433329859170925 -20.24512796916286, -60.39892494376312 -20.472732215154313, -60.17674638677613 -20.57521622230263, -59.98869508678999 -20.449904241458402, -59.76544736467859 -20.552091131720818, -59.576640398714574 -20.425999631978073, -59.352339368072194 -20.527880038236866, -59.16279158121017 -20.401007632651854, -59.198112108861295 -20.171969604380813, -59.00839759493411 -20.044033940511763, -58.78280336785407 -20.145417992687204, -58.59236992170568 -20.016703869283884, -58.36576338528255 -20.117766828920306, -58.17462688202387 -19.988273651784127, -58.210642075873665 -19.757445479572084, -58.019354875022955 -19.626904876637443, -57.79151597874582 -19.727461031427058, -57.59954894263258 -19.596145509842362, -57.370741765335396 -19.696367064798583, -57.33413191202985 -19.928076002315866, -57.526625152921156 -20.059127986975057, -57.490104536439844 -20.289962427342388, -57.26079467238793 -20.390172881003288, -57.2240672204117 -20.62054779284335, -57.41694569342806 -20.750285222120993, -57.380307400346766 -20.979760831171017, -57.573047888053964 -21.108438611818265, -57.53649924442141 -21.3370029971134, -57.72909896282667 -21.464613237943805, -57.69264045472154 -21.692254936112064, -57.88509662884266 -21.818790208874884, -57.84872873783087 -22.045498211771864, -57.61960538320005 -22.146090147144747, -57.58302875175528 -22.372272000132618, -57.775874835415635 -22.49744445574304, -57.739388755083894 -22.722671324420993, -57.50975712783931 -22.82313570388886, -57.31638054995503 -22.698242794087633, -57.0857837683359 -22.79829936698421, -57.048790659527754 -23.023370543532273, -57.2426918655608 -23.147985387900263, -57.20578816365486 -23.37208092233636, -56.97468564518479 -23.471953953448523, -56.93757367453216 -23.695455536350412, -56.70574527457653 -23.795002218338315, -56.51081297460027 -23.67093848926894, -56.27805408167788 -23.77003744912579, -56.24043929046434 -23.993300436628928, -56.00697320721146 -24.09203946678021, -55.81092007073288 -23.967417493364735, -55.57655680431739 -24.06568612230198, -55.37990806333899 -23.94023221355087, -55.144669389106994 -24.03802123569531, -54.9474445035071 -23.911734775850025, -54.71135273362563 -24.009035168816798, -54.513571566109874 -23.88191585451557, -54.27664954068976 -23.978718788581855, -54.07833234777061 -23.85076663599252, -53.840603425206666 -23.947063483445426, -53.64177084756116 -23.81827883515601, -53.40325889409165 -23.914061179499264, -53.20393194630317 -23.784444711146993, -53.243538481010646 -23.558804611648316, -53.04414778951258 -23.428119314943554, -52.80474048112586 -23.523313145227238, -52.60488518607109 -23.391802607327126, -52.36475402130898 -23.48647085502631, -52.16445594034825 -23.354136744228796, -52.204678712538964 -23.12690416631994, -52.0043369023893 -22.99352142139965, -51.76339451034511 -23.087599388729494, -51.562640641300476 -22.953401590344864, -51.32103596948099 -23.046944612575114, -51.11989259043551 -22.911934453162857, -50.87765208473587 -23.004935610378844, -50.83664816012606 -23.23299171100602, -50.593880470637345 -23.325484373679913, -50.3920359120614 -23.189879789887875, -50.4332925693991 -22.961568781155755, -50.23143901272215 -22.824943437082737, -49.98800782513419 -22.91684116171863, -49.78583416303525 -22.779413733809815, -49.541848910672826 -22.87075043725845, -49.339378815459156 -22.732525096713484, -49.094867509371454 -22.82329495116696, -48.892124896596926 -22.684276246941412, -48.64711589567696 -22.77447371406896, -48.44412490817166 -22.63466657521701, -48.1986469005509 -22.724286412033457, -47.99543189202856 -22.58369614958529, -47.749513875905336 -22.672733413934818, -47.54609939417497 -22.531365722296556, -47.58884009977612 -22.300772729333413, -47.385473515773526 -22.158447990536185, -47.13914238851001 -22.24690318735521, -46.93561010685244 -22.10381705761047, -46.978624523919194 -21.87209427301544, -46.775152354638266 -21.728074328270438, -46.81821946764586 -21.495415845420276, -46.61481056502626 -21.350475850347785, -46.65792961255153 -21.11689570250381, -46.45458712104542 -20.971049913351607, -46.20793521848367 -21.058958197153427, -46.164606680315046 -21.29269849184715, -45.91761619288337 -21.380021243011058, -45.713986885454915 -21.233622748891815, -45.75751992756008 -20.999733573098208, -45.55397507010133 -20.85245202428263, -45.3067388906486 -20.93922675458369, -45.10313048960009 -20.791239783268946, -45.14690807972505 -20.556317106315166, -44.94339621835911 -20.407474575445715, -44.69597058344016 -20.493714950686467, -44.49242935131252 -20.344188204372095, -44.53644142499874 -20.108267194602046, -44.33300874757521 -19.95791376292847, -44.08544998133209 -20.043634559104234, -43.8820220891387 -19.89261934769643, -43.92625843307954 -19.65573667411202, -44.17374122782809 -19.56996954449028, -44.21783551644734 -19.33234514163616, -44.01462902940935 -19.180389624675893, -43.76722599205024 -19.26620365283971, -43.72295101966694 -19.50392500058509, -43.47531545701327 -19.589142067065858, -43.27204692153026 -19.43669224209938, -43.31649718775253 -19.1988860449398, -43.56404204809442 -19.11361321556835, -43.608354866549604 -18.875070502355328, -43.405297367728764 -18.72171946053155, -43.44964725048334 -18.482373167396393, -43.24671915725574 -18.328280135144492, -42.99936691713566 -18.413666492020575, -42.79650409064948 -18.258977658136203, -42.84105922546519 -18.01877663779074, -42.63833748409587 -17.863379538140332, -42.39100847088207 -17.94830866408102, -42.18838573765069 -17.79234210411401, -42.2331356115252 -17.551328677273382, -42.48034825184823 -17.466331769786027, -42.52496938987804 -17.22462777951498, -42.77200490966828 -17.13906645838442, -42.8164952463662 -16.896693047546336, -42.61411406812465 -16.739827052190982, -42.36719146408626 -16.825447844235697, -42.16491029558506 -16.668046248674692, -42.20959431914548 -16.42491839521006, -42.00746572494839 -16.26689012876779, -41.760623992622385 -16.35209442894418, -41.55862878755366 -16.1935588094142, -41.311781690506876 -16.27828616635818, -41.109944583920196 -16.119256039188787, -41.154958983128324 -15.875405206760284, -40.953294221706926 -15.715802256664222, -40.70662402500989 -15.800142843488189, -40.50515034665415 -15.640074995180182, -40.55032944882129 -15.395582147908948, -40.796844187070405 -15.311150445170124, -40.84190830687956 -15.066026453144273, -40.640596424462444 -14.905344939148815, -40.39424061188555 -14.989868468070766, -40.19313641019954 -14.828755656131998, -40.23835942049129 -14.583046837219653, -40.037443950460016 -14.421446075147417, -40.08268776356337 -14.175163004674845, -40.32871540775531 -14.090453866382518, -40.37384833224948 -13.843587023416745, -40.17308595690051 -13.681460578818724, -39.92722751257779 -13.766263410171764, -39.726697394593174 -13.60375743596366, -39.77198052148043 -13.356395157086505, -39.57164698430455 -13.193472528788284, -39.61694862660889 -12.945605984573907, -39.862458548481015 -12.860614224897025, -40.06284135053272 -13.023584939460903, -40.3084592651785 -12.938198538263622, -40.35352386754673 -12.689758129802224, -40.15310220861198 -12.52674269428951, -40.198188047216945 -12.277831881565561, -39.99795460802798 -12.114437748915915, -39.75267825466875 -12.199993506248418, -39.552685432027516 -12.036276424239826, -39.30753738240597 -12.121458842289499, -39.1078089664945 -11.957433393819125, -38.862818636676224 -12.042243030374657, -38.66337825654051 -11.877923953079202, -38.41857491946257 -11.962361552008096, -38.21944602652118 -11.797763727318308, -38.2650221442066 -11.548708693005194, -38.066115562979405 -11.38382958956701, -37.82174386330087 -11.468024234943943, -37.62317963902902 -11.302899719414318, -37.66886803403381 -11.053571341118106, -37.47053607985259 -10.888209431510129, -37.226647316576134 -10.972184212596666, -37.028688099206136 -10.806610510000828, -37.07447806945214 -10.557063286144688, -36.87676083932109 -10.391296401115314, -36.63340553838296 -10.475074559688407, -36.43609090089046 -10.309129696292135, -36.481971775924535 -10.059418487945718, -36.284908591797574 -9.893324884711017, -36.04213644926074 -9.976929733888253, -35.84550515711172 -9.81069207362263, -35.89146631167489 -9.5608720003257, -35.69509567890387 -9.394530176928981, -35.45295550685515 -9.477985020280647, -35.25704547819305 -9.31153307909399, -35.30307634547043 -9.061659413584726, -35.10743591370945 -8.895147922959831, -35.1534640998496 -8.64504966607196, -34.958095277380096 -8.47850478050123, -35.00412009240878 -8.228208121588052, -34.809024868429276 -8.061656021540005, -34.85504562624729 -7.811187258072242, -34.66022596675032 -7.644654131110506, -34.70624198516782 -7.394039650092584, -34.94701752154282 -7.309721749534434, -34.99296857574615 -7.0587448362340215, -34.798205047158945 -6.892328037297363, -34.844152006847196 -6.641250824602403, -35.08480069029221 -6.556352553604014, -35.130681668331846 -6.3049572324862035, -34.93597657510031 -6.1387036405224915, -34.9818541007437 -5.887253783426942, -35.22237326140083 -5.801818581747684, -35.26818379509851 -5.550095474909297, -35.508839083688514 -5.464304854293316, -35.55458030259794 -5.212334399771167, -35.79535974054579 -5.126209649169995, -35.990656108252495 -5.292182970750956, -36.23180114056129 -5.2058608300071505, -36.42752635407791 -5.3718507694127124, -36.66900984379248 -5.285330697870888, -36.71452223821714 -5.032717267462815, -36.95608140882371 -4.945905212014537, -37.15236216155549 -5.111801198924384, -37.39421397782087 -5.0248012369032615, -37.439554547784724 -4.771824252991735, -37.68145146163263 -4.684564937975354, -37.72670501655716 -4.431440444884411, -37.96863485660816 -4.3439440736835015, -38.0137991560143 -4.090698859931269, -38.25574975294407 -4.002987874711391, -38.30082257126446 -3.7496488234826653, -38.54278176146937 -3.6617457938604785, -38.73986733634413 -3.827219302800064, -38.98201709671929 -3.7391716899906173, -39.02688577283516 -3.4856268768726606, -39.26901335377954 -3.397421041520869, -39.3137826534373 -3.143843741916543, -39.55587591053589 -3.0555025301675087, -39.753376486599166 -3.220741911854762, -39.995594742764524 -3.1322787952621414, -40.040139618063876 -2.878586853797825, -40.282292777062025 -2.79002261811487, -40.480061357859796 -2.9551310348686552, -40.72229239889319 -2.8664566681896786, -40.920257339231114 -3.0315383230459174, -41.16253771330014 -2.9427542977484378, -41.36067580977294 -3.107794713671598, -41.60297690479422 -3.018901551920546, -41.647003394511415 -2.7650230914559053, -41.88917140100776 -2.6760862953120177, -42.08743675883514 -2.8409641917643946, -42.32957823551925 -2.7519304100724966, -42.52795474541756 -2.916742268038356, -42.77004105748614 -2.8276121625094848, -42.968505289232866 -2.9923436181051906, -43.21050781281144 -2.903117902290563, -43.409036302164054 -3.067754636172173, -43.65092644460913 -2.9784340775831035, -43.849495709947064 -3.142961825065565, -43.80625992504727 -3.3968991545641476, -43.564285196740684 -3.486328260028062, -43.52091628132169 -3.7403546545898174, -43.719691219073866 -3.904927140246668, -43.67635832418841 -4.15899698001759, -43.87525231779682 -4.323497352915552, -43.83195617620976 -4.577583357008373, -44.03096642830178 -4.741984975930839, -44.27317377397634 -4.652233923790046, -44.47219166591029 -4.816452927131955, -44.42910926453308 -5.070479083303854, -44.62823225757461 -5.234554429691695, -44.585190029388 -5.4885346788169525, -44.78441527554688 -5.652439889991699, -44.74141395193942 -5.90634705705843, -44.94073859071028 -6.07005574395783, -45.18293364415632 -5.979819696401192, -45.38221713267595 -6.14327738809773, -45.62417074781996 -6.052873511991721, -45.82338946313382 -6.216066664290832, -45.78080861638156 -6.4696863451152, -45.98010696702485 -6.632620920409811, -46.22181938292309 -6.541915343201383, -46.421020954701504 -6.704554303985047, -46.378684773342 -6.957908843474087, -46.5779545864587 -7.120245753231376, -46.53566720767088 -7.373424420803265, -46.293908504943886 -7.4643977398226, -46.09445965896808 -7.302057900686671, -45.85240004337487 -7.392833745330492, -45.8097624259309 -7.646070420407296, -46.00938078245977 -7.808409510008946, -46.251468425816995 -7.717511552487069, -46.450988111190156 -7.879515589170291, -46.692764457468655 -7.788409921829734, -46.89216190431034 -7.950066115528704, -46.84997428412822 -8.202813557547895, -47.04943110470501 -8.364091500665946, -47.00729443905283 -8.616583939074275, -47.206807659254764 -8.777458675354438, -47.16472266383437 -9.029670112712482, -46.92291549240775 -9.121166268939406, -46.880673214790704 -9.373236009411668, -47.08044664008918 -9.533645601876133, -47.32225669043416 -9.442021594257072, -47.521873752974216 -9.60201606606382, -47.4798942413654 -9.853588402481373, -47.67955872995694 -10.013106366498018, -47.92097663577357 -9.921100505391065, -47.96274016078459 -9.669714103227568, -48.20376057621979 -9.57760165394605, -48.40299483240386 -9.736730711931806, -48.36145167120242 -9.987917031810518, -48.560716290193 -10.146537574795316, -48.5192305427195 -10.397353588232356, -48.27825694906784 -10.489756486323945, -48.23660538166527 -10.740389984381446, -48.43615027017108 -10.898409077413575, -48.394555737475 -11.14862907669868, -48.59413044588976 -11.306085622942673, -48.83504232129107 -11.213398217116982, -49.03437988899418 -11.370354121308266, -49.274814431090704 -11.277389251031224, -49.47389189565311 -11.433834171184273, -49.4328142006851 -11.683153841581381, -49.63190141603744 -11.8389840004152, -49.590885642759304 -12.08783054711981, -49.789979567171514 -12.243024211305249, -50.029792238660264 -12.149471401530464, -50.22858639568963 -12.30411549504893, -50.18787229930567 -12.552203156742909, -50.386661668159945 -12.706175563161901, -50.62584868498644 -12.612172252033965, -50.82430745727319 -12.765572296061755, -51.062907110365046 -12.671276861570085, -51.103131511180834 -12.423753334934998, -51.34121247023995 -12.329349393839177, -51.38125562126652 -12.081610231406865, -51.61880854686251 -11.987120769425399, -51.658669362777914 -11.739191517974607, -51.895685066150975 -11.64463950399713, -51.93536249736147 -11.396545778321313, -52.1718319416327 -11.301954146821046, -52.36851046703089 -11.455246599589499, -52.32908927936971 -11.70301545155421, -52.52572252754172 -11.855618300146402, -52.761396031437386 -11.760570627197387, -52.957594225329274 -11.912590291182887, -53.19256045535401 -11.817301725861554, -53.38830301758995 -11.968730531044645, -53.622538438323886 -11.873205885823145, -53.66117147769728 -11.626486855715234, -53.89480313105841 -11.53097214534471, -54.08965088689689 -11.681936109745223, -54.322515075340064 -11.5862025619338, -54.51685513915561 -11.736565985481063, -54.748929573212905 -11.64061862966835, -54.94274263511093 -11.790374747269585, -55.17400550191495 -11.69421873336902, -55.36727261335241 -11.843361080338394, -55.59770258575314 -11.747001674055653, -55.79040516801324 -11.895524085092214, -56.019981412996316 -11.79896666311749, -56.21210126510563 -11.946863270945219, -56.44080345151079 -11.850113316031333, -56.63232275759631 -11.9973785497124, -56.59562678804244 -12.241231417449958, -56.78702477259908 -12.387693487727862, -57.014622601089016 -12.29046873485064, -57.205395599813684 -12.436284492646854, -57.43207223133396 -12.338872502799601, -57.6222033392266 -12.484037274802054, -57.8479401508408 -12.386443997942937, -58.037412869550266 -12.530953400048583, -58.26219176690087 -12.433184871322679, -58.45099000964967 -12.577034805468136, -58.67479343098087 -12.479097139712103, -58.86290152693651 -12.622283790448352, -59.08571244644611 -12.524183176658912, -59.27311514454456 -12.666703007483937, -59.494917075075136 -12.56844570326231, -59.52957198915985 -12.327989779951757, -59.342721715253845 -12.185275753241442, -59.377468174178176 -11.94428881861056), (-56.91145106590478 -19.89629114760841, -56.94835534630096 -19.664155232745223, -57.178111774331434 -19.564276870300024, -57.21481037479575 -19.331706559458613, -57.022046416458664 -19.19858762425168, -56.79207164901068 -19.29829420513639, -56.755079707845255 -19.53129089707938, -56.524393608832284 -19.63081759690937, -56.48719700345806 -19.863371331715193, -56.6809782730267 -19.99598118402577, -56.91145106590478 -19.89629114760841), (-40.82076475800975 -13.920101295950246, -40.775768438911705 -14.166986886764402, -40.97691652843681 -14.328244268117878, -41.22306857826932 -14.24268270957866, -41.267922652964955 -13.995792134685631, -41.066768320787965 -13.83446685554771, -40.82076475800975 -13.920101295950246), (-45.41052884637958 -7.320752927989179, -45.65286102525382 -7.230176274912975, -45.69554439132461 -6.976751474772523, -45.49608763798761 -6.813801329210237, -45.25379753538939 -6.904265305165811, -45.21092331468033 -7.157790967990891, -45.41052884637958 -7.320752927989179)), ((-68.19497364492743 -14.14297566925325, -68.2252092919701 -13.897832517630329, -68.45230778092645 -13.804870549943137, -68.64976027237448 -13.957326919745979, -68.6197355970641 -14.202960599579503, -68.39204609330194 -14.295647889587533, -68.19497364492743 -14.14297566925325)), ((-49.15808816934373 -10.620388004141224, -49.116888686572565 -10.870582563634187, -48.876411149944715 -10.963396790401113, -48.67709486918082 -10.805863162033473, -48.718522505285506 -10.555442211089526, -48.95903931302411 -10.462780260345475, -49.15808816934373 -10.620388004141224)))",Basin White-lipped Frog
124,22936,22923,Leptodactylus myersi,species,20978,Amphibia,2.32,"MULTIPOLYGON (((-62.09076412913748 3.2149129956727207, -62.12271284305504 3.4482844986373444, -62.331815834046466 3.525530497651229, -62.36356730816621 3.7580990550974405, -62.18650467376753 3.9139027547471295, -61.977114378480906 3.837230003736379, -61.79928246996488 3.993363776758326, -61.588840194248064 3.9165438632151646, -61.41025009705572 4.072997716449031, -61.19876776212135 3.9960294019264815, -61.01943095259114 4.152793132502475, -60.80692096904687 4.075675151474372, -60.62684931451548 4.232738349889112, -60.41332458361249 4.1554694113205235, -60.38013612338227 3.9205865342198543, -60.165868273993155 3.8426199422059453, -60.13248339547826 3.6069384672525784, -59.917476350012876 3.5282847791662926, -59.88389506004627 3.291820025166268, -60.06560577293128 3.134450544519419, -60.03211295832301 2.897658905590652, -60.21365564224769 2.7405104390988533, -60.428145663799654 2.8202433870660437, -60.6089690322451 2.663419255291768, -60.57585165045691 2.426781818669173, -60.75649921272617 2.270215063736443, -60.72347168342071 2.0333041508944873, -60.509509081235734 1.95249307977094, -60.476283821330895 1.7148571022971468, -60.26157150738268 1.6333950231148864, -60.228148487175346 1.3950507626405333, -60.01269036813163 1.3129499030941458, -59.97906958427629 1.0739145755529922, -60.16119397104829 0.9174503355197232, -60.12766240352556 0.6782101296846578, -59.91171920751947 0.594965170190362, -59.877989543804546 0.3550672862489925, -59.66130500879609 0.2712164130877164, -59.62737728333768 0.0306791448750176, -59.40995567908277 -0.0537639238896387, -59.22621309129832 0.1028343312559284, -59.00781374768556 0.018309332754063, -58.973402416988264 -0.2233095700617855, -59.15767569875459 -0.3799429864306936, -59.1233520632141 -0.6217024892710203, -58.904469725763164 -0.7072870872507409, -58.719670306054525 -0.5506232362110336, -58.499827627552804 -0.636275684758387, -58.31435990989101 -0.4792280189809354, -58.093572994349785 -0.5649474106343219, -57.907451805991286 -0.407525751773572, -57.68573725777351 -0.4933112099433119, -57.65036701914987 -0.7369852341454232, -57.42795725753564 -0.8232965245682994, -57.24070287089772 -0.6654725842524973, -57.01739264231388 -0.7518412479817161, -56.98154808665396 -0.9964855843422765, -56.75755849918552 -1.0833558741065747, -56.56921079284868 -0.9251359762189731, -56.34434930359757 -1.0120544530925564, -56.15541437627593 -0.8534828433580426, -55.92969974193973 -0.9404484379640404, -55.893111173682854 -1.1864142523763124, -55.66674518240379 -1.2738476606716032, -55.47678578215525 -1.1148928084246168, -55.24959740981558 -1.202363567237171, -55.21254661282636 -1.449201310881356, -54.98472519615302 -1.5371133225710516, -54.79378589934859 -1.3777817964024526, -54.56517422165888 -1.46572093805922, -54.52766663669263 -1.713386759687962, -54.29844116050087 -1.8017396507863168, -54.10656829888208 -1.6420380760999982, -53.87658601321178 -1.7304074447853641, -53.684229135084735 -1.5703849949341304, -53.45351163076985 -1.658769528531976, -53.26068974669661 -1.4984377028518625, -53.29898145585682 -1.2497733329015668, -53.10609888485985 -1.0891993829784121, -52.87453886455609 -1.1772351330796926, -52.83599149078384 -1.426206625209967, -52.6038700569233 -1.5146177130490501, -52.410176460315 -1.3537024200335883, -52.448976457993595 -1.1044369244222638, -52.25523743115765 -0.9433123079275405, -52.02233693405452 -1.031389736088887, -51.82819955114172 -0.8700080742340358, -51.86731762705182 -0.6206228280444626, -51.67314541809179 -0.459073804947067, -51.43951105994384 -0.5468337497440181, -51.40014824295005 -0.7964785271801962, -51.1660007731692 -0.8845935979706022, -51.12646224370678 -1.1346609713724185, -50.891810527966356 -1.2231111764799918, -50.69661500917772 -1.0611752555382101, -50.46139081906739 -1.1496325489258385, -50.42144028483381 -1.400332486319738, -50.185736037297005 -1.489094134105652, -49.98991559957739 -1.326856537150002, -49.753679083084876 -1.4156137077912905, -49.55756976415472 -1.2531609389763705, -49.32082633143918 -1.341912579615522, -49.28024501042532 -1.593394322582176, -49.04306235545263 -1.682408032227162, -48.846419989974095 -1.5196703036943915, -48.608772193410005 -1.6086665963542792, -48.56780352560878 -1.8606576775892023, -48.32974261809741 -1.9498836903056476, -48.288611769217255 -2.2021728149796163, -48.05014787860861 -2.291606829409041, -47.85279642147876 -2.128513074590859, -47.613926742158355 -2.217906357693011, -47.41639447877114 -2.0546238415443825, -47.1771458884389 -2.14397527189829, -46.979455486775805 -1.9805175060959472, -47.02121833242251 -1.7277976424986494, -46.82358383093381 -1.5642708238628118, -46.58399413293492 -1.653372443913229, -46.38623259169708 -1.4897020845450917, -46.14632854279904 -1.578770144103866, -45.94846289123916 -1.4149700536107594, -45.99067132931617 -1.1622081708028231, -46.230550990093775 -1.0733370658665728, -46.42824545745805 -1.2370320512074597, -46.66782087823583 -1.1481378028952511, -46.7096828479298 -0.8957575218566768, -46.948918869104716 -0.8070591468171084, -47.14629958892942 -0.9705240532235389, -47.38518685476663 -0.8818145781803398, -47.4266909992142 -0.6298701705925176, -47.665211213020314 -0.5413894836630682, -47.862217511425 -0.7046153018592093, -48.100345175742376 -0.6161353680459366, -48.297158683859266 -0.7792169599877706, -48.534867234787384 -0.6907385931831175, -48.575786257130744 -0.4394393567185466, -48.81308427121613 -0.3512329645158502, -49.009427373343726 -0.5140573512536338, -49.24626375225219 -0.4258641030827052, -49.286797166800596 -0.1751273712148084, -49.523196993331965 -0.0872376511252711, -49.56356398535033 0.1630821384064034, -49.79951758938432 0.2506478037705246, -49.99504622371961 0.0881922090002417, -50.23048094359697 0.175723093219959, -50.27044921693172 0.4253989949453068, -50.07521476069314 0.5877477739027851, -50.11524522304549 0.8371612008257191, -49.92000824691502 0.9995490602414667, -49.96010026056723 1.2486742515686033, -49.76486364432154 1.4110755717163221, -49.80501656957969 1.6598869185590401, -50.040177030889 1.7461055344866856, -50.08016180509571 1.9943930917912231, -50.314859841732414 2.0802090449812956, -50.509504030697656 1.9180650254300788, -50.743656268356006 2.003797356795659, -50.78323754836512 2.2513346566949366, -51.01690308630225 2.3366359617066066, -51.05631189719452 2.5835988547065654, -50.86229222760312 2.7454705139446913, -50.9017656496855 2.992051224510423, -51.13502146439461 3.0765472459287535, -51.17432224528201 3.322515141691223, -50.98060471677857 3.4841941428342387, -51.01997038533477 3.729738950980072, -51.252815863927935 3.8133948948575203, -51.2920087269419 4.058289610476958, -51.5243526564559 4.14144368055029, -51.563371690031886 4.385667726134906, -51.795205445393265 4.468303121253192, -51.83404965824823 4.711836352959246, -52.065364752596125 4.793936682558282, -52.10403318601587 5.036759398103966, -52.3348212717288 5.118308688946805, -52.5268291548618 4.957430760396671, -52.7569655034159 5.0388177370758696, -52.79520972779065 5.280677248255797, -53.024797322826345 5.361489972726347, -53.062862307141074 5.602596935494258, -53.29189328588433 5.682820517962414, -53.482727867312576 5.52235638933634, -53.71105849148205 5.602403889379101, -53.74868985326415 5.842486908918664, -53.97644330673981 5.921923759765648, -54.166420205094795 5.761712438113916, -54.39343943163628 5.840967652150901, -54.430630794836276 6.079990327636735, -54.65705316039774 6.158614447543549, -54.84612555534619 5.99866582376541, -55.07178106262239 6.077103308107575, -55.26033870405426 5.917256209545357, -55.48520748307362 5.9955087478178655, -55.673233068851545 5.835776226514785, -55.897295694273765 5.913845524135778, -56.084772261744234 5.754240514752743, -56.3080097598188 5.8321282896103375, -56.49492069242652 5.672663601913615, -56.717314547350384 5.7503715809948845, -56.75299141249101 5.9870546999461185, -56.97472553367565 6.064088595198673, -57.160580352064514 5.904934481961828, -57.381442565204 5.9817847853317, -57.41665590640177 6.217286369228323, -57.63684262468858 6.293445870601573, -57.82160189898745 6.134612004294661, -57.78666343279362 5.899461416848962, -57.56669038539161 5.822792819608499, -57.5315598494368 5.586797246558207, -57.31090696823654 5.509443657995101, -57.27558465367888 5.2726182279438465, -57.05425741390064 5.194591044156579, -57.01874364127934 4.956951358439931, -57.20483084581994 4.797693572354536, -57.4259502182216 4.876219098476505, -57.61142678650387 4.717158448677139, -57.83165226815541 4.795521997762894, -57.86661590238943 5.032439885900197, -58.08615296905674 5.1101304075606695, -58.27050371106296 4.951414723488743, -58.489120729970864 5.028939279697867, -58.52361307321951 5.264660308006897, -58.741527373345036 5.341495307003261, -58.92471564264531 5.183133676773288, -59.14168510270903 5.259799255914612, -59.17570326125369 5.494294900764324, -58.99303259577769 5.652515925181905, -59.027136997736534 5.886552007981402, -59.2436315773343 5.961976329085133, -59.42578020681407 5.803900062650136, -59.39195661951973 5.5702554731913985, -59.57394758130833 5.412256966895632, -59.78923267401487 5.48804519284181, -59.822774224638664 5.721288556819128, -60.03733074850828 5.796357399524479, -60.07067722991185 6.028734813490734, -60.284501105038956 6.103074968697756, -60.317652500427926 6.334573146871368, -60.53073978945801 6.408175749390536, -60.56369610798973 6.638781870819775, -60.776043015027966 6.711638491801759, -60.955168691511176 6.554451743152658, -61.16650348397913 6.627122278608488, -61.344895291041695 6.470167991849292, -61.31250793752814 6.240396268841252, -61.49071612794964 6.083541261452431, -61.45841871378963 5.8533070149845186, -61.247627434333765 5.7794968357070235, -61.21513421108084 5.54838187078123, -61.00358882528306 5.473831408293047, -60.97089968797023 5.2418484802515986, -60.758603628171954 5.166566336753301, -60.578730668096114 5.323828586879436, -60.36542471300139 5.248379556834161, -60.18483298927717 5.405898493463307, -59.97053052703552 5.330280775853115, -59.93707671740347 5.096595012727645, -60.1182089526408 4.938945659324087, -60.33225475244852 5.015113144868773, -60.51267533467994 4.857723872136314, -60.725718496528 4.933728659430565, -60.90541491612797 4.776610481988953, -61.117442213493035 4.852454203942007, -61.29640234936747 4.695617942168615, -61.50740104489607 4.771302208377803, -61.68561316509533 4.614758484486761, -61.895571009722346 4.690284879292967, -61.9275967795693 4.921781763794518, -62.13678770393334 4.996573823132355, -62.168617085610805 5.2272146973388685, -62.377038154797845 5.3012640789553656, -62.408671345085025 5.5310362601995156, -62.61631975880668 5.604335049122083, -62.79204319748328 5.448448457347177, -62.76069773775184 5.21914093050139, -62.55334099512322 5.145254853125122, -62.521799372716 4.915078667490011, -62.697902575389435 4.759261172582701, -62.6664527949349 4.528701897388894, -62.4586114534157 4.453486602381831, -62.42696507917833 4.222083950538693, -62.60344864090206 4.066377528085648, -62.81099669985315 4.14217618653619, -62.986694665198186 3.9868061549604503, -62.95542937405115 3.755544033693993, -63.130921764620254 3.6004296077825106, -63.099749112399806 3.3688479920029857, -63.275033974244124 3.2140103141618903, -63.48089889617154 3.2908365836628892, -63.65537906007634 3.1363702832608955, -63.62458959264836 2.905004405512795, -63.41902961007351 2.8275907581275237, -63.388043003126626 2.5954345669955647, -63.18169047714589 2.51730442623436, -63.150506412468644 2.284372000107819, -63.32596566103362 2.130090809459701, -63.53201378765621 2.2088023224470708, -63.706664467533244 2.054920708021731, -63.911608132951926 2.133506835458374, -63.942210298640376 2.365388578486633, -64.14635406496183 2.443259691745919, -64.32342593820259 2.3153345522943556, -64.29304008448804 2.0834245433208807, -64.47070704782294 1.954602052449621, -64.44034130209982 1.7219010300037927, -64.6186044347895 1.5921911120671435, -64.58825963666867 1.358713447908157, -64.3795060627041 1.255539265443036, -64.20167573953442 1.3857320696389732, -64.23216502655578 1.6186161384687778, -64.05493268694993 1.7479258425678323, -63.85030036464545 1.6687550156492645, -63.67586490084611 1.8222764133788794, -63.47012334579023 1.7429845290554313, -63.29487484570089 1.8969175179689992, -63.088033695400995 1.817504315456358, -62.91198180917871 1.9718405131535586, -62.94336362815591 2.2055346619217584, -62.76710559284659 2.360206801533518, -62.55887843661321 2.281243167516366, -62.38183178732652 2.436297403068298, -62.17253103047479 2.3572069721338766, -61.994706332250104 2.5126342262400367, -62.02676091213854 2.747080666445635, -61.848741728464205 2.9027970999568473, -61.88088787601659 3.136957166179178, -62.09076412913748 3.2149129956727207), (-62.86142458437057 3.059497462357689, -62.65368522994848 2.9818143776491755, -62.62211803646076 2.748639337848596, -62.798580233687076 2.593652360880981, -63.006022425037564 2.671912926525397, -63.03729948224331 2.904582674245522, -62.86142458437057 3.059497462357689)), ((-62.327239675971725 6.373920371911859, -62.50336187315928 6.217729940029083, -62.47183316584278 5.989275464033835, -62.26389535075478 5.91656324618652, -62.08719925851571 6.072891716919742, -62.11901474558189 6.30179380939392, -62.327239675971725 6.373920371911859)), ((-63.52134688192035 0.6543665763830271, -63.345925238088 0.8075697489805718, -63.138897721739184 0.7263282816635888, -62.96266879349284 0.8799622438127533, -62.994062552188154 1.1148050905660358, -63.20139334127191 1.195479016822255, -63.37702701885296 1.0418774585014348, -63.58325828876528 1.1224388686674984, -63.61416185199842 1.3560282109733195, -63.81959468059722 1.4358992658806975, -63.99381303912628 1.282758611480892, -63.963201473721256 1.0497132011313015, -63.75807950904192 0.9692643753977039, -63.727269940030936 0.7354999337899104, -63.52134688192035 0.6543665763830271)), ((-62.43197728851017 1.3424703150146096, -62.22247876219342 1.2615714436251526, -62.04446794805864 1.4164045955202873, -61.83390218311784 1.3353932364831178, -61.65512038364588 1.4906196198718835, -61.6874794244804 1.7268045942622716, -61.89833024626344 1.8072615866454416, -62.076536809939725 1.652087646116258, -62.286325888739896 1.732427108654056, -62.46375541703013 1.5776426416013447, -62.43197728851017 1.3424703150146096)), ((-64.7671199919904 1.2281264845397637, -64.97675157826372 1.3314985739571543, -65.15663346987611 1.2005221943552788, -65.12646165434704 0.9656970155862651, -64.91625559494261 0.8624338113064172, -64.73679699027298 0.9938869791020204, -64.7671199919904 1.2281264845397637)))",Myers' Thin-toed Frog
125,22939,22923,Leptodactylus colombiensis,species,20978,Amphibia,2.32,"MULTIPOLYGON (((-74.01124677371222 10.9379568305258, -74.20421307740801 10.819056793957795, -74.17940149703794 10.596403556902379, -73.96138549994699 10.492948576657195, -73.936405532883 10.269515442958324, -73.71840451709647 10.165759861226029, -73.52580854421096 10.285603815502942, -73.5510238223018 10.508729171413037, -73.76860076677208 10.612319536425668, -73.79364946531108 10.83467334445916, -73.60135539752159 10.953129535221217, -73.38420460769807 10.849704834365797, -73.35892273640418 10.627659459928445, -73.14180547549485 10.523939396155427, -73.11635886974082 10.301130873693097, -73.30825983790866 10.181724424110627, -73.28287870084965 9.957843493231707, -73.4752787312157 9.83752460325209, -73.44996408569024 9.612579784664065, -73.64286217930827 9.491356554973564, -73.61761505403155 9.265356835700922, -73.81101016760303 9.143237825589054, -73.7858315971052 8.916192663634808, -73.56702094960282 8.8115882652484, -73.54167385849874 8.583829363052322, -73.73537450955084 8.460351941292037, -73.71009587977785 8.231566643637285, -73.49087931791418 8.12658794929272, -73.46543175590791 7.897115988127545, -73.24624584674763 7.79193217611823, -73.05294789205158 7.916356630939645, -72.83424541748711 7.811114795052748, -72.80839723252285 7.581321974800711, -72.58974687525699 7.4759064126275145, -72.39739768981443 7.600405779763799, -72.17926463891528 7.494949414417386, -72.15302469211248 7.264881455014968, -72.34514301374422 7.139902939021721, -72.3189646839614 6.9088470267951445, -72.10044268641663 6.803143245316246, -72.07410051718259 6.5714846268572344, -72.2665057635662 6.445155346880255, -72.24022506175788 6.212531520668472, -72.43315455835047 6.085342048961533, -72.40693636716342 5.851765590371892, -72.60038934049739 5.723727162603536, -72.57423470983767 5.489211132019997, -72.76821034169731 5.3603354678097785, -72.98856339288442 5.466444959077611, -73.18327829863874 5.337209012562241, -73.1574237504831 5.101399825650654, -73.3526552488995 4.971347974617917, -73.32686864189705 4.73462883534618, -73.52261571755005 4.603774074684628, -73.49689812821201 4.36615968825736, -73.6931597186521 4.234515500643061, -73.91533678074627 4.340940613993968, -74.11230407081563 4.208970849091554, -74.08690306726241 3.9701271394814412, -74.28437802093997 3.8373921975930654, -74.2590504828009 3.597686882582594, -74.45703183334021 3.4642015217744766, -74.68051708508334 3.5708645013297353, -74.70559169814292 3.8109048003823327, -74.50743503408238 3.9439482218228905, -74.53258538241478 4.183129859065946, -74.33493042400912 4.315418625356039, -74.36015540796151 4.553725549597438, -74.16300348174373 4.685245088759114, -74.18830200736097 4.922661735406235, -73.99165439103862 5.053397961982017, -74.01702537014182 5.289909254815119, -73.82088329306833 5.419848570661492, -73.84632564333063 5.655439923036182, -73.6506902869803 5.784569217560407, -73.42980969750815 5.678567355455146, -73.2348847630024 5.807338567780452, -73.26063679404491 6.041646022350604, -73.0662251363875 6.169585572507736, -73.09204415565416 6.4029435482688495, -72.8981467568169 6.5300395997270435, -72.92403170640901 6.762435161087132, -73.14358019265674 6.86808907175512, -73.16929732383501 7.099864598600803, -72.97569972433134 7.225632431288705, -73.00148290528641 7.456422431920218, -73.22063009444267 7.561791866147264, -73.41443576643441 7.436496683201604, -73.38888722586623 7.2053604890826835, -73.58319960785984 7.079205083460178, -73.55771933128716 6.847084835079007, -73.75253737032448 6.720080191837347, -73.72712641603896 6.486988206543943, -73.92244901301889 6.359145792852005, -74.14337121662533 6.464860235009859, -74.16853898394614 6.698284865988603, -74.3894696581484 6.803825197775986, -74.41446392255324 7.036603990723136, -74.21877358084346 7.163519516096421, -73.99826807747858 7.058118239620968, -73.80325799084476 7.184656266490542, -73.82856777174726 7.416128575848476, -74.04864583127467 7.5213898891032995, -74.07378439382421 7.752195323335227, -73.87908656075972 7.877413035825875, -73.90429568294044 8.107214005420353, -74.12396117655604 8.212117420072534, -74.14899951096734 8.441223188392776, -74.36867402170014 8.545890301258009, -74.56372771045562 8.421606154151748, -74.53893367140225 8.192189881182868, -74.7344752415845 8.06704657783932, -74.7097550741984 7.836617748210281, -74.9057831971879 7.710626019089388, -75.12669012910662 7.815524717115716, -75.32335640719046 7.689153628167859, -75.54463885483393 7.793967991206946, -75.74192483397375 7.667222871975611, -75.96356031582327 7.77194776769183, -75.98751760734588 8.003241046427357, -76.20910081818643 8.107689004037558, -76.40710833776305 7.981024775103073, -76.38341296982139 7.749464466563949, -76.58188165955076 7.621987963857746, -76.5582698627898 7.389435698698358, -76.75719793094026 7.261159307471407, -76.73367078226009 7.027627834905698, -76.93305638780872 6.898564422259895, -76.90961496815878 6.664066987869336, -76.6865186480113 6.558890576064709, -76.66289354274298 6.323696783225786, -76.86263431990892 6.193422228994773, -77.08610161471401 6.298780249803359, -77.28639657306688 6.168183325520732, -77.26312987000307 5.931795692705455, -77.03929462948965 5.826256292826533, -76.83909497101654 5.957287221049826, -76.61554495575629 5.851689627755251, -76.59182135360706 5.614888875630708, -76.7919179220399 5.483423510267432, -77.01584212911435 5.589194628385236, -77.21649873259497 5.457421833107874, -77.19313417680252 5.219448566739088, -76.96883880971032 5.113504292379127, -76.9452878690543 4.874888871429545, -76.7209055619094 4.76874145035281, -76.69716872223606 4.529504470002312, -76.89808712082232 4.396151404762155, -76.87443719086315 4.156043210541167, -77.07581908656117 4.021987201908244, -77.05225717718022 3.7810244571218665, -77.25410059147325 3.646281832907734, -77.23062781752287 3.404481686346244, -77.43293071996746 3.2690692471229026, -77.40954820017573 3.0264493292637584, -77.61230850805336 2.8903843442449815, -77.58901736490888 2.6469627628310244, -77.79223294288482 2.510262965127355, -77.76903430251886 2.2660583001140733, -77.97270296230866 2.1287418813551744, -77.94959795437444 1.8837731792212733, -78.15371745441821 1.7458587835403454, -78.13070721196767 1.5001455509572537, -78.33527525711263 1.3616522683338483, -78.31236091647037 1.115214465191219, -78.51737515766155 0.9761618241502165, -78.49455785829605 0.7290198559359885, -78.26643330940519 0.6211593574578789, -78.06147832746655 0.7605921191172366, -78.0845877120625 1.0075039663250398, -77.88008461163767 1.1463832674711851, -77.90328884234133 1.39258576055859, -77.69923991667075 1.5308918950424637, -77.47206453377828 1.4233849523335975, -77.26855628487185 1.5614949823161783, -77.04164903528621 1.4540451921469226, -76.8387027155245 1.5919502726891657, -76.86256482748841 1.8369030711176755, -76.6600900572618 1.9741892109791874, -76.68404028346198 2.218383408778079, -76.48203902686667 2.3550323227555494, -76.50607623389764 2.598448938601048, -76.30455040219472 2.7344428004813595, -76.32867346101946 2.977063318405211, -76.12762491302057 3.1123847664816733, -76.15183269907898 3.354191141423889, -75.95126324153861 3.48882328337728, -75.72661713896046 3.3820734008176716, -75.70214201821707 3.140562926671845, -75.90257933074923 3.005505250063748, -75.87818669047468 2.7631768084298307, -76.07910821315676 2.6274346179026096, -76.05479917587576 2.3843060718656903, -76.25620316052866 2.247896444726692, -76.23197885354487 2.003986129356871, -76.43386349992852 1.8669266108091163, -76.40972505522167 1.6222533278654414, -76.61208851062842 1.484561925870106, -76.5880370647483 1.2391449378701866, -76.79087742360258 1.1008401173716356, -77.01787617522163 1.2083532335780613, -77.22129202720815 1.0698479503923364, -77.19760956084954 0.8234367245072045, -77.40149287416479 0.6843504227496076, -77.37790194734575 0.4372402672339354, -77.58225059714334 0.2975925695657111, -77.55875235960492 0.0498042588509923, -77.76356416673148 -0.0903847815671853, -77.74015977199981 -0.3388300450611227, -77.51165499928366 -0.4468324451745525, -77.48805574797744 -0.6956633898301829, -77.6932501628833 -0.8367428195276974, -77.92212310790718 -0.7286205485645607, -78.12785447326753 -0.8698304373160402, -78.10464123923927 -1.119524334769975, -77.87540357250923 -1.227765497233854, -77.85199330217694 -1.4778119072628484, -77.62263273074012 -1.5860342999602985, -77.41705493542679 -1.4441003122390288, -77.4407557807267 -1.1943062723672984, -77.23564799304881 -1.052859082395501, -77.25944163882896 -0.8036672245802046, -77.05480603077426 -0.6627280406367253, -77.07869131129495 -0.4141604699728171, -77.30692715339092 -0.3062675016540184, -77.33061915092408 -0.058077290418739, -77.1263600497256 0.081952526206855, -77.15014363577131 0.3294805490572494, -76.9463554001826 0.4689550165235676, -76.97022942102507 0.7157998175322842, -76.76691411756057 0.854699141023087, -76.53983251327507 0.7471451649468805, -76.33710624467787 0.8858484879357233, -76.3613464903785 1.131706099197916, -76.15910244050117 1.2698016390488969, -75.93274463533714 1.1624412855593045, -75.90823142033646 0.9168800150389798, -75.68182097812222 0.8095043505512381, -75.48033450729741 0.9477890631691023, -75.25429613694848 0.8405087250447982, -75.22932927418246 0.5948566468504172, -75.00326194952267 0.4875961162336849, -74.80258750847422 0.6260683256158234, -74.57693107244602 0.5189197116750373, -74.37693926513761 0.6571650625931182, -74.15171723059517 0.5501323122482025, -73.9524271437591 0.6881422936785251, -73.7276626898512 0.5812293178373379, -73.52909301797838 0.7189955513766306, -73.30480897802077 0.6122062239941748, -73.27863933412594 0.3676073167098526, -73.05439382101193 0.2609094728409572, -72.85678343689509 0.3988474369894867, -72.88319686490647 0.6430586245734157, -72.68612249624682 0.7803127751844097, -72.71260311805807 1.0237987105583268, -72.51606569764176 1.1603520795332851, -72.54261240664775 1.4030940038168263, -72.34661281901691 1.5389300948155686, -72.3732245156178 1.7809097015196047, -72.1777635976247 1.916012493872801, -72.20443918928352 2.1572119341547817, -72.00951773064608 2.291565886165358, -72.03625613194332 2.5319677734770707, -71.84187487580209 2.6655578251192127, -71.86867500848794 2.9051452392533763, -71.67483465196405 3.037956814279132, -71.45445090877715 2.9316372341121166, -71.26141394499669 3.064117660450259, -71.28849775449268 3.302455433287019, -71.09600685355527 3.4341338472707776, -71.12314796429932 3.671622752260747, -71.34256038219027 3.777854736706423, -71.36953931196715 4.0149019217734185, -71.1773253852135 4.1452954667157185, -71.20436180602844 4.3814652215404095, -71.01269111836696 4.511026844695583, -71.03978398851044 4.746304621036095, -71.2583303443849 4.852437048933321, -71.45026723273843 4.723349366342493, -71.66939646155024 4.829525448582715, -71.69610823589092 5.064720810360854, -71.50391234425237 5.193334140295714, -71.53068301531825 5.427612414489239, -71.33902321936414 5.555374832468028, -71.3658517486154 5.788722539282934, -71.58412086392877 5.894708224614647, -71.6107881515717 6.127513033252967, -71.41940549195242 6.253932375649146, -71.44613081523998 6.48578208210102, -71.66401972816317 6.5916053409589725, -71.69058412671775 6.822880676162212, -71.90856241948035 6.928601579638068, -71.9349650197046 7.15928289849347, -71.7436104177445 7.283860012307388, -71.77007241933059 7.513552421274169, -71.57924412468665 7.6372385156835065, -71.3622056859755 7.53171660830049, -71.17216100722239 7.6549899470925284, -71.19889697700721 7.883296665273806, -71.00938347419066 8.005662865749423, -70.79340026820493 7.900211973686003, -70.60468935260667 8.022155017510316, -70.63168960446464 8.249055502590577, -70.44351428280623 8.370076579809737, -70.47056652083427 8.595955795771925, -70.28292711382083 8.716047084215752, -70.31003035511227 8.940895646510711, -70.52456932345737 9.046048971253956, -70.71248670978515 8.926453756051263, -70.68558823092121 8.701210037860449, -70.87403804701583 8.580683358054497, -70.84719274277647 8.354408936507374, -71.03617461111561 8.232958442805355, -71.25226693693729 8.338274848844042, -71.27890103356665 8.564935643260856, -71.08965509084538 8.685894590053282, -71.11634453925375 8.911524794335227, -71.33206772578995 9.01657468107452, -71.52157084027485 8.896106119925891, -71.4950946681669 8.670098247591461, -71.68512205464924 8.548710326393257, -71.90187316288858 8.653818706310705, -72.09266691379365 8.532005272979518, -72.06646795684918 8.304598829034509, -72.257780915392 8.181880955858968, -72.47552557456268 8.287053116975171, -72.66758472531605 8.16392030747119, -72.88584053464095 8.269033410029786, -72.91158757808883 8.497148400356403, -72.71930789961537 8.619801785831122, -72.74511903484154 8.846888302695243, -72.96298091219217 8.95166347825796, -72.98862731356212 9.178053356014736, -72.79664067688886 9.299327401729357, -72.82235129362033 9.524670084741937, -72.63087192637565 9.645034512146824, -72.65664573650349 9.869320870919857, -72.46567448148026 9.98876769209078, -72.49151046927035 10.211989062911004, -72.30104812626918 10.330510743308603, -72.32694528226996 10.552658923340722, -72.5430825684692 10.656621098110882, -72.56881878765759 10.87802306757951, -72.78501556009009 10.981712888789659, -72.81059005851809 11.202352872176146, -73.02683854343005 11.305752579700833, -73.21794686684001 11.188671612730726, -73.4346694683338 11.291930212393876, -73.62647180471122 11.174396102022357, -73.84364828610201 11.277507779999645, -74.03612819138607 11.159523494893229, -74.01124677371222 10.9379568305258), (-75.97555463485295 3.7297979461061996, -76.20014745121372 3.8364291172729956, -76.22425454002708 4.076846049686269, -76.02403660340944 4.210341944252373, -75.79983990814462 4.1038502246625885, -75.60023384555514 4.237054975599896, -75.37639509652736 4.130567249726801, -75.35175836280615 3.8907443891593445, -75.55122221667578 3.757105078825405, -75.77546602286702 3.8637243632566567, -75.97555463485295 3.7297979461061996), (-75.2500790825846 6.992293982855326, -75.22558692047913 6.758898774946724, -75.4230662563142 6.6304309516520945, -75.64518221154013 6.735811808778455, -75.66941741820031 6.96949908926249, -75.47179461234794 7.097514667682177, -75.2500790825846 6.992293982855326), (-75.67349885301137 4.953372267208129, -75.69785344771645 5.1911549060108895, -75.49907311027383 5.322427588943914, -75.52350800335066 5.559300834249716, -75.32521015330845 5.689803192235303, -75.10262555682463 5.583877678455979, -75.07793275947611 5.34730819514256, -75.27608145717471 5.216359276956538, -75.25146673942879 4.978877501493802, -75.02844616501662 4.872655756616325, -75.00365224861541 4.634586193238788, -75.20213626541288 4.5024278428347, -75.42556725209384 4.608783053970509, -75.4501027946576 4.847161983651185, -75.67349885301137 4.953372267208129)), ((-67.41292196530564 4.9384000615367105, -67.38406547091112 4.7072894204288795, -67.1718200154977 4.601858427620601, -67.14282434609736 4.370356274034524, -66.9308076823033 4.265042373056155, -66.74833065983583 4.391214733339489, -66.77749736495319 4.622201388237629, -66.59559777736392 4.747462117513595, -66.62479656876201 4.977550263726259, -66.4434738432071 5.10189049855118, -66.47270382233744 5.33106807920418, -66.29195735473795 5.454479414083812, -66.08236493399572 5.349220194014024, -65.90258154757963 5.472204870726245, -65.69379808115275 5.367043695896142, -65.66424804301396 5.138919224171284, -65.45573285536237 5.03388726389829, -65.42605440521405 4.8053919492911605, -65.6050454067652 4.681389742030431, -65.81411507640652 4.786391364122877, -65.99408532284343 4.661966270190471, -65.96459011978259 4.432034688202951, -65.75496605191667 4.327067092763989, -65.72533999451296 4.096789582298346, -65.90549644772328 3.9709397522153873, -66.11567479227625 4.075869639871473, -66.29680754880086 3.949607651774173, -66.26737069225544 3.71791756566597, -66.05663823092632 3.613029056938018, -66.02706805259061 3.381019027503528, -65.81659710644848 3.276317125743353, -65.63625511269962 3.403574455740329, -65.42661388223004 3.2990179317993324, -65.24726436240162 3.4258668005639374, -65.03846667584632 3.321459418251964, -65.00845522613794 3.09027006257022, -64.79994689049506 2.986088045336538, -64.62201871215504 3.1130230159889427, -64.41437729482172 3.0090032049158784, -64.38409450201651 2.7781308504543727, -64.56159729184049 2.650699621964897, -64.53133500082001 2.4190084388293656, -64.32342593820259 2.3153345522943556, -64.29304008448804 2.0834245433208807, -64.47070704782294 1.954602052449621, -64.67919009964317 2.05817951293304, -64.85788043829486 1.928955273782787, -65.0672344267696 2.0327157386614902, -65.2469395997075 1.9030941405911714, -65.45715118094782 2.007034449000386, -65.63786220442479 1.8770200445805363, -65.60795117039014 1.64258315792476, -65.78925512232522 1.5117001578434601, -65.75937138944565 1.2764876774711766, -65.94126907882004 1.1447473569197657, -66.1534528709156 1.2486957445714624, -66.33634392093505 1.1165812318084072, -66.30665351337387 0.8800471508454095, -66.09390574986024 0.7761887731986005, -66.0640793198716 0.5394717061755846, -65.85159686659546 0.435909189215957, -65.66950961377724 0.5689636050334062, -65.45787095086186 0.465605892591032, -65.27679372193307 0.5982898536000137, -65.30694075567676 0.8338610437946912, -65.12646165434704 0.9656970155862651, -65.15663346987611 1.2005221943552788, -64.97675157826372 1.3314985739571543, -64.7671199919904 1.2281264845397637, -64.58825963666867 1.358713447908157, -64.3795060627041 1.255539265443036, -64.20167573953442 1.3857320696389732, -64.23216502655578 1.6186161384687778, -64.05493268694995 1.747925842567833, -64.08544085121494 1.9800331976177261, -63.911608132951926 2.133506835458374, -63.706664467533244 2.054920708021731, -63.53201378765621 2.2088023224470708, -63.32596566103362 2.130090809459701, -63.150506412468644 2.284372000107819, -63.18169047714589 2.51730442623436, -63.00602242503757 2.671912926525397, -63.03729948224331 2.904582674245522, -63.24395421816763 2.9821306424002967, -63.275033974244124 3.2140103141618903, -63.099749112399806 3.3688479920029857, -62.89279437303725 3.2918827958874095, -62.7167145999133 3.4470827334914853, -62.7481768547288 3.6791620078762794, -62.571894189486756 3.8346258534898703, -62.36356730816621 3.7580990550974405, -62.18650467376753 3.9139027547471295, -61.977114378480906 3.837230003736379, -61.79928246996488 3.993363776758326, -61.831413892805216 4.226069098120025, -61.65339083366118 4.382418723973644, -61.44266913971194 4.306166766380892, -61.26389295839418 4.462822784121758, -61.05213690779922 4.386416940169759, -60.87261920874769 4.543368934412389, -60.659841375782634 4.4668077657072205, -60.479594153535984 4.6240451185526545, -60.26580760241691 4.547327162221851, -60.23253034210971 4.31282146480409, -60.018004256506146 4.2354002538391144, -59.83650007603299 4.393030350015237, -59.6209865200579 4.315455529782378, -59.43878543743813 4.473352660622613, -59.47262996663747 4.708702243683495, -59.2902700336175 4.86672999624535, -59.324201566559324 5.10166354063825, -59.540211004597765 5.178161404203965, -59.57394758130833 5.412256966895632, -59.78923267401487 5.48804519284181, -59.822774224638664 5.721288556819128, -60.03733074850828 5.796357399524479, -60.07067722991185 6.028734813490734, -60.284501105038956 6.103074968697756, -60.317652500427926 6.334573146871368, -60.53073978945801 6.408175749390536, -60.56369610798973 6.638781870819775, -60.776043015027966 6.711638491801759, -60.955168691511176 6.554451743152658, -60.922496443829104 6.324258335621639, -61.101443680175734 6.167156490932651, -61.31250793752814 6.240396268841252, -61.49071612794964 6.083541261452431, -61.70075000707541 6.1566029873833665, -61.87820768746323 6.00000583524779, -62.08719925851571 6.072891716919742, -62.11901474558189 6.30179380939392, -62.327239675971725 6.373920371911859, -62.35885959763323 6.601917739539759, -62.56631507377992 6.673277888868538, -62.74186044435379 6.517229875389528, -62.948250837840774 6.588410608310769, -63.12301281505836 6.43263561038676, -63.09196679100319 6.20554110756421, -63.26652309379244 6.049913382106958, -63.471537973516604 6.1215168240725575, -63.64529663238818 5.9661858973213056, -63.84922145179122 6.037619451615307, -64.02217317656236 5.882595348487045, -63.99179505430095 5.6560127672537615, -64.16453049565703 5.501183130148979, -64.13424544797662 5.274197617607881, -64.30676278486249 5.119583098135944, -64.50896328584312 5.192068739427277, -64.5389599580413 5.418558414449942, -64.74523521203803 5.523398462229183, -64.77510947593557 5.749521560833092, -64.9816762470846 5.8545014455121365, -65.01142690342357 6.08023808554569, -64.83475671556361 6.200452458824638, -64.8645297734525 6.425248530183999, -65.0708269301304 6.530364900901684, -65.10047638352638 6.754743554210203, -65.30705481718135 6.859953049090931, -65.48453397688448 6.740776865529305, -65.69193504641261 6.846062694846552, -65.87038312766973 6.726442012005864, -65.84103721035667 6.5010182744980645, -66.02005883232374 6.3804395588795595, -66.22881362322896 6.485800706583385, -66.25800116057357 6.711736234621903, -66.07859340267932 6.831799225193466, -66.1078098230977 7.056769418204712, -66.31627438863521 7.16218037761285, -66.49606247037214 7.042633360299494, -66.46700677647918 6.817159848526686, -66.64736454432577 6.6966568899382715, -66.61833981139034 6.470216980223502, -66.79926785436102 6.348764803077705, -66.77027496665053 6.121368646612959, -66.95177384315936 5.998974415225408, -67.16263388776416 6.10448615781103, -67.34506873664054 5.981664252660161, -67.31628005897515 5.752824314612347, -67.10488393071344 5.647303936133316, -67.07595742017179 5.418027532258907, -67.25859951377655 5.293772477765441, -67.47053126532442 5.399298335345564, -67.65410503865381 5.274626533509233, -67.6253888384376 5.043928243853435, -67.41292196530564 4.9384000615367105), (-62.792043197483274 5.448448457347177, -62.76069773775184 5.21914093050139, -62.93621882851484 5.063438175687406, -62.9049653936645 4.833735056287376, -63.08028217390028 4.678237370882128, -63.286264981996254 4.752554641690109, -63.317229893972105 4.981776493710948, -63.52242653579566 5.055341364184034, -63.69635436128467 4.900281393802933, -63.900456180392325 4.973688294878331, -63.93093659636368 5.201553106377822, -63.75760380462664 5.356500255831532, -63.55319551739755 5.28369503103914, -63.37905630314891 5.438965209622322, -63.17355796247526 5.365997390721729, -62.99862173845753 5.521580786345128, -62.792043197483274 5.448448457347177)), ((-81.35630613360543 8.50553373810017, -81.13299256065653 8.403392247187128, -80.93024754710895 8.532627334014562, -80.7069817014448 8.430309122678931, -80.50459364718644 8.55922721240313, -80.52548965298098 8.79005214339808, -80.7484785013368 8.892104955017333, -80.95084760336198 8.763596700425904, -81.17389459169816 8.865465676821469, -81.3766073932924 8.736636251893263, -81.59968790049372 8.83831721694093, -81.80272251140397 8.70917375668947, -82.02581184157864 8.810662633482217, -82.22914621146872 8.681212428857252, -82.20945071619384 8.44987771959855, -81.98611597032955 8.348102035947507, -81.7827228033955 8.477949443556467, -81.55938624099737 8.375988827175387, -81.35630613360543 8.50553373810017)), ((-83.38106082304266 9.643375734287718, -83.36226179124138 9.414663197600094, -83.56593619498999 9.285395578423739, -83.54725120076861 9.055686954099917, -83.32458068728445 8.955318804180418, -83.12080626268202 9.084972592366116, -82.89805630607461 8.98438996089972, -82.87886421332806 8.753848610753614, -82.65583154281862 8.652755736054285, -82.45221961015716 8.782505241387907, -82.47171920694178 9.012954329558866, -82.69452385982 9.11374777018729, -82.71382757489975 9.343296213656659, -82.93635615601121 9.44357416479024, -82.95546402811054 9.672207404769882, -83.17770928526342 9.771954137549418, -83.19662137486658 9.999658082214115, -83.41857613068233 10.098858261518302, -83.6218263540218 9.970667419428269, -83.60322371493353 9.742890456965497, -83.38106082304266 9.643375734287718)), ((-67.05015604692589 9.81427391961839, -66.84209613193133 9.709057710154532, -66.66308056101646 9.822636285836785, -66.45577891901205 9.717412894785992, -66.27768944206827 9.83052515881715, -66.30653186459284 10.048339145891998, -66.5133051303051 10.153502590178123, -66.54201835003157 10.370724808864258, -66.74902881208295 10.475808908523298, -66.92784987088758 10.363737521323158, -67.135612068609 10.46879887957256, -67.31534290254153 10.356257055189023, -67.52384234219818 10.461289617882267, -67.7044725270331 10.34827824439342, -67.91369430575156 10.453275951633431, -68.09521301164692 10.3397960604121, -68.30514181958839 10.444752850305271, -68.48753781091641 10.33080561902958, -68.69815793391089 10.435715431489648, -68.72587707408024 10.654477654409263, -68.93667336974306 10.759235355379131, -69.12024847531997 10.645329094315663, -69.33170855480171 10.75002259975232, -69.35909758582008 10.968515543647941, -69.57071509008735 11.073027700065854, -69.59795860131793 11.290827379766375, -69.80972618075648 11.395140278473715, -69.99473453024162 11.281770309196785, -69.96768508213088 11.063587701078491, -70.15322410341338 10.949249056521573, -70.36609518997301 11.053592006182376, -70.55244292055117 10.938786997760193, -70.52564238809154 10.719142550414414, -70.71251697758298 10.603378272624525, -70.92646136924806 10.707754145518958, -71.11412721540978 10.591530081623826, -71.08758499942472 10.370437200060941, -70.87316917500546 10.265935923588737, -70.84647283935695 10.04413878785957, -70.63216968069607 9.9394358688994, -70.60532011856544 9.716951079449418, -70.792979433016 9.598790721118615, -70.76618225891362 9.375248977789603, -70.5515199914227 9.27025290059562, -70.36413537266779 9.388909451643372, -70.39113725140625 9.612064964458991, -70.20428569884183 9.72977609737457, -69.99071596891757 9.624829746559868, -69.96351364053488 9.402068812588231, -70.15008041305167 9.283858760661223, -70.12292714408828 9.060049777256895, -69.90900769673118 8.954853292882431, -69.72273233184112 9.073563619601765, -69.75008392211119 9.29696929688817, -69.56434846010944 9.414730366015558, -69.35156152806294 9.309587830170033, -69.16667043563095 9.426897595183602, -69.19426083440722 9.648844912441856, -69.0099129227386 9.765194538779706, -68.7982873654134 9.660102731409513, -68.61479943856813 9.77599444837232, -68.40385554784275 9.67086594728248, -68.22123964659276 9.786297980048094, -68.01099356039734 9.68113869248528, -67.82926131683367 9.796109419663305, -67.61972876757153 9.690925254105883, -67.43889140452525 9.805433205056156, -67.23008771603799 9.700230067549352, -67.05015604692589 9.81427391961839)), ((-77.15606795936438 7.003473736107481, -77.17932521269334 7.237255896355687, -77.402243849574 7.341878569970054, -77.42531647820843 7.5749269272903685, -77.22574278647119 7.70311143847169, -77.24890322630371 7.935173427533867, -77.04977683609111 8.062565137782457, -77.07302401291113 8.293628154774105, -77.29512770938919 8.39753814633993, -77.31819187128603 8.627830113273486, -77.5401987759853 8.731401670496105, -77.73949291557513 8.604889856138627, -77.71670098240412 8.37436858129233, -77.49434178795381 8.270587042431783, -77.47136538780506 8.039286707670321, -77.67102160029873 7.911540104550894, -77.89372996351673 8.015531944561966, -78.0938958699363 7.8874365736145755, -78.07128468597514 7.6549168003589525, -77.84823032777877 7.55071435709269, -77.8254326660109 7.317434629275273, -77.60226284456255 7.212914224419377, -77.57927910490349 6.978892599404166, -77.35600194573074 6.874073430126912, -77.15606795936438 7.003473736107481)), ((-64.05013326031136 10.344665834319333, -64.25148698367299 10.407036316050371, -64.42238495685217 10.252370807646724, -64.3925208970849 10.035136051648617, -64.19147472530553 9.972154785485476, -64.16141836780322 9.75390570788471, -63.959587944738814 9.690107905245421, -63.78750877970235 9.845168571551874, -63.58459327941614 9.781163859169858, -63.411718000160576 9.936425818737327, -63.44234301276896 10.155493567117768, -63.645559089601434 10.218894395200378, -63.675991323616415 10.436944619096298, -63.87842997974384 10.499527679730699, -64.05013326031136 10.344665834319333)), ((-71.29177004445349 1.490679143194681, -71.09817262141787 1.6256225331001484, -71.12546770215575 1.8663421265543332, -71.3461380631531 1.9725501172103275, -71.54000418598025 1.8380563347178462, -71.76126375829459 1.9443796524778056, -71.95593545843934 1.8095778340944801, -71.9290914722562 1.5680071496164938, -71.70734684132327 1.4616575487608159, -71.51293239472442 1.5969057174956787, -71.29177004445349 1.490679143194681)))",Colombian Frog
126,22940,22923,Leptodactylus knudseni,species,20978,Amphibia,2.32,"MULTIPOLYGON (((-74.87188348081368 -11.548945655495348, -74.63756477807401 -11.652013805552805, -74.42985922306006 -11.501944803705442, -74.19600528481268 -11.604567688458824, -74.16938531722273 -11.857150639559364, -74.37689545182765 -12.007448890227716, -74.35035700985203 -12.260030447199796, -74.1160320107765 -12.361971192016329, -74.0892985340585 -12.614189047233582, -73.85498506459867 -12.715534971489678, -73.64789257141886 -12.564791244266535, -73.67489902234783 -12.312923089342764, -73.46837557333495 -12.162287697458352, -73.23507183372936 -12.263297174043464, -73.20779732818735 -12.514802095220956, -73.41409336301062 -12.665661690921882, -73.3868949807482 -12.9171352935582, -73.1531335529506 -13.01738108205697, -72.94707377883809 -12.866301848567787, -72.7138684133716 -12.966063161971675, -72.50863927613132 -12.814878399734937, -72.53636412675638 -12.564156263462232, -72.3317215402941 -12.413106250376037, -72.3595171861384 -12.16236765565898, -72.15546210009532 -12.011477528215584, -71.92387858534794 -12.111092340989297, -71.89582994817776 -12.361428226503545, -71.66433866095 -12.460401603695464, -71.63610760953976 -12.710320150204023, -71.83961709127244 -12.86167432109754, -71.81145273979274 -13.111565366691892, -71.57952953203493 -13.209689476959204, -71.37630571594879 -13.058110670225059, -71.14502762870774 -13.155744774673371, -71.11643491877116 -13.404757858680957, -70.88527779423342 -13.501694907406842, -70.68326218412538 -13.34982671133154, -70.452788887668 -13.446267534860496, -70.423779236246 -13.694357277710164, -70.1934517784187 -13.790075868986445, -69.99269590785802 -13.63793198463719, -69.76308996804889 -13.733149094476822, -69.73367504265676 -13.980271658096218, -69.504239414524 -14.074742622461615, -69.304793131853 -13.922337412024412, -69.07611564209792 -14.01630259908811, -69.0463073364458 -14.26241573072193, -68.81782419134687 -14.355612140320513, -68.78784821389232 -14.601158452407317, -68.55956865938167 -14.69357051909222, -68.52942627666617 -14.93852898708039, -68.72777834515638 -15.091551790527824, -68.697684332265 -15.336381149430537, -68.46902338210077 -15.427708889774307, -68.43876274948617 -15.671912863868185, -68.21031869476556 -15.762417368398129, -68.17989274322633 -16.00597592197845, -67.95167481366384 -16.095643130649307, -67.75448855021018 -15.942054167258604, -67.52711520881722 -16.031182187984935, -67.330987032468 -15.877548709578702, -67.10447779099098 -15.966141787881737, -67.07348336534 -16.208047416828737, -66.84723721345648 -16.295780853005365, -66.65260682973077 -16.14193729240607, -66.42725717863743 -16.229136149320404, -66.39591481369196 -16.469840559849025, -66.17085050401337 -16.556163553471066, -66.13935557578924 -16.796157879430993, -65.91458534969429 -16.881593262278724, -65.88293929303344 -17.12085977775364, -65.65847184271203 -17.205396272130223, -65.46628960027087 -17.051028293407107, -65.24277545227734 -17.135025439701195, -65.2108030598243 -17.373019860655283, -64.98761296155521 -17.45610474000562, -64.79704250095517 -17.301573332869328, -64.57483463309343 -17.384122050375016, -64.3854212000688 -17.229598582365202, -64.16421126331949 -17.311616975434017, -64.13176289335645 -17.547764533273163, -63.91090950850224 -17.628856729930863, -63.72316235974196 -17.474202927417487, -63.503333576378054 -17.55476909103732, -63.31677111551862 -17.400151523321036, -63.097981138502945 -17.48019783793525, -62.912611847115826 -17.325630841238997, -62.69487429260484 -17.40516354250324, -62.51070610410372 -17.2506612859451, -62.54375049248401 -17.016781246284104, -62.36025969527883 -16.86251308702467, -62.39331537872191 -16.628450458523435, -62.60972464153343 -16.548069748859056, -62.642654491034335 -16.313253192939083, -62.859460145056445 -16.23195687921709, -62.89226261838836 -15.99640205186777, -62.70839996205423 -15.842736176573997, -62.49225430376069 -15.92444848243835, -62.309584890097 -15.770890922422335, -62.09450064903609 -15.85211819582253, -61.91303149671032 -15.698682171507908, -61.946115719379634 -15.464203747759372, -61.76531685802695 -15.31108779573303, -61.54864656330767 -15.411982036549098, -61.36477313732068 -15.2780037638598, -61.1470027766606 -15.378731684522839, -61.11339781227808 -15.613728226582372, -60.89482637804713 -15.714568853780639, -60.70957474603752 -15.580126176476032, -60.743483245349324 -15.344590137720047, -60.558044269843975 -15.20917794790971, -60.338115105820265 -15.309550486393185, -60.15191328361587 -15.173422551733147, -60.18621825416031 -14.936680037279789, -60.406423477017455 -14.836595127003624, -60.59204739464283 -14.97296528769148, -60.81118688913105 -14.872703012927175, -60.84498211268226 -14.636367522258485, -60.65994025729077 -14.499757165576714, -60.44052085839586 -14.599722648581286, -60.25471441219972 -14.462406521414147, -60.03423594372276 -14.56219885564684, -59.99983745307824 -14.79959970222097, -59.77858137781725 -14.899499904599399, -59.59145770171318 -14.76171083724843, -59.62615613845358 -14.523790447629493, -59.4388620842505 -14.385067484250325, -59.4736528617442 -14.14650799902812, -59.69543886386745 -14.047188963433994, -59.73002322710269 -13.808524104835335, -59.543120271948084 -13.668662341618495, -59.32107365021244 -13.767683686658927, -59.1334463773005 -13.627132703434633, -58.91038554961304 -13.725976049128423, -58.72204881035627 -13.584738460560482, -58.4979902823911 -13.683397091666222, -58.30895935438956 -13.54147578661781, -58.08392017428582 -13.639943059379357, -57.894210758080135 -13.49734120537148, -57.6682085138041 -13.595610553550703, -57.47783672908278 -13.452331601007307, -57.250889545124 -13.550396541900684, -57.05987192637821 -13.406444228166016, -56.83199845976904 -13.504298368592613, -56.640351951388965 -13.359676721706384, -56.41157138703858 -13.457313763954357, -56.219313337846756 -13.31202710617031, -56.256324364654006 -13.068925088970985, -56.06395099498164 -12.922803909728378, -55.83408754318812 -13.019959425385542, -55.64112765210898 -12.873187486703772, -55.410405539734185 -12.97011992883971, -55.216877378533724 -12.822702464093068, -54.98531749023428 -12.919406033612587, -54.791239691212894 -12.77134857877999, -54.558863409856315 -12.867817594702153, -54.36425497840406 -12.719125990394549, -54.13108417665211 -12.815354895184567, -53.93596448276007 -12.666035288341142, -53.70202151394635 -12.76201865311662, -53.50641028315846 -12.612077498357829, -53.271717971462635 -12.707810027956423, -53.07563527527371 -12.557254088582594, -53.11464844785097 -12.310827784109314, -52.918506521646435 -12.15953027606137, -52.68295879468175 -12.254793717659437, -52.48637380380785 -12.102900608965363, -52.25013325096762 -12.197910703870862, -52.05312600909383 -12.04542967627832, -52.09273247560566 -11.797817559428085, -51.895685066150975 -11.64463950399713, -51.658669362777914 -11.739191517974607, -51.461228989129324 -11.585446536200456, -51.22357919967578 -11.679744075261922, -51.02576735097864 -11.525440749126654, -50.787508688605556 -11.619479583771609, -50.589347133536336 -11.464626795100028, -50.350505196766505 -11.558402850851564, -50.15201597053181 -11.403009779259587, -50.192682946691406 -11.153746020632893, -49.99418963561743 -10.997731226269426, -49.75472706538369 -11.09107207350222, -49.555936785047265 -10.934540875606531, -49.59690399454723 -10.684586437842482, -49.39812107423518 -10.527470138823348, -49.43914986713011 -10.27710861981846, -49.240377333754054 -10.119429796790175, -49.281467028175 -9.868685669796816, -49.082707904050835 -9.710467246582757, -48.84258716711571 -9.803057296195988, -48.64357902768205 -9.644378031468646, -48.6849560261889 -9.393054232840704, -48.48597277234606 -9.233874284352945, -48.245360452017024 -9.326070062824591, -48.04615957146049 -9.1664562112819, -48.087815461297396 -8.914604647610014, -47.888650962517545 -8.754530025306877, -47.93036216448175 -8.502384035153382, -47.731237046695554 -8.341872950777358, -47.490174235919824 -8.433539339056818, -47.29087161276709 -8.27263873486888, -47.33285056955049 -8.020050453151198, -47.133598813392496 -7.8587546867777425, -46.89216190431034 -7.950066115528704, -46.692764457468655 -7.788409921829734, -46.73500231562468 -7.535433675408151, -46.53566720767088 -7.373424420803265, -46.5779545864587 -7.120245753231376, -46.378684773342 -6.957908843474087, -46.421020954701504 -6.704554303985047, -46.22181938292309 -6.541915343201383, -45.98010696702485 -6.632620920409811, -45.78080861638156 -6.4696863451152, -45.82338946313382 -6.216066664290832, -45.62417074781996 -6.052873511991721, -45.66679706989464 -5.799138830111348, -45.46766090088943 -5.635713168608651, -45.51033197407418 -5.381890484142921, -45.31128125146921 -5.218258513112609, -45.35399635129119 -4.96437490842272, -45.15503396406109 -4.800562940390591, -44.913219002567786 -4.890587151561126, -44.714217078828426 -4.726564737888757, -44.47219166591029 -4.816452927131955, -44.27317377397634 -4.652233923790046, -44.31629561733837 -4.398189085564462, -44.11738566177314 -4.233852973276121, -44.16054621616314 -3.979816708335426, -43.961747019286975 -3.815390085293843, -43.719691219073866 -3.904927140246668, -43.52091628132169 -3.7403546545898174, -43.564285196740684 -3.486328260028062, -43.80625992504727 -3.3968991545641476, -43.849495709947064 -3.142961825065565, -43.65092644460913 -2.9784340775831035, -43.409036302164054 -3.067754636172173, -43.21050781281144 -2.903117902290563, -42.968505289232866 -2.9923436181051906, -42.77004105748614 -2.8276121625094848, -42.52795474541756 -2.916742268038356, -42.48422900736972 -3.170689461421432, -42.24197245797018 -3.25979911853621, -42.19812304686272 -3.5138129493367405, -41.95570812782563 -3.6028790275610207, -41.75726568935542 -3.4378657601593536, -41.80126485960898 -3.183886266525406, -41.60297690479422 -3.018901551920546, -41.36067580977294 -3.107794713671598, -41.16253771330014 -2.9427542977484378, -40.920257339231114 -3.0315383230459174, -40.87597456400937 -3.285404016586812, -40.633591747376244 -3.3741097937030475, -40.43564482489407 -3.2089173262199826, -40.19333001676691 -3.2975019819176827, -39.995594742764524 -3.1322787952621414, -39.753376486599166 -3.220741911854762, -39.708726636262554 -3.474435900394172, -39.4664553940662 -3.5627749307034593, -39.26901335377954 -3.397421041520869, -39.02688577283516 -3.4856268768726606, -38.98201709671929 -3.7391716899906173, -38.73986733634413 -3.827219302800064, -38.69490145690071 -4.080704566736864, -38.45274168015848 -4.168571191760072, -38.40768078776367 -4.421969892736886, -38.16552317272419 -4.509632864048814, -37.96863485660816 -4.3439440736835015, -37.72670501655716 -4.431440444884411, -37.68145146163263 -4.684564937975354, -37.439554547784724 -4.771824252991735, -37.39421397782087 -5.0248012369032615, -37.15236216155549 -5.111801198924384, -36.95608140882371 -4.945905212014537, -37.00151264145725 -4.693110593045571, -37.2431353629446 -4.606028555705816, -37.288483164282525 -4.353079341177942, -37.53015729944832 -4.265749496350292, -37.57541941316143 -4.012672399757597, -37.81713282126873 -3.9251170767652392, -37.86230700487641 -3.671938913179274, -38.104047545309925 -3.5841805785343097, -38.30082257126446 -3.7496488234826653, -38.54278176146937 -3.6617457938604785, -38.587760888704565 -3.4083398637911366, -38.82971651795992 -3.320267468718912, -38.87459976032591 -3.066821674535974, -39.11653968743414 -2.9786026840076625, -39.16132486800046 -2.7251440770597877, -39.403236968426654 -2.636801333672596, -39.60054367847658 -2.8019198361470385, -39.842590489588645 -2.713466156503881, -39.887154589040506 -2.4599051699125387, -40.12914285790572 -2.3713619746023133, -40.32673056482284 -2.5363598528471187, -40.56880654698912 -2.4477174985875476, -40.76659845597385 -2.612707034894516, -41.00873367546188 -2.5239659986764447, -41.20670665747767 -2.688932753280246, -41.44887256835932 -2.6000935547526383, -41.647003394511415 -2.7650230914559053, -41.88917140100776 -2.6760862953120177, -41.933078732653684 -2.4222866145349635, -42.17510172398357 -2.333329267961073, -42.373334565487994 -2.498096331343753, -42.61531248762401 -2.4090535837255302, -42.658944457344234 -2.155332840241437, -42.90074701502354 -2.066304172275584, -43.099018034742244 -2.2308986256441496, -43.34072852166585 -2.14179684331235, -43.539056726623244 -2.3063192118782188, -43.780646655922965 -2.2171450619370665, -43.82382223058221 -1.9635707260445543, -44.06518844482804 -1.8744567997911437, -44.10822966746491 -1.6210644292088026, -43.910076558755634 -1.4567668817022792, -43.95315528702383 -1.2035578847004718, -44.19421469261164 -1.114670506979811, -44.2371584719144 -0.8616893655886974, -44.477977856281655 -0.7729188718964254, -44.520784900259855 -0.5201919747182795, -44.76135289929448 -0.431560841706547, -44.80402144924267 -0.1791143903482296, -45.04432678307185 -0.0906449296568997, -45.08685510831191 0.1614950791654377, -45.326886584198746 0.2497807379684693, -45.36927298243725 0.5015885299602912, -45.609019497613446 0.5896684560821854, -45.65126229528235 0.8411184965084689, -45.890712839715746 0.9289709742499982, -45.932810392296034 1.180037984652848, -46.17195405139125 1.267641529315892, -46.21390474372009 1.5183005037858093, -46.45273070095104 1.6056338771444836, -46.64962394619735 1.4425366967716216, -46.88813414252627 1.529818763244414, -46.929737331030424 1.7799569644530453, -47.16790208452099 1.866937257336255, -47.20935265869923 2.1166117860679408, -47.012841241126125 2.27940175354366, -47.05434195953498 2.528689544263446, -47.292150930729406 2.6150876613252017, -47.3334986273442 2.863870426430578, -47.57094766145627 2.9499161768659645, -47.61214087190652 3.198170500004259, -47.84921967977172 3.2838440931610093, -47.89025697052861 3.5315469175151653, -48.126955375348274 3.6168288916496025, -48.16783534391277 3.863957532484361, -48.404143283377664 3.9488287665974764, -48.44486455845188 4.195360923206914, -48.24949130203984 4.3571404549718995, -48.29026729693766 4.60317732685714, -48.5262027980645 4.687312795232654, -48.56681976980988 4.932715362916086, -48.80235118684675 5.0163940966159695, -48.842807812682366 5.261141131765946, -49.077925395609554 5.344345282303813, -49.27254514387005 5.183124870338332, -49.50719295866213 5.266169130592077, -49.54726637586785 5.510100407556707, -49.78147520006863 5.592643806852878, -49.821383540128295 5.835873231446585, -50.05514403866101 5.917898908494118, -50.09488612014209 6.160406700318049, -50.32818908512519 6.241898200605526, -50.367763758528895 6.483665029403338, -50.60060011077837 6.56460631215913, -50.79378739082969 6.404145097278901, -51.02606885315038 6.484893679507948, -51.06524150104988 6.725729107086173, -51.29703282807992 6.805904029062124, -51.336033941844676 7.045956849557765, -51.567326502934094 7.125543142320623, -51.759522972155935 6.965464885374689, -51.99020848518785 7.0448445822752985, -52.182027692072694 6.884756854647209, -52.41208332144217 6.963931529298689, -52.603505744719996 6.803848019450243, -52.56523039834923 6.564396412635685, -52.75660567021211 6.404139497318909, -52.985888153719756 6.4835266110335805, -53.17684001003016 6.323304478716876, -53.138883632481225 6.0835117787729445, -52.90972525226779 6.003707182348033, -52.87158958472058 5.763129708321556, -53.062862307141074 5.602596935494258, -53.29189328588433 5.682820517962414, -53.32977821734582 5.923156768787389, -53.558244860436616 6.002776755736769, -53.74868985326415 5.842486908918664, -53.97644330673981 5.921923759765648, -54.013892364094175 6.1612148894377805, -54.241061280897156 6.240027314951779, -54.430630794836276 6.079990327636735, -54.65705316039774 6.158614447543549, -54.84612555534619 5.99866582376541, -55.07178106262239 6.077103308107575, -55.10852655430935 6.315030820305955, -55.33356638965185 6.392817839618975, -55.52168909334864 6.233141845118113, -55.74593070884069 6.310737788425452, -55.93351116723986 6.151172994547661, -56.156935452955935 6.228579717298526, -56.34395694821305 6.069139054724971, -56.566545248936194 6.1463584250517815, -56.75299141249101 5.9870546999461185, -56.97472553367565 6.064088595198673, -57.01021199848326 6.299930674025949, -57.23128061660789 6.376279053727945, -57.266576327535944 6.611265076112395, -57.486973821564504 6.686916958485374, -57.52207845461089 6.921032385521358, -57.74179935134879 6.995977238212138, -57.926200117816336 6.837318863664738, -58.145019793123424 6.912064989679056, -58.17965759384961 7.144950197127303, -58.39778601546094 7.218974645510197, -58.432231489053024 7.450960279237968, -58.24882507861878 7.609269268071796, -58.28335482479804 7.840690455301929, -58.50101456102465 7.913455500876761, -58.683916650927415 7.755326780467815, -58.90064783200751 7.827880120529231, -58.934708100356204 8.058028289144746, -59.15073358495977 8.129833082330192, -59.18460103049776 8.35904430718908, -59.39991629340787 8.430092476031485, -59.43359080562078 8.658355244967899, -59.64819146475162 8.728639145987524, -59.82887157933098 8.571207549903752, -60.04250398254953 8.64127208027536, -60.07570540289652 8.868215219779247, -60.28861126062313 8.93750524402648, -60.321619241847884 9.1634781335178, -60.53379466907643 9.231987086975487, -60.56660922063733 9.456979769624587, -60.77805047142516 9.524701505793859, -60.81067162790521 9.74870448033647, -61.021375094263234 9.815633265776572, -61.05380291498312 10.038637482331154, -60.875808777571024 10.195073669020752, -60.908324841701 10.417429954755482, -60.730154954211045 10.573775368907802, -60.76275894218941 10.795466116382945, -60.5844154294943 10.951700194995352, -60.37292918893445 10.886460273303177, -60.19387880726693 11.042785793412039, -60.22684980190947 11.264127072337295, -60.43859201529267 11.328810423844907, -60.47137087618343 11.549118502031574, -60.68238528783435 11.6129923052003, -60.86036122220875 11.457116290882645, -61.07038147544765 11.52073806953983, -61.24763719530684 11.36494896310338, -61.215418522377746 11.145314944757212, -61.39249459131469 10.989403422036323, -61.60123752109348 11.053348648176817, -61.77757697615972 10.897551156481352, -61.98529594300955 10.961258870428146, -62.16088785241669 10.805587641648295, -62.36757153707086 10.869062075160501, -62.54240534349367 10.713529192008048, -62.748042893146234 10.7767745511376, -62.92210841307774 10.621391941602509, -63.12668943912479 10.684412402990949, -63.15749644514747 10.902221629562872, -63.36130742462248 10.964423160720711, -63.534014926676434 10.809412869862978, -63.736754644329366 10.871392770374792, -63.76708580893137 11.087782075438643, -63.96904864931042 11.148939539160768, -64.14037673725494 10.994311975669186, -64.11032905036575 10.77831624795388, -64.28144296354819 10.62365993508031, -64.25148698367299 10.407036316050371, -64.42238495685217 10.252370807646724, -64.3925208970849 10.035136051648617, -64.5632011777658 9.88048098242384, -64.53342924719182 9.662652103017738, -64.33269260004482 9.599057447185938, -64.30272828338589 9.380222671719434, -64.47378533308098 9.22541097552165, -64.44391326978928 9.006008036488804, -64.61475138178501 8.851252829763578, -64.8148631280469 8.916081328885745, -64.98487994500557 8.761576026235483, -64.9553856164191 8.54206932231028, -65.13097781911195 8.427323144687293, -65.10150616481418 8.206809648658153, -64.89629730028135 8.101552745067496, -64.86670323191284 7.880552868625926, -64.66642825116186 7.8136778066466235, -64.63664107953544 7.591716560880144, -64.80741507238288 7.437095550442951, -65.01289108500627 7.542307720382255, -65.1892230015916 7.425073058791901, -65.39552793195014 7.530351335704583, -65.57283121483717 7.412664850307552, -65.7799520546642 7.518004098323586, -65.95821784238974 7.399867522550575, -66.16614115299159 7.505262573575559, -66.34536016767498 7.386677784236219, -66.31627438863521 7.16218037761285, -66.49606247037214 7.042633360299494, -66.70531190633105 7.148100261964094, -66.88604175481956 7.0281112758548145, -66.85715120290602 6.80214189129641, -67.03844889053715 6.681201454761508, -67.00959139568427 6.4542647526892685, -67.19145742733994 6.332379861286937, -67.4025431369483 6.43794180564427, -67.58533644030346 6.315627082850385, -67.79716893653224 6.421246049590561, -67.98087836673382 6.2985045345017205, -68.19344183772293 6.4041755282612165, -68.37805582173544 6.281010417946664, -68.59133402809701 6.386728422949893, -68.77684056483066 6.263143074078479, -68.99081684282177 6.368903056767632, -69.17720350371394 6.244900987114503, -69.14929358091068 6.014641917742081, -69.3362358808689 5.889731713926306, -69.55140085618694 5.995576377577205, -69.73920715808396 5.870259653416902, -69.955030039642 5.976142499362797, -70.14368684983039 5.850423349007837, -70.11622365180706 5.618332535761229, -70.30542914343783 5.491728463481788, -70.52238686010567 5.597702741628493, -70.71242514808038 5.470707820874122, -70.68522247465768 5.2372557320950754, -70.87580530054844 5.109393904855585, -71.0938656172577 5.21546572477843, -71.28526257209033 5.087225597646708, -71.2583303443849 4.852437048933321, -71.45026723273843 4.723349366342493, -71.66939646155024 4.829525448582715, -71.86212785361701 4.700072989586539, -71.83547602169013 4.463974501969278, -72.02874227504695 4.333695182383093, -72.24890527946299 4.439982854682544, -72.442945453215 4.309353257487131, -72.66364380100727 4.415682305061015, -72.85844143918968 4.284708362348483, -72.8323136748095 4.046945844636317, -73.02763554457076 3.9151766226870226, -73.24930263684313 4.021627926911855, -73.4453598076077 3.8895302420203435, -73.66751222975043 3.996021059149082, -73.86428722500423 3.8636014149105913, -73.83871092550409 3.624242595990656, -74.03599816757716 3.4910619524201856, -74.01049415256671 3.250854917364684, -74.2082924349493 3.1169282174616963, -74.43177886113477 3.2236509501406077, -74.63026529262996 3.089430413081697, -74.6050879926739 2.8480514149194316, -74.8040781395838 2.713111426694514, -74.77897762390813 2.4709213101028227, -74.97847007058412 2.335278075426465, -74.95344745685122 2.092294622586333, -75.15344073706947 1.9559648224075048, -75.37861362058513 2.063042730889941, -75.57925717351915 1.9264615131441336, -75.55457792520025 1.6823855054139543, -75.7557141733522 1.5451471634988714, -75.98166857118714 1.6523998142057215, -76.18342855597905 1.5149306997950933, -76.15910244050117 1.2698016390488969, -76.3613464903785 1.131706099197916, -76.5880370647483 1.2391449378701866, -76.79087742360258 1.1008401173716356, -76.76691411756057 0.854699141023087, -76.97022942102507 0.7157998175322842, -77.19760956084954 0.8234367245072045, -77.40149287416479 0.6843504227496076, -77.37790194734575 0.4372402672339354, -77.58225059714334 0.2975925695657111, -77.55875235960492 0.0498042588509923, -77.76356416673148 -0.0903847815671853, -77.74015977199981 -0.3388300450611227, -77.51165499928366 -0.4468324451745525, -77.48805574797744 -0.6956633898301829, -77.6932501628833 -0.8367428195276974, -77.92212310790718 -0.7286205485645607, -78.12785447326753 -0.8698304373160402, -78.10464123923927 -1.119524334769975, -78.31082889517923 -1.2612129143384165, -78.28771298598053 -1.5114976865070302, -78.0581141072264 -1.6198567621501967, -78.03480007901221 -1.8704771124554052, -78.24138059390962 -2.0129721201484068, -78.21816398026434 -2.2641433736476846, -78.42520180678076 -2.4070663222599467, -78.40208378351034 -2.6587650754066403, -78.60957646695196 -2.802093389032649, -78.58655821308015 -3.0542958846405233, -78.79450324197549 -3.198006636074441, -78.77158593960358 -3.450688776719531, -78.97998074540025 -3.594758700756372, -78.95716557956382 -3.8478960627401553, -78.72565048623204 -3.9567490933665956, -78.70263220200037 -4.210107890082473, -78.91143452147685 -4.354823968671731, -78.88851849549474 -4.608594958215025, -78.65649418422325 -4.717433927097506, -78.6333743165308 -4.97138148920771, -78.8425851141689 -5.116701763158211, -78.81956762416773 -5.371017744402452, -79.02923250274699 -5.516609738627486, -79.00631859598374 -5.771268538513886, -78.7734307076821 -5.880124967938449, -78.75031114560815 -6.134896136785321, -78.51726369327913 -6.24356726395635, -78.30769681003734 -6.097398839097918, -78.33112305517037 -5.8428473214516945, -78.12202249143002 -5.696934650568132, -78.1455489086277 -5.44271404008848, -77.93691717161185 -5.297081743509174, -77.70483219869712 -5.405371356028562, -77.68100530140431 -5.6593505668437025, -77.4488005386563 -5.767439522726833, -77.42477258455575 -6.021507080489503, -77.19245720504244 -6.129371545738038, -77.16822868535728 -6.3835006437441715, -77.37661175659433 -6.5300237411674145, -77.35247874697265 -6.784452718532764, -77.56134856946791 -6.931232203455139, -77.53731229816368 -7.1859351267086815, -77.30410719593412 -7.293601449831931, -77.27986851786625 -7.548300925296482, -77.04655714845502 -7.65567329002881, -77.02211657587522 -7.910342383598776, -76.7887082975065 -8.017397201045393, -76.76406636943894 -8.272009021751941, -76.53057058488983 -8.378722849759658, -76.50572786712198 -8.633250568786162, -76.27215402159719 -8.739600129866282, -76.24711110665959 -8.994016999433248, -76.45593431951596 -9.14236708081674, -76.43098335159273 -9.396935489296242, -76.19691653236664 -9.50286586653032, -75.9882261927715 -9.354258570521338, -75.75452471981764 -9.459810512024937, -75.72908329493629 -9.713925856892644, -75.4953323294983 -9.819044862290985, -75.46969264512715 -10.072969786782053, -75.67809047088916 -10.222080196422883, -75.65253893340281 -10.476098916875348, -75.41830270498005 -10.580697813430147, -75.39255231087341 -10.83448070140541, -75.15827888955114 -10.938591130648826, -75.13233035006972 -11.192112176390983, -74.89802942776144 -11.295712260519473, -74.87188348081368 -11.548945655495348), (-62.79790434829114 9.742754656494574, -62.5920785553452 9.677514943403814, -62.560782802846965 9.45603305248917, -62.35419147611762 9.38998772162963, -62.32270202213191 9.16750967098948, -62.11534781139819 9.100663220522858, -62.083664445176616 8.877197461612585, -62.25961950976667 8.720979873429165, -62.46668909280509 8.788414512218425, -62.64187853564074 8.63239743414685, -62.847892552225275 8.699627392534408, -62.879006785309734 8.922280251189944, -63.084249614319624 8.988710242821014, -63.115170032468164 9.210377223679878, -63.31963929541238 9.276002762954343, -63.35036618028077 9.496675704761518, -63.17690847445326 9.652132150970665, -63.20772657549233 9.872210392110363, -63.03406437047929 10.027662353720334, -62.82900663212962 9.963232369676083, -62.79790434829114 9.742754656494574), (-61.68192787913132 10.235996519957844, -61.89012226770571 10.301093575193415, -62.06608639343893 10.145141077794722, -62.273246079218815 10.210011845431092, -62.30472228218957 10.43025123149055, -62.12932183525423 10.58599565097776, -61.92188136634221 10.521707937302878, -61.74572856529626 10.677593069146706, -61.53725873807649 10.613073488849276, -61.505217313920184 10.392092155331154, -61.68192787913132 10.235996519957844), (-64.5253122918205 8.189879278851652, -64.35409617608894 8.34472734881523, -64.15240342958417 8.278283183937495, -64.12223752638897 8.056376597523798, -64.29405029437395 7.901363376378685, -64.49543232449776 7.968422430525069, -64.5253122918205 8.189879278851652), (-65.54456354102088 5.716802526645678, -65.3663314290771 5.838411202927148, -65.15892530859179 5.733329648210285, -65.12919788159253 5.506662653498652, -65.30702672117779 5.38454011699087, -65.5149873802499 5.489598722214411, -65.54456354102088 5.716802526645678), (-61.99154293150218 5.383520170130615, -62.168617085610805 5.2272146973388685, -62.377038154797845 5.3012640789553656, -62.40867134508502 5.5310362601995156, -62.232170870853416 5.687215821154194, -62.02346338938634 5.613748590374381, -61.99154293150218 5.383520170130615)), ((-35.07353942896586 -5.384052028477568, -35.119347149587526 -5.132320397848265, -35.35973413470566 -5.046392432560741, -35.40547386025517 -4.7944328516022665, -35.64599101781758 -4.708182139257334, -35.84102933074533 -4.874017937101752, -36.08192091411041 -4.787580569190139, -36.27739495500208 -4.953451130689907, -36.518633964927915 -4.8668266280863435, -36.71452223821714 -5.032717267462815, -36.66900984379248 -5.285330697870888, -36.42752635407791 -5.3718507694127124, -36.23180114056129 -5.2058608300071505, -35.990656108252495 -5.292182970750956, -35.79535974054579 -5.126209649169995, -35.55458030259794 -5.212334399771167, -35.508839083688514 -5.464304854293316, -35.26818379509851 -5.550095474909297, -35.22237326140083 -5.801818581747684, -34.9818541007437 -5.887253783426942, -34.78742115633651 -5.721113593575024, -34.83329455059942 -5.469635892521252, -35.07353942896586 -5.384052028477568)), ((-77.58901736490888 2.6469627628310244, -77.79223294288482 2.510262965127355, -78.0188141974938 2.617389382874644, -78.22255091168854 2.4804710590376176, -78.19963924112487 2.2360295244024084, -78.40382119051365 2.098507798216666, -78.38100533072358 1.8533070649627559, -78.58563016500541 1.7152008439185396, -78.56291124735496 1.469260588906084, -78.76797656250196 1.330589221349426, -78.74535572128745 1.0839295722836229, -78.9508590592605 0.9447128397353062, -78.92833743157524 0.6973543672834507, -79.13427628004885 0.557612476114256, -79.11185500564707 0.3095761853774296, -79.31822679774368 0.1693297578414888, -79.29590701890174 -0.0793629208167536, -79.50270913293558 -0.2200928561872016, -79.4804919943107 -0.4694200769511143, -79.25116968790022 -0.5778191700727161, -79.04439524144505 -0.4367328599180306, -79.06691455071866 -0.1876051575620467, -78.86057635919373 -0.0469958748257103, -78.88319614568469 0.2014914666447293, -78.67729677666806 0.3416025251370545, -78.70001589227586 0.5894278156019305, -78.49455785829605 0.7290198559359885, -78.26643330940519 0.6211593574578789, -78.06147832746655 0.7605921191172366, -78.0845877120625 1.0075039663250398, -77.88008461163767 1.1463832674711851, -77.90328884234133 1.39258576055859, -77.69923991667075 1.5308918950424637, -77.47206453377828 1.4233849523335975, -77.26855628487185 1.5614949823161783, -77.29213820269788 1.8067143640373073, -77.5189453407067 1.9140784943721703, -77.54233584398345 2.1588020151819993, -77.33920193163846 2.2959044496541128, -77.36268386847323 2.539859255741851, -77.16001068756826 2.6763320510113533, -77.18358292774091 2.9194992705617153, -76.98137255726996 3.0553245074852367, -77.0050339744083 3.297685736861436, -77.23062781752287 3.404481686346244, -77.43293071996746 3.2690692471229026, -77.40954820017573 3.0264493292637584, -77.61230850805336 2.8903843442449815, -77.58901736490888 2.6469627628310244)), ((-70.33187931033376 -18.18171544960488, -70.09834240108385 -18.271652237844567, -69.89486949999069 -18.11820431249236, -69.92459149860487 -17.87496041963291, -70.1575497080154 -17.78475066825535, -70.36136321615696 -17.938058580496104, -70.33187931033376 -18.18171544960488)), ((-61.584547995988174 12.299190703260566, -61.792343969242495 12.360356433281394, -61.96794270103409 12.205258122365064, -61.93630117538302 11.988761707899473, -61.72877984530527 11.927024133161403, -61.552625556975954 12.082355759932579, -61.584547995988174 12.299190703260566)), ((-71.12127791721221 -17.173669958551883, -71.15021454153172 -16.927922103918267, -71.38430583281334 -16.834611511972255, -71.59001191921236 -16.98728688254781, -71.56132693348047 -17.233424884074058, -71.32668285526779 -17.326498241660243, -71.29781163708334 -17.571963000892396, -71.06328510305926 -17.664206244971552, -71.03422877821973 -17.908977618348057, -70.7998297728176 -18.00037575969526, -70.59505357295717 -17.847256568409847, -70.62435622651648 -17.602883045801168, -70.85819013831173 -17.511230008876776, -70.88731035681533 -17.266159345718734, -71.12127791721221 -17.173669958551883)), ((-72.03137332149359 -17.045877326998983, -71.82476355000581 -16.8933988699569, -71.85326120206201 -16.646608196961918, -72.08811038919717 -16.551921451412156, -72.11641963117881 -16.30449909666251, -72.35135637632658 -16.209029997371285, -72.55851417514988 -16.36119339518951, -72.53046704257198 -16.608984870193552, -72.29499866569871 -16.704244757364098, -72.26676059739205 -16.95140903959043, -72.03137332149359 -17.045877326998983)), ((-79.34650392046606 -1.972358412726616, -79.11617084392797 -2.0811143677731714, -78.90858816170058 -1.9384586591357482, -78.93130528876839 -1.687387609614776, -79.16130212077402 -1.5787671341732, -79.18381828802785 -1.3280481479421498, -78.97664021080986 -1.1861583270570053, -78.99925813630671 -0.9360183549279105, -79.22875200654612 -0.8275651345038085, -79.43596008504055 -0.969106882839318, -79.41364518476756 -1.2194486126578743, -79.62128421684426 -1.361423828648549, -79.5990732531283 -1.6123384407231975, -79.36891716774679 -1.7210835262083835, -79.34650392046606 -1.972358412726616)), ((-79.53224409400562 -2.3668861897360234, -79.74072498414417 -2.5099878927157873, -79.71852107142466 -2.7623037862926236, -79.92743072207023 -2.9057635369454244, -79.9053332282765 -3.15856384429616, -79.67401474180663 -3.267721155518445, -79.46511915460277 -3.1239439158467537, -79.48752710865367 -2.8713281643639252, -79.2790664371587 -2.7279015556505644, -79.3015786208942 -2.475776780728, -79.53224409400562 -2.3668861897360234)), ((-67.07867475020986 10.033003327334114, -67.05015604692589 9.81427391961839, -66.84209613193133 9.709057710154532, -66.66308056101646 9.822636285836785, -66.45577891901205 9.717412894785992, -66.27768944206827 9.83052515881715, -66.30653186459284 10.048339145891998, -66.5133051303051 10.153502590178123, -66.69176326791856 10.040911408834248, -66.89929862602455 10.146062860275341, -67.07867475020986 10.033003327334114)), ((-67.61972876757153 9.690925254105883, -67.43889140452525 9.805433205056156, -67.46724181011378 10.024609893959518, -67.67625806950922 10.129719445238388, -67.85743912708107 10.015726234508087, -67.82926131683367 9.796109419663305, -67.61972876757153 9.690925254105883)), ((-79.79435306016914 -4.426136558808176, -79.58460621028006 -4.281429372062528, -79.60700799346051 -4.027667350503655, -79.39769665240783 -3.8832554565794517, -79.42020399288539 -3.629917198812516, -79.65171219260134 -3.520803513975833, -79.86103990017065 -3.664907739843563, -80.09267888525298 -3.5556183543218074, -80.3024374507702 -3.6997233566435814, -80.28055630781003 -3.9534186845834123, -80.0486009083922 -4.062839280763379, -80.02651270289154 -4.316780494524754, -80.2366960355668 -4.461466549489862, -80.21471677279922 -4.715799424557821, -79.9822375237844 -4.825275308791735, -79.77205802055879 -4.680297189117217, -79.79435306016914 -4.426136558808176)), ((-70.00922961825744 -18.99931575370855, -69.80546209491335 -18.845798030035734, -69.83530486367336 -18.603631228559344, -70.06867844916636 -18.514573383494753, -70.27279088932572 -18.66796335079599, -70.24318624107804 -18.910538090450864, -70.00922961825744 -18.99931575370855)), ((-79.91557682815977 -5.589399717426268, -79.89329021284888 -5.844436455340923, -79.66008410368572 -5.953787116013482, -79.44949571863525 -5.808002203704152, -79.47209777921049 -5.5531468493197345, -79.7049736839161 -5.4438937373934, -79.91557682815977 -5.589399717426268)))",Knudsen's Frog
127,22948,22923,Leptodactylus leptodactyloides,species,20978,Amphibia,2.32,"MULTIPOLYGON (((-70.09834240108385 -18.271652237844567, -69.89486949999069 -18.11820431249236, -69.92459149860487 -17.87496041963291, -70.1575497080154 -17.78475066825535, -70.18709319481874 -17.540786726124637, -70.42021075038097 -17.449720299155228, -70.62435622651648 -17.602883045801168, -70.85819013831173 -17.511230008876776, -70.88731035681533 -17.266159345718734, -71.12127791721221 -17.173669958551883, -71.15021454153172 -16.927922103918267, -71.38430583281334 -16.834611511972255, -71.59001191921236 -16.98728688254781, -71.82476355000581 -16.8933988699569, -71.85326120206201 -16.646608196961918, -72.08811038919717 -16.551921451412156, -72.11641963117881 -16.30449909666251, -72.35135637632658 -16.209029997371285, -72.55851417514988 -16.36119339518951, -72.7940535957665 -16.265158595156937, -73.00206731599906 -16.417115634801377, -72.9742875446148 -16.665263498931843, -72.73822536736641 -16.76109890049504, -72.71025218116527 -17.008624215156193, -72.4742544517222 -17.103675423660114, -72.26676059739205 -16.95140903959043, -72.03137332149359 -17.045877326998983, -72.00294535797444 -17.29239323754987, -71.76764924246731 -17.386053692795404, -71.73903244967639 -17.63190046982752, -71.50383755360178 -17.724737321769194, -71.47503302267053 -17.969894629138892, -71.23994940212928 -18.06189257401616, -71.21095824913483 -18.30634050930117, -70.9759959547195 -18.3974847162143, -70.77058949143434 -18.24443403867213, -70.5363279893698 -18.33497256243769, -70.50690492559681 -18.57829848062045, -70.7119883946542 -18.731479933864907, -70.68262744425724 -18.974451188960433, -70.44793791899154 -19.063845342277645, -70.41839384182383 -19.30605019120196, -70.62378440119066 -19.45924999521045, -70.59430217291431 -19.701061657953414, -70.35918420318252 -19.7892830855447, -70.32951850678397 -20.03029551910678, -70.53521596310094 -20.183470394891053, -70.50561184535125 -20.424052076381155, -70.27006502178263 -20.511073953990604, -70.2402770976664 -20.750824847991087, -70.44628124287775 -20.9039322235305, -70.41655462133623 -21.143215812987883, -70.18057854668452 -21.229012870611896, -70.15066778371803 -21.467435416075112, -70.35697839484419 -21.62043349690344, -70.32712865247194 -21.858353250218304, -70.5340902344933 -22.011126845052623, -70.5043028208238 -22.248522234084277, -70.26730556516668 -22.332779411473815, -70.06068872625922 -22.179931576078758, -70.09072294184887 -21.942901789611206, -69.88476160324755 -21.789823471405075, -69.91485524767074 -21.552277807997275, -69.70954966298551 -21.398992916182305, -69.47451152550082 -21.483173002323706, -69.27022872408219 -21.329617778911512, -69.30061577180062 -21.09197113757125, -69.53505181030145 -21.00748549248907, -69.56526044502542 -20.768973023727547, -69.3612669059446 -20.615347135892154, -69.39153112422295 -20.376384243748483, -69.6255550314696 -20.290646902043132, -69.65564111586177 -20.05084800813238, -69.88984639334319 -19.96417810053813, -69.91975306091355 -19.723559898852884, -69.71569119799587 -19.570016093458673, -69.74565532787304 -19.328998340567306, -69.97944460691932 -19.241120951655507, -70.00922961825744 -18.99931575370855, -69.80546209491335 -18.845798030035734, -69.83530486367336 -18.603631228559344, -70.06867844916636 -18.514573383494753, -70.09834240108385 -18.271652237844567)), ((-71.63610760953976 -12.710320150204023, -71.83961709127244 -12.86167432109754, -71.81145273979274 -13.111565366691892, -71.57952953203493 -13.209689476959204, -71.37630571594879 -13.058110670225059, -71.14502762870774 -13.155744774673371, -71.11643491877116 -13.404757858680957, -70.88527779423342 -13.501694907406842, -70.68326218412538 -13.34982671133154, -70.452788887668 -13.446267534860496, -70.423779236246 -13.694357277710164, -70.1934517784187 -13.790075868986445, -69.99269590785802 -13.63793198463719, -69.76308996804889 -13.733149094476822, -69.73367504265676 -13.980271658096218, -69.504239414524 -14.074742622461615, -69.304793131853 -13.922337412024412, -69.07611564209792 -14.01630259908811, -69.0463073364458 -14.26241573072193, -68.81782419134687 -14.355612140320513, -68.78784821389232 -14.601158452407317, -68.55956865938167 -14.69357051909222, -68.52942627666617 -14.93852898708039, -68.72777834515638 -15.091551790527824, -68.697684332265 -15.336381149430537, -68.46902338210077 -15.427708889774307, -68.43876274948617 -15.671912863868185, -68.21031869476556 -15.762417368398129, -68.17989274322633 -16.00597592197845, -67.95167481366384 -16.095643130649307, -67.9210848633912 -16.338536641136724, -67.69310225444704 -16.427352957930832, -67.49632025918874 -16.273586946875387, -67.26919626227695 -16.36185957624208, -67.07348336534 -16.208047416828737, -66.84723721345648 -16.295780853005365, -66.81608589712978 -16.53699695941968, -66.59011175204748 -16.623858235353516, -66.39591481369196 -16.469840559849025, -66.17085050401337 -16.556163553471066, -66.13935557578924 -16.796157879430993, -65.91458534969429 -16.881593262278724, -65.88293929303344 -17.12085977775364, -65.65847184271203 -17.205396272130223, -65.46628960027087 -17.051028293407107, -65.24277545227734 -17.135025439701195, -65.2108030598243 -17.373019860655283, -64.98761296155521 -17.45610474000562, -64.95549534451484 -17.69333578460166, -64.73263774040628 -17.775498354437243, -64.54254888385297 -17.620815720520845, -64.32068569406002 -17.702440074961398, -64.2882592215178 -17.9383530952466, -64.4778596702432 -18.09318050680443, -64.44545610405324 -18.328836637815183, -64.63573551210307 -18.483793088893098, -64.6033558730604 -18.719170072270597, -64.38053079817692 -18.7990594378266, -64.34800895653164 -19.033611546590087, -64.12553765210045 -19.11254423896247, -64.09287514457061 -19.346256870418518, -64.28284664076207 -19.501561331395393, -64.25020606454616 -19.734944891888333, -64.02743153287405 -19.812499791515325, -63.99465032787353 -20.045016234062107, -64.18480582006288 -20.20049463350519, -64.15204604957701 -20.43264716170298, -64.3428911890424 -20.58816533847134, -64.31015388103627 -20.819932757204924, -64.50169004689374 -20.975467945156588, -64.46897624160835 -21.206829228444253, -64.24455921349019 -21.28215562975951, -64.21170175020434 -21.512598120032415, -64.4034280825911 -21.66820651709091, -64.37059362369737 -21.898209775699108, -64.56301598586987 -22.053783410279046, -64.5302055864933 -22.283327045653184, -64.72332532282354 -22.43884327808148, -64.69054005061261 -22.667907110710704, -64.88435846951072 -22.823343330056964, -64.85159940469897 -23.051907404228935, -64.62484748539843 -23.124569552543356, -64.59194008420789 -23.35215639137107, -64.78595875889192 -23.507539469250602, -64.75307706825224 -23.734595930306803, -64.94779947546563 -23.889848405366532, -64.91494459113557 -24.1163552936063, -65.11037200013345 -24.271454882122313, -65.07754503070464 -24.497393263545323, -65.27367867221096 -24.652317768495262, -65.2408807391658 -24.87766898031312, -65.01176708679175 -24.947664829591083, -64.81613280901344 -24.79271217328593, -64.84911131355788 -24.567792547148404, -64.65418586691456 -24.412659734816344, -64.68719067717207 -24.187161558024894, -64.49297275661719 -24.031870621581465, -64.26626027498128 -24.102045516686836, -64.23308354484394 -24.327095420265064, -64.42678972628079 -24.482419361461076, -64.39363660481779 -24.706899327876858, -64.5880527422123 -24.862060020125266, -64.55492431778391 -25.08595168429078, -64.75005178994445 -25.24092726289895, -64.71694916394293 -25.464212537293022, -64.4885434696113 -25.53209263052473, -64.45529093572299 -25.75433201751582, -64.22725276234553 -25.82114937936926, -64.03316090059405 -25.66614357807806, -63.80619537219471 -25.732316642887167, -63.6133504206972 -25.577104208578305, -63.387473491566766 -25.642642827102748, -63.195885131871506 -25.487241098122645, -62.97111209412128 -25.55215518440237, -62.780789388466815 -25.396581403028765, -62.55713487566885 -25.46088092355403, -62.523099475848326 -25.680308535837277, -62.29987004532478 -25.743550688501053, -62.11138489953471 -25.58781745694834, -61.88929924420523 -25.65045748843598, -61.70210388604022 -25.494587116738142, -61.4811749816801 -25.556635226082655, -61.295276319062566 -25.40064461841615, -61.075516498445 -25.462111020054472, -60.8909208551856 -25.306016937995743, -60.672341814692786 -25.36691185210654, -60.48905494005636 -25.210730904949134, -60.2716677468386 -25.271064548095772, -60.08232411784283 -25.15722541778441, -60.11723623935001 -24.940181570044352, -59.92770885553858 -24.825216062920795, -59.702681919856076 -24.927605303147786, -59.51239010579701 -24.811824294918058, -59.2862970582477 -24.91381666156009, -59.09525605481218 -24.79721658238202, -58.86811377261475 -24.898801505148192, -58.676339280806886 -24.78137901596234, -58.448165225387854 -24.882546025066812, -58.25567340333302 -24.764298026239263, -58.026485618090405 -24.865036762242912, -57.833293077424656 -24.74596040215872, -57.60311018476236 -24.846260625861067, -57.40923398641422 -24.726353309450797, -57.1780751840345 -24.826204911814354, -56.98353283339108 -24.705464308995783, -57.02067473394412 -24.484591091840038, -56.825999519275555 -24.3627377824113, -56.86323064394523 -24.14085250597779, -57.09483922180766 -24.041200974992766, -57.13186187481023 -23.818693895820115, -56.93757367453216 -23.695455536350412, -56.97468564518479 -23.471953953448523, -56.7802658180652 -23.347615549789428, -56.817466594195125 -23.12312840788301, -56.62291800782248 -22.997695842490092, -56.660207072827376 -22.772232533397958, -56.465532602826855 -22.645712136287823, -56.5029094357172 -22.419282503113006, -56.30811196549786 -22.29168105754513, -56.34557604093999 -22.064295398512964, -56.150658461440486 -21.935620146354086, -56.188209249800224 -21.70728921828069, -55.99317445923327 -21.577547865033118, -56.03081142662043 -21.348282886406608, -55.835662330215555 -21.217483605881448, -55.60239088242619 -21.31620627493264, -55.40665033560467 -21.18461028013846, -55.444660660908795 -20.954039809570585, -55.248816368349964 -20.821399847514158, -55.01449255955306 -20.919579227071782, -54.8180837565356 -20.786148998028178, -54.85646180105033 -20.55429591709634, -54.65995999092857 -20.419837094495325, -54.69842002863473 -20.187088153115955, -54.50182819242113 -20.051610976927176, -54.5403696462884 -19.817979620412522, -54.34369076957884 -19.681494818362438, -54.382313058779474 -19.446994966776433, -54.18555013148139 -19.30951375644345, -53.94972717598132 -19.40676051902946, -53.752451168561365 -19.26851741460911, -53.79142939395621 -19.032805567388554, -53.59408032658433 -18.8935853064787, -53.63313682110001 -18.657036053859166, -53.435717714078635 -18.516851165854977, -53.474851873385646 -18.279480036126877, -53.277365749772414 -18.13834354441992, -53.31657696608775 -17.900166538713187, -53.11902685141797 -17.758091960433145, -53.15831451356159 -17.519125550401476, -52.96070343557027 -17.3761268956018, -53.00006692902231 -17.136388020532635, -52.802397917366065 -16.992479790807092, -52.841836624324316 -16.751985854147165, -52.64411271030306 -16.607183040665227, -52.68362600974106 -16.365951905952997, -52.48585022601965 -16.22026998690302, -52.24817662440361 -16.31600224783189, -52.04997351932232 -16.169633554715315, -51.81162340062099 -16.265004226104345, -51.61301448486938 -16.11795466885318, -51.65312001762953 -15.875363551125615, -51.45447881790034 -15.727472133916729, -51.49465460095814 -15.4841880044624, -51.29598417900536 -15.335471814564396, -51.336229560369816 -15.091514257327296, -51.1375329769331 -14.941990852922503, -51.17784730193031 -14.697379887345413, -50.97912761645466 -14.547067291755424, -51.019510227790875 -14.301823365131332, -50.82077049814686 -14.15074006040543, -50.861220735971756 -13.90488403960365, -50.66246401817642 -13.753048959468131, -50.70298122014705 -13.506602122036913, -50.5042105680854 -13.354034644204782, -50.544794069430026 -13.107018668853577, -50.78390292775606 -13.012854725874314, -50.82430745727319 -12.765572296061755, -50.62584868498644 -12.612172252033965, -50.66631982193698 -12.364360155086604, -50.46784786222577 -12.21027485520168, -50.50838494430744 -11.961955742873748, -50.30990283419138 -11.807205966443066, -50.350505196766505 -11.558402850851564, -50.15201597053181 -11.403009779259587, -50.192682946691406 -11.153746020632893, -50.43159826069001 -11.060147187568942, -50.47208898327838 -10.810713696387067, -50.27390555625317 -10.654610872538223, -50.31446120976133 -10.404758712475667, -50.116271377939086 -10.248063765707462, -50.156891297976415 -9.997817110250484, -49.95869807816729 -9.840552456441923, -49.99938159816401 -9.589935777093746, -49.80118800385708 -9.432124180540509, -49.84193445512855 -9.181162232118961, -50.08063802774251 -9.088268063470837, -50.12121095595529 -8.83723678670256, -49.92331707469691 -8.678847794075908, -49.96395326049759 -8.427515185818285, -49.76605968073537 -8.268633848261318, -49.806758458003486 -8.017025288249455, -49.608868175165696 -7.857675399191266, -49.64962887575683 -7.605816492445939, -49.888046136314244 -7.513551957538626, -49.92863505453022 -7.261707310572783, -49.73104073228399 -7.1018874242717605, -49.77169190427321 -6.849837467919008, -50.009703093003 -6.757852483420651, -50.05018223121988 -6.505862513483035, -50.28772097857643 -6.413966572384592, -50.484710465508584 -6.573826514245491, -50.721691814385565 -6.481796377230632, -50.761758108310346 -6.230153100741668, -50.565083576182644 -6.070278725262044, -50.60521502810701 -5.818487868670867, -50.40852869598257 -5.6582269544425134, -50.171400232277705 -5.749763816832994, -50.13103079148874 -6.001808053369427, -49.89342649424475 -6.093467393596889, -49.69613067451917 -5.93284344067554, -49.73673431011082 -5.680559827687237, -49.97440053444345 -5.589138564164854, -50.01483287485766 -5.336979950629711, -49.817832512742655 -5.176009317727086, -49.858327096305885 -4.923762739491515, -50.09558824136059 -4.832725041553024, -50.13591128585293 -4.580649016332298, -50.37269942901872 -4.489777664381191, -50.41284973651747 -4.237898259556517, -50.64915539800501 -4.1472153040074415, -50.68913180456212 -3.8955584101273475, -50.924945643066565 -3.8050856852254147, -50.96474701873183 -3.553676998718828, -51.200059832869215 -3.4634361068665385, -51.39548146985089 -3.6243121657757533, -51.630189324448764 -3.534021421864302, -51.66956955468436 -3.283158593878502, -51.90375251183252 -3.193131880437141, -51.942953652123435 -2.9425742000051014, -52.176602998093585 -2.8528324507203133, -52.370940295312735 -3.0133270454211134, -52.60393161748652 -2.9235586158910034, -52.64270068890822 -2.67362877606981, -52.87513572083469 -2.584176379466817, -53.06867593588504 -2.744313673804147, -53.300415890338556 -2.65484661748056, -53.33874545561912 -2.405593985805774, -53.56990731306084 -2.3164732701406234, -53.60805168714482 -2.0676107832040733, -53.83862760447502 -1.9788560749425093, -54.03091349203169 -2.1385956781552857, -54.26074544909018 -2.0498478180865902, -54.29844116050087 -1.8017396507863168, -54.52766663669263 -1.713386759687962, -54.719036799749375 -1.8727561632294631, -54.94748432143214 -1.7844211033370427, -55.13833344105461 -1.94344724815274, -55.36598231783175 -1.855131414167131, -55.40295400303742 -1.608193989926876, -55.62996479337488 -1.5203103753330514, -55.66674518240379 -1.2738476606716032, -55.893111173682854 -1.1864142523763124, -56.082510484975444 -1.3450237450224092, -56.308034526960526 -1.2576288592640121, -56.496856614613364 -1.4158823193907253, -56.72151961600058 -1.3285271641507759, -56.75755849918552 -1.0833558741065747, -56.98154808665396 -0.9964855843422765, -57.01739264231388 -0.7518412479817161, -57.24070287089772 -0.6654725842524973, -57.42795725753564 -0.8232965245682994, -57.65036701914987 -0.7369852341454232, -57.68573725777351 -0.4933112099433119, -57.907451805991286 -0.407525751773572, -57.94262622013437 -0.1644239897086779, -58.16364014799811 -0.0791800766018482, -58.349252241036396 -0.2365629983274125, -58.56932904148846 -0.1513926130995061, -58.60402461144662 0.0906768361093945, -58.82338627185959 0.1752831592361625, -59.00781374768556 0.018309332754063, -59.22621309129832 0.1028343312559284, -59.260426916557975 0.3438352850088349, -59.47809754902026 0.4277747618166284, -59.66130500879609 0.2712164130877164, -59.877989543804546 0.3550672862489925, -60.06049047071727 0.1988900963842168, -60.276174327823355 0.2826518850179792, -60.45795549458708 0.1268652698477027, -60.67262459652602 0.2105374646562555, -60.7057779041114 0.4494732961853381, -60.91969041657518 0.5325271796395042, -60.95264501718141 0.7708010873169657, -61.16579726379682 0.8532238620354029, -61.34571951820942 0.6979073991378709, -61.55782941531885 0.7802283517195179, -61.59029541714811 1.0173237814214915, -61.801634834657676 1.098995781458149, -61.98022380981817 0.944118927889493, -62.19050212391113 1.0256835228914698, -62.36831511341171 0.8712124889645607, -62.577520747380646 0.952669546088987, -62.60920615689545 1.1880391971248896, -62.817626194197345 1.2688256006537535, -62.84911313186343 1.5034786014789845, -63.056744963239396 1.583583576984466, -63.232588725936736 1.4296042895140897, -63.439126032360164 1.509592248861255, -63.47012334579023 1.7429845290554313, -63.67586490084611 1.8222764133788794, -63.706664467533244 2.054920708021731, -63.911608132951926 2.133506835458374, -64.08544085121494 1.9800331976177261, -64.05493268694993 1.7479258425678323, -64.23216502655578 1.6186161384687778, -64.44034130209982 1.7219010300037927, -64.47070704782294 1.954602052449621, -64.67919009964317 2.05817951293304, -64.70943105116959 2.2906758255114883, -64.91821403253415 2.3945268526542463, -65.09732591615318 2.2657908988691178, -65.30696969457799 2.369815787896135, -65.3369326760611 2.602657064285458, -65.54685923944427 2.706927069531427, -65.72738609437069 2.5782810312068687, -65.9381493856202 2.682712083786482, -66.11966591767774 2.553669618243699, -66.33125166030656 2.658258179565682, -66.51374795829484 2.5288238119177633, -66.72614141766331 2.633566297502102, -66.75548401643026 2.8677951513085427, -66.96812073719327 2.972733894564057, -67.15196295865042 2.84339747529016, -67.36538092387069 2.948476387186077, -67.55017276922041 2.818755423790182, -67.76435610859336 2.923970679041113, -67.79320555138958 3.1589361242816, -68.00760177854166 3.264306947874626, -68.19368356636306 3.13468877125103, -68.40881703402621 3.240181502384423, -68.59581546483338 3.110186357333363, -68.81166919285204 3.21579694914263, -68.83999643933016 3.4514088203029036, -69.05603142440668 3.557133106043956, -69.24425959074644 3.427245024984653, -69.46098510245082 3.5330721139301593, -69.65009413224219 3.4028148633138318, -69.86749211546083 3.508740509701639, -70.05746828712333 3.378119476799086, -70.27552026072705 3.4841394065842852, -70.46634941459155 3.353160143071386, -70.68503647703925 3.4592700556586577, -70.87670401804895 3.327938277271988, -71.09600685355527 3.4341338472707776, -71.28849775449268 3.302455433287019, -71.50839663976183 3.4087323122870417, -71.70169544500789 3.2767133048225645, -71.92217025653477 3.383067123187033, -72.11626108636537 3.2507137263142107, -72.33729130830417 3.3571400949881487, -72.36375696803084 3.5958593729279524, -72.58485634216527 3.7022867989802917, -72.77995431123827 3.570061113519904, -73.00157440539152 3.6765446970620035, -73.19741956479855 3.5439940475654432, -73.41953895926984 3.6505292734456165, -73.61611400820463 3.5176602521509173, -73.83871092550409 3.624242595990656, -74.03599816757716 3.4910619524201856, -74.01049415256671 3.250854917364684, -74.2082924349493 3.1169282174616963, -74.43177886113477 3.2236509501406077, -74.63026529262996 3.089430413081697, -74.6050879926739 2.8480514149194316, -74.8040781395838 2.713111426694514, -74.77897762390813 2.4709213101028227, -74.97847007058412 2.335278075426465, -74.95344745685122 2.092294622586333, -75.15344073706947 1.9559648224075048, -75.37861362058513 2.063042730889941, -75.57925717351915 1.9264615131441336, -75.8048052907785 2.033605287675292, -76.0060794169998 1.8967807862174972, -75.98166857118714 1.6523998142057215, -76.18342855597905 1.5149306997950933, -76.40972505522167 1.6222533278654414, -76.61208851062842 1.484561925870106, -76.5880370647483 1.2391449378701866, -76.79087742360258 1.1008401173716356, -76.76691411756057 0.854699141023087, -76.97022942102507 0.7157998175322842, -77.19760956084954 0.8234367245072045, -77.40149287416479 0.6843504227496076, -77.37790194734575 0.4372402672339354, -77.58225059714334 0.2975925695657111, -77.55875235960492 0.0498042588509923, -77.76356416673148 -0.0903847815671853, -77.74015977199981 -0.3388300450611227, -77.94543250264613 -0.4795399533035101, -77.92212310790718 -0.7286205485645607, -78.12785447326753 -0.8698304373160402, -78.10464123923927 -1.119524334769975, -78.31082889517923 -1.2612129143384165, -78.28771298598053 -1.5114976865070302, -78.0581141072264 -1.6198567621501967, -78.03480007901221 -1.8704771124554052, -78.24138059390962 -2.0129721201484068, -78.21816398026434 -2.2641433736476846, -78.42520180678076 -2.4070663222599467, -78.40208378351034 -2.6587650754066403, -78.60957646695196 -2.802093389032649, -78.58655821308015 -3.0542958846405233, -78.79450324197549 -3.198006636074441, -78.77158593960358 -3.450688776719531, -78.97998074540025 -3.594758700756372, -78.95716557956382 -3.8478960627401553, -78.72565048623204 -3.9567490933665956, -78.70263220200037 -4.210107890082473, -78.91143452147685 -4.354823968671731, -78.88851849549474 -4.608594958215025, -78.65649418422325 -4.717433927097506, -78.6333743165308 -4.97138148920771, -78.8425851141689 -5.116701763158211, -78.81956762416773 -5.371017744402452, -79.02923250274699 -5.516609738627486, -79.00631859598374 -5.771268538513886, -78.7734307076821 -5.880124967938449, -78.56381047013632 -5.734243349980364, -78.5870325270213 -5.479796169353152, -78.37787250509552 -5.334178311193909, -78.1455489086277 -5.44271404008848, -77.93691717161185 -5.297081743509174, -77.70483219869712 -5.405371356028562, -77.68100530140431 -5.6593505668437025, -77.4488005386563 -5.767439522726833, -77.42477258455575 -6.021507080489503, -77.19245720504244 -6.129371545738038, -77.16822868535728 -6.3835006437441715, -77.37661175659433 -6.5300237411674145, -77.35247874697265 -6.784452718532764, -77.11966606249493 -6.89209457625292, -77.09533182332918 -7.146539230791571, -77.30410719593412 -7.293601449831931, -77.27986851786625 -7.548300925296482, -77.04655714845502 -7.65567329002881, -77.02211657587522 -7.910342383598776, -76.7887082975065 -8.017397201045393, -76.76406636943894 -8.272009021751941, -76.53057058488983 -8.378722849759658, -76.50572786712198 -8.633250568786162, -76.27215402159719 -8.739600129866282, -76.24711110665959 -8.994016999433248, -76.45593431951596 -9.14236708081674, -76.43098335159273 -9.396935489296242, -76.19691653236664 -9.50286586653032, -75.9882261927715 -9.354258570521338, -75.75452471981764 -9.459810512024937, -75.72908329493629 -9.713925856892644, -75.4953323294983 -9.819044862290985, -75.46969264512715 -10.072969786782053, -75.67809047088916 -10.222080196422883, -75.65253893340281 -10.476098916875348, -75.41830270498005 -10.580697813430147, -75.39255231087341 -10.83448070140541, -75.15827888955114 -10.938591130648826, -75.13233035006972 -11.192112176390983, -74.89802942776144 -11.295712260519473, -74.87188348081368 -11.548945655495348, -74.63756477807401 -11.652013805552805, -74.42985922306006 -11.501944803705442, -74.19600528481268 -11.604567688458824, -74.16938531722273 -11.857150639559364, -74.37689545182765 -12.007448890227716, -74.35035700985203 -12.260030447199796, -74.1160320107765 -12.361971192016329, -74.0892985340585 -12.614189047233582, -73.85498506459867 -12.715534971489678, -73.64789257141886 -12.564791244266535, -73.67489902234783 -12.312923089342764, -73.46837557333495 -12.162287697458352, -73.23507183372936 -12.263297174043464, -73.20779732818735 -12.514802095220956, -73.41409336301062 -12.665661690921882, -73.3868949807482 -12.9171352935582, -73.1531335529506 -13.01738108205697, -72.94707377883809 -12.866301848567787, -72.7138684133716 -12.966063161971675, -72.50863927613132 -12.814878399734937, -72.53636412675638 -12.564156263462232, -72.3317215402941 -12.413106250376037, -72.3595171861384 -12.16236765565898, -72.15546210009532 -12.011477528215584, -71.92387858534794 -12.111092340989297, -71.89582994817776 -12.361428226503545, -71.66433866095 -12.460401603695464, -71.63610760953976 -12.710320150204023), (-50.75812798802697 -7.646869682368679, -50.79823930789459 -7.395544390474879, -50.60127189512119 -7.236547648049928, -50.641448719193036 -6.98500371779661, -50.44446878505447 -6.825563261311221, -50.20699921162895 -6.917694245993719, -50.16658331159545 -7.1694981478829565, -50.36387512058986 -7.3289120386521445, -50.32352311562836 -7.580503926745741, -50.52080763794631 -7.7394657620122755, -50.75812798802697 -7.646869682368679), (-64.2232885860195 -18.40912633418783, -64.03418327420955 -18.25416061437919, -63.81303409379248 -18.333908847673452, -63.78033075217101 -18.56821434595918, -63.96893427402837 -18.723311887857513, -64.19074432246552 -18.643971821551876, -64.2232885860195 -18.40912633418783)), ((-79.9053332282765 -3.15856384429616, -79.67401474180663 -3.267721155518445, -79.46511915460277 -3.1239439158467537, -79.48752710865367 -2.8713281643639252, -79.2790664371587 -2.7279015556505644, -79.3015786208942 -2.475776780728, -79.53224409400562 -2.3668861897360234, -79.74072498414417 -2.5099878927157873, -79.71852107142466 -2.7623037862926236, -79.92743072207023 -2.9057635369454244, -79.9053332282765 -3.15856384429616)), ((-78.97664021080986 -1.1861583270570053, -78.99925813630671 -0.9360183549279105, -79.22875200654612 -0.8275651345038085, -79.43596008504055 -0.969106882839318, -79.41364518476756 -1.2194486126578743, -79.62128421684426 -1.361423828648549, -79.5990732531283 -1.6123384407231975, -79.36891716774679 -1.7210835262083835, -79.34650392046606 -1.972358412726616, -79.11617084392797 -2.0811143677731714, -78.90858816170058 -1.9384586591357482, -78.93130528876839 -1.687387609614776, -79.16130212077402 -1.5787671341732, -79.18381828802785 -1.3280481479421498, -78.97664021080986 -1.1861583270570053)), ((-78.8356435568343 2.068104162940728, -78.81312041679959 1.822684664020373, -79.01822864794447 1.6843955985835866, -78.99580460373689 1.4382417432843067, -78.76797656250196 1.330589221349426, -78.74535572128745 1.0839295722836229, -78.9508590592605 0.9447128397353062, -79.17902124349442 1.0525335370495972, -79.38499135968551 0.9131620569515201, -79.36276890398288 0.6656008068962748, -79.13427628004885 0.557612476114256, -79.11185500564707 0.3095761853774296, -79.31822679774368 0.1693297578414888, -79.29590701890174 -0.0793629208167536, -79.50270913293558 -0.2200928561872016, -79.4804919943107 -0.4694200769511143, -79.25116968790022 -0.5778191700727161, -79.04439524144505 -0.4367328599180306, -79.06691455071866 -0.1876051575620467, -78.86057635919373 -0.0469958748257103, -78.88319614568469 0.2014914666447293, -78.67729677666806 0.3416025251370545, -78.70001589227586 0.5894278156019305, -78.49455785829605 0.7290198559359885, -78.26643330940519 0.6211593574578789, -78.06147832746655 0.7605921191172366, -78.0845877120625 1.0075039663250398, -77.88008461163767 1.1463832674711851, -77.90328884234133 1.39258576055859, -77.69923991667075 1.5308918950424637, -77.47206453377828 1.4233849523335975, -77.26855628487185 1.5614949823161783, -77.29213820269788 1.8067143640373073, -77.5189453407067 1.9140784943721703, -77.54233584398345 2.1588020151819993, -77.33920193163846 2.2959044496541128, -77.36268386847323 2.539859255741851, -77.16001068756826 2.6763320510113533, -77.18358292774091 2.9194992705617153, -76.98137255726996 3.0553245074852367, -77.0050339744083 3.297685736861436, -77.23062781752287 3.404481686346244, -77.25410059147325 3.646281832907734, -77.05225717718022 3.7810244571218665, -77.07581908656117 4.021987201908244, -77.30094710736779 4.128463092939204, -77.32432097287189 4.368829731664498, -77.12284382971701 4.502463318077022, -77.14630678646873 4.741962525021487, -77.37097022692114 4.84807957364534, -77.5725347082108 4.714868488635401, -77.54934934493228 4.475119158982294, -77.75136465652551 4.341212607930663, -77.72827054847208 4.100599800107349, -77.5028804418748 3.9941384034509846, -77.47959677875087 3.752921175239483, -77.68198421837774 3.617921993125758, -77.65879187244104 3.3758715023755177, -77.86163127877793 3.240214907739861, -77.83853136839271 2.9973489620038807, -78.04182055052617 2.8610525001128027, -78.26827612196826 2.9680272079117995, -78.47207281981123 2.8315076659566016, -78.44935487206622 2.5876159570601156, -78.65359117013202 2.4504877035078603, -78.6309700631572 2.20582240531357, -78.8356435568343 2.068104162940728)), ((-75.30238328082115 3.409704502432907, -75.27764481114184 3.1685020597201556, -75.47745112328552 3.0337158876156045, -75.45279287489976 2.7916918217062916, -75.22806570999674 2.684769330458329, -75.02841238341648 2.819984444244887, -75.0533322045898 3.0616919793186526, -74.85417630645512 3.1961990564463703, -74.87917407897257 3.4370814818733715, -75.10306948077049 3.5437779705581156, -75.30238328082115 3.409704502432907)), ((-70.00049636332103 -22.652549936171052, -70.23733208220897 -22.569272029624873, -70.44460411095376 -22.7218655978076, -70.41469267539178 -22.957800040373545, -70.62261952576767 -23.11011569658723, -70.59277146329273 -23.345471252329002, -70.35474529383623 -23.428161330048695, -70.14716304586058 -23.275787266751887, -70.17726089186915 -23.040782569466867, -69.97033807870076 -22.888125024875713, -70.00049636332103 -22.652549936171052)))",Common Thin-toed Frog
128,22951,22923,Leptodactylus melanonotus,species,20978,Amphibia,2.32,"MULTIPOLYGON (((-90.71229705197426 20.4919866110234, -90.71173136111526 20.24600019098601, -90.93068182146638 20.11694831770886, -90.92968522165569 19.871015047557886, -91.14819103943142 19.741348977562026, -91.14676701214799 19.495493852146264, -91.36482372917165 19.365236234859704, -91.36297576110466 19.119484258499973, -91.58057902208725 18.988657941460513, -91.80085869920518 19.103364236343985, -92.01882433859718 18.971760879443003, -92.24032543202823 19.086142012049645, -92.45862898629626 18.95376396757558, -92.68133258368414 19.06780850058811, -92.89994920288486 18.934658466645875, -92.89506217243998 18.68771693904036, -93.11317919653935 18.554059752062937, -93.33696944122941 18.667083716947914, -93.55536042595362 18.532671070763715, -93.78029673942758 18.645340397842514, -93.99893616116773 18.51017601410332, -94.2249975890033 18.622479888795993, -94.44385959071273 18.48656784629608, -94.67102456166894 18.59849559445641, -94.67947519166535 18.846992163542186, -94.90788516017957 18.95918627342203, -95.1276817960774 18.822229215994128, -95.35716741780637 18.93402073047174, -95.57712069387547 18.79631540392178, -95.80765867284252 18.90769385937253, -95.81843515493708 19.157416912146353, -96.05020989622146 19.26900694125663, -96.06151164174833 19.519246315754305, -96.29452669872512 19.631024707610365, -96.30636067747028 19.881756847763775, -96.54061944653161 19.99369998782867, -96.5529926803223 20.244900959183084, -96.78849839495815 20.356984840468517, -96.80141795650141 20.608630342090756, -97.03817368126653 20.720830576975693, -97.05164669291239 20.972895953935783, -97.28965531727985 21.0851877866232, -97.30368894970677 21.33764804303663, -97.07875738601352 21.477531013667473, -97.09239573665407 21.730081350174544, -97.3319282687028 21.843029951294756, -97.3461346563888 22.095932109403833, -97.58693716032754 22.20891384186382, -97.60171893091103 22.462142064572834, -97.37472266233647 22.602109852203913, -97.38910499896257 22.85536575491665, -97.63146536226645 22.968927987965003, -97.64643077483571 23.22246588879133, -97.41804815749576 23.3621622215883, -97.43260971554571 23.615682956015682, -97.6765478963966 23.729781897751014, -97.69170037583488 23.983540078686676, -97.46191465231693 24.12291970842468, -97.47665878550993 24.376615790783777, -97.24617602543431 24.51536211405595, -97.26050697540838 24.768969398158955, -97.50633229114489 24.884113436348937, -97.52126243695831 25.137894999861246, -97.28934947237728 25.276244619180325, -97.30386177590464 25.52989258082523, -97.07124419899993 25.667548876939712, -97.08533370462055 25.921036791080017, -97.33307040812672 26.037159255288216, -97.56643115448124 25.899250554386924, -97.55131147219477 25.645473569584638, -97.78395488801591 25.50686172249572, -98.03244256850277 25.62176594240598, -98.26507857413186 25.4822034550461, -98.2485142322792 25.228011019367663, -98.00034138193257 25.113642865995736, -97.98439160487207 24.85958876709324, -98.21559340699908 24.719645761643108, -98.19923606133474 24.465493072883408, -98.42971383310166 24.32492255924867, -98.67723579487533 24.438214719188387, -98.9076622647538 24.29674086467431, -99.15613048667669 24.409366580449667, -99.174521286587 24.663995241250607, -99.42427275082048 24.776466664810034, -99.65526467840463 24.633784513375158, -99.63585556147724 24.37894428550873, -99.38647288733583 24.266995880870795, -99.36769084391395 24.012312634752824, -99.11957812740387 23.90021881333364, -99.10141562490156 23.64571994241528, -98.85457184689248 23.533508114022062, -98.83702138536839 23.27922081051619, -99.06531564506989 23.136922717906334, -99.0473772474422 22.88264451254434, -99.27494025986263 22.739822844484838, -99.25661876213807 22.485580801790825, -99.48344901567745 22.342261972696168, -99.46474922385924 22.08808317707091, -99.690845319847 21.944293736936267, -99.67177200940414 21.690205273917208, -99.42757845306564 21.580107011800987, -99.20210317288733 21.723547162543912, -98.9587831089553 21.612858593496338, -98.94128074544392 21.35929220238197, -98.6991880586778 21.248591485130763, -98.68227371208981 20.995370670587306, -98.44140707761609 20.884683728247417, -98.42507366075587 20.631834346475543, -98.18543154386458 20.52118679085466, -98.1696720050312 20.268734384258035, -97.93125266757177 20.158151500950407, -97.91605999227797 19.906121283719678, -97.67886149896367 19.795628017795615, -97.45657866788824 19.936566644275658, -97.22033365480898 19.825579957145113, -96.99808002689096 19.965758294792714, -96.76281510843538 19.854288238835764, -96.75005076070249 19.603256063259398, -96.97161882766356 19.463408467924015, -96.95846763864293 19.212571359222956, -97.17940573300037 19.072313600780706, -97.16587195759395 18.82169774976489, -96.93232250622764 18.711619399427917, -96.91932794006374 18.46152304314379, -96.68698974311738 18.351630420654924, -96.67452758072412 18.10207693525273, -96.89349326924595 17.962135380580392, -96.88065255639906 17.71286221381989, -96.64975093590533 17.603814383062243, -96.4314612902225 17.743405448875645, -96.20153695158747 17.633953017677165, -96.19011936490436 17.385553780299922, -95.96139731311362 17.27635497639442, -95.95049199353825 17.02856627973488, -96.16741865582544 16.889676569949266, -96.15613500837205 16.642216041490737, -95.92880938281482 16.533947594699207, -95.91803159316785 16.28713480553849, -96.13369983025886 16.14829422055295, -96.36082159663064 16.255907863139456, -96.57658176691535 16.116420992452564, -96.80466220830469 16.223673695099453, -96.81720326644802 16.471060009066054, -97.04645532147798 16.578585099129654, -97.26293022791987 16.43808013517274, -97.49310955699559 16.545220413152016, -97.50706138849878 16.79349945288186, -97.73840686012208 16.900875047802575, -97.7528904924967 17.149761392224097, -97.9854042216515 17.257350063582088, -98.20316045550665 17.115428609473945, -98.43655933865901 17.222592680467493, -98.65428403168166 17.08001956526594, -98.88854197459175 17.18675062081695, -98.905377292734 17.436660408551155, -98.6870471354972 17.579629926496008, -98.45248731548025 17.472291372561997, -98.23411010041922 17.61460029402533, -98.00042617003557 17.506821200936727, -97.78202963931074 17.64846161885585, -97.79668583122641 17.898257620724102, -98.030648855243 18.006652036616725, -98.0458502985403 18.256993622674166, -97.8261731657573 18.398696199905498, -97.84100500195167 18.64932050378127, -98.07643517359834 18.758483368560267, -98.29674971354852 18.616411843619872, -98.53308056419422 18.725102997793893, -98.75335688441074 18.582327895278684, -98.99056128450778 18.690538339938765, -99.00780236044578 18.942115240907075, -99.24618291206443 19.05042155994036, -99.46699225410906 18.906563745917378, -99.70620801396024 19.014363953822116, -99.92690507987842 18.869809860947303, -100.1669274610399 18.977095460622287, -100.18661213543284 19.22950234709565, -100.42778894776009 19.33682566860269, -100.44806316817073 19.58965778712641, -100.69039443154017 19.696993648289162, -100.91206227750143 19.55094329953949, -101.15514650605526 19.65772267233559, -101.37660809387077 19.51097694433218, -101.35445107366156 19.257866633403783, -101.57516022259104 19.110856624264304, -101.81854322461672 19.21653771914185, -101.84164040807208 19.469760766100407, -102.08613885185737 19.575403880689578, -102.30709862840612 19.427297507901432, -102.55225757370197 19.532361477948, -102.57690970252887 19.786045190600955, -102.35545997963999 19.93458055174149, -102.10984749470363 19.82900121356441, -101.8881131319616 19.97685325904498, -101.91148977744747 20.230703111715886, -102.15755115724338 20.336798358650945, -102.1815473156442 20.59097841010866, -102.4287339017544 20.696974552621374, -102.65146201728247 20.548282010988924, -102.8992973946031 20.653655389729785, -102.92487866018236 20.908216502176902, -103.17382238032239 21.013447231730183, -103.20004060164318 21.268275648782296, -103.45009024713032 21.37333700169746, -103.6734154610765 21.223090610546663, -103.92404964361889 21.327488275403947, -103.95187640238885 21.58259771512405, -103.72810467659201 21.733270383927024, -103.75561590460967 21.988550981611137, -104.00786906799568 22.093192666102254, -104.03603632850874 22.348657702609945, -104.28938652978195 22.453048776514372, -104.31821615853184 22.708670222976064, -104.57265987089819 22.81278332202643, -104.79771323848419 22.660836209722156, -105.05267313929131 22.76421760147673, -105.08315197368013 23.019970346497065, -105.33918339449616 23.123029341700388, -105.37034071513419 23.378872241098797, -105.62743909874045 23.481581326332776, -105.65928104248076 23.737485829163095, -105.9174415252624 23.839817435974357, -105.94997419832531 24.09575488423235, -106.20919160479409 24.19768141010289, -106.24242107944703 24.4536230585065, -106.5026899168156 24.55511688801487, -106.53662222797553 24.81103392394382, -106.7979366807907 24.91206745008067, -106.8325778225495 25.16793101364044, -107.09493174739258 25.268476659242072, -107.13028766946665 25.524257863416818, -107.39367458972869 25.624288102679724, -107.4297511938336 25.879958053538672, -107.69416429457436 25.979445433577872, -107.73096743072585 26.234975250499193, -107.99639955362464 26.333892412912913, -108.03393501636745 26.58925324878944, -107.8050317880268 26.74579458814233, -107.84229485131036 27.00106325603042, -108.1094737164548 27.09968697237771, -108.3386521793408 26.94273601258376, -108.60609947343998 27.0404311500733, -108.64511673183742 27.295367717267194, -108.41567675833974 27.452726660005776, -108.45442973273839 27.707533517395436, -108.72363859662084 27.804858005288896, -108.76314516196922 28.0593910774909, -109.03335648106548 28.156025654593716, -109.07362230211069 28.41025651467071, -109.34482721950464 28.506174587014563, -109.38585788665823 28.76007495213165, -109.15466021899368 28.918195961992435, -109.1954343593981 29.1718842126968, -108.96317418358385 29.329525710028687, -109.00368632559471 29.582975332178854, -109.27749817502242 29.67864724256123, -109.50998474489366 29.520618342396197, -109.78397679553004 29.615260485905928, -109.82630649582485 29.868167239517692, -110.10127943000249 29.962002952374984, -110.33307576702217 29.802705615348117, -110.60815891842947 29.895496610756897, -110.65230323787534 30.147795715045635, -110.92832997418972 30.23974107323268, -110.97326582640996 30.491571090923777, -111.25022497117602 30.58264589176976, -111.48135206772851 30.421701399083616, -111.75832273990896 30.511705390353608, -111.98842746035093 30.349906488762485, -112.26536565728591 30.438841175067907, -112.31312099094308 30.68973451176484, -112.59092339291124 30.777749410621656, -112.82002670856303 30.614721731714575, -112.77127784593479 30.36407442698942, -112.49441583356786 30.2762069353306, -112.4464608901717 30.025036204219184, -112.67438190487307 29.86198532042344, -112.62623249269265 29.61056307938491, -112.3511428648032 29.521944677717602, -112.3037774837266 29.27004361638119, -112.53052501386144 29.10701253421917, -112.48296466372874 28.8549041102172, -112.2096282995519 28.76558061938441, -111.98294756397033 28.92820045412217, -111.7095607887172 28.83786233479296, -111.66375044595135 28.585085245504047, -111.39123291140673 28.4939240298079, -111.34619335850893 28.240750214959014, -111.07455644049155 28.148790844909335, -111.03028305338232 27.895248121612866, -110.75953775559246 27.802515840650354, -110.71602581198489 27.548632221667628, -110.44618276882557 27.455152555114186, -110.40342745235077 27.200956230069586, -110.13449693194693 27.10675496523149, -110.09249333624128 26.85227428152537, -109.82448524364773 26.757377447478838, -109.78322837639823 26.502640890930913, -109.51615225698666 26.407074738023997, -109.47563704393183 26.15211091327963, -109.70121897627726 25.99288004619574, -109.6604644758729 25.737876624377634, -109.39510146346072 25.64194318305298, -109.355079164399 25.386760195222276, -109.09065135858972 25.2902224157242, -109.0513561567574 25.034888674390483, -108.7878721269543 24.937773283757146, -108.56294305588827 25.095694255350498, -108.29968321705965 24.997717025564338, -108.2620823764792 24.742131854778577, -108.48676682264393 24.584651503709733, -108.44891022213974 24.32910286160521, -108.18733809624383 24.230912927528394, -107.96291132198662 24.387950812643606, -107.70160781986012 24.288929757235802, -107.66543187489557 24.03320716220994, -107.40511741029948 23.93370497102453, -107.36964563054539 23.677956987509198, -107.11032701178897 23.57800092091119, -107.07555380517641 23.322256381634446, -106.81723751792752 23.221873729964308, -106.78315724401139 22.96616140516104, -106.52584945598086 22.865379467403407, -106.49245642936229 22.60972804476713, -106.23616299507177 22.50857410734105, -106.20345148875336 22.25301217212606, -105.94817795437886 22.151513487833313, -105.91614220305145 21.896069503141874, -105.66189381133515 21.794253270309305, -105.6305280145954 21.53895555759819, -105.37730970981843 21.43684889944936, -105.34660803531625 21.181725619289246, -105.56817326208281 21.02873890270575, -105.82080445326203 21.130422195902824, -105.8524562045963 21.3855135669857, -106.10610391845793 21.486917114876952, -106.13842271999889 21.742173338413657, -106.39308189181074 21.84327015779594, -106.42607343437807 22.09866301108926, -106.68173870367491 22.199426037023674, -106.90377999916909 22.044404208113313, -106.86983799102308 21.789080789406775, -107.09097062449408 21.6338662818058, -107.05676133034409 21.37874782806106, -106.80236033200727 21.27876389921559, -106.58153681320515 21.433511321955457, -106.32749482560206 21.332815485600445, -106.29489776319615 21.0777742645094, -106.0418536769076 20.97678252740929, -106.00992073246732 20.721924656721413, -106.2300927762422 20.56811530502782, -106.19788334740718 20.313517960921228, -105.94643547761567 20.212678725972662, -105.91488169650641 19.95831093437939, -105.66442860052148 19.85723989166592, -105.6335249226092 19.603129238487572, -105.38407132707422 19.501852827618436, -105.3538121777434 19.248026668222934, -105.10536253296345 19.14657117527716, -105.07574231036607 18.89305661685431, -104.82830079501316 18.791448155573995, -104.60993956517635 18.942893600713457, -104.36298176707967 18.84068558727029, -104.33491456163594 18.587506653208035, -104.08898504689049 18.485187653248097, -103.87061155757094 18.63556640557115, -103.62521402949754 18.53266939788469, -103.5986904305876 18.279888358306813, -103.35433988964199 18.17692217507862, -103.32843097379099 17.924550071481285, -103.08513004681409 17.821540094026997, -102.86726792668506 17.970392067379237, -102.62456040876424 17.86684228635938, -102.60017425641692 17.614963674580764, -102.35853297709986 17.511411294994453, -102.1408362285351 17.659208631459844, -101.89983280264373 17.55513889448541, -101.87695678037423 17.30381332968612, -101.63703478093359 17.19978177978183, -101.41957552723052 17.346528899628595, -101.18033423795167 17.242002734760007, -101.15895443460896 16.991288566608418, -100.92080833208071 16.886840876035834, -100.70365690560097 17.032543212898737, -100.46623274068305 16.927623868781755, -100.44633403206342 16.67757814569453, -100.21001740037002 16.572776980153453, -99.99324225250989 16.71744091248185, -99.75768712190833 16.6121911980727, -99.73925323715504 16.36286957802864, -99.50481659036461 16.2577770832158, -99.2884842111319 16.40140986494974, -99.05484693710821 16.295891995393692, -98.83843192620637 16.438915697470332, -98.60562051972452 16.33298015154726, -98.5895261599604 16.084636006585622, -98.35785247778516 15.978911455959917, -98.14198710869306 16.120912171411344, -97.9111745378568 16.01479328994978, -97.89650222513474 15.767302908974868, -97.66683479389236 15.661432270523628, -97.4515803938252 15.802419352605067, -97.22280757091836 15.696177623993679, -97.20953732253759 15.44959136763275, -96.9819157454893 15.34363422203554, -96.76733145107029 15.483617656471997, -96.54063622786569 15.377312491737673, -96.3261191890515 15.516681527211452, -96.10037352294442 15.410036626178988, -95.88594933649199 15.548784314821264, -95.66117592505852 15.441808118038878, -95.4468699710151 15.579927831907233, -95.45665550304378 15.825382521942972, -95.24179761364786 15.963219221972937, -95.01785031793509 15.85524829561559, -94.80314840189679 15.992435440382248, -94.58023309395091 15.884145035574369, -94.36571214192955 16.020676891779253, -94.1438498593098 15.912076128911728, -94.13664416340706 15.667627884620588, -93.91597624401874 15.559413797925856, -93.70239212966564 15.694961716697021, -93.48280198957211 15.586460634198609, -93.4769069422829 15.343105817220877, -93.25851061671777 15.235024231361107, -93.25306786276924 14.992417073514583, -93.03586042933952 14.884773206451962, -93.0308636893871 14.642932013690245, -92.81484013079739 14.535743601188626, -92.60373229348768 14.669691734482429, -92.38881578415916 14.562265799658395, -92.38507762772072 14.321603407180312, -92.17134264768963 14.214663024972067, -92.16803097267183 13.974805292576471, -91.95547208278867 13.868366933011101, -91.74617439854028 14.001069697428226, -91.53474450362279 13.894427755705749, -91.53265256871212 13.65580601256289, -91.32239510608667 13.549694178528066, -91.11420088886358 13.681480319519638, -90.90508997194351 13.575185421543724, -90.6972624027697 13.706357841878715, -90.4893131709486 13.599888339495063, -90.28187283125682 13.730443311697204, -90.07509986736974 13.62380770790928, -90.07575814746058 13.387352861201501, -89.87015426101266 13.281296924601817, -89.66391177183226 13.410959788066233, -89.45949820328767 13.30475736687196, -89.25369023968972 13.433805158828385, -89.05048006788809 13.327464626075864, -89.05303528705514 13.09281979848733, -88.8509869911628 12.987094112587243, -88.6464358798421 13.115269760993298, -88.44560258814899 13.009424737682785, -88.24153017970508 13.13698857373559, -88.04192349990377 13.031032413639926, -88.04631481575053 12.79826223179487, -87.84786058065261 12.692953617543237, -87.85259081106419 12.461079333968181, -87.6347731973431 12.368692116737533, -87.4323053875835 12.49546214119769, -87.21416883995754 12.40274733056502, -87.1983990407011 12.182887356396389, -86.97985434592654 12.08947607252534, -86.96388909871538 11.868566891493124, -86.74494221394758 11.774470079355812, -86.72878110969586 11.552521270546308, -86.50943808236208 11.45775030122014, -86.49308073060043 11.234771912343417, -86.2733476979747 11.139338583558645, -86.25679372712553 10.915341133854835, -86.03667691586494 10.819257670083674, -86.01992597351408 10.594252152798019, -86.22361153154544 10.465326391043005, -86.20698320128935 10.239317095060692, -85.98634898092158 10.142239088453934, -85.96952282412268 9.915239861120684, -85.74851099893561 9.817541445291264, -85.73148668481063 9.589564560910153, -85.51010371577809 9.491259443323882, -85.49288093345216 9.262317656893249, -85.27113336987175 9.16341996853649, -85.06676872731032 9.293810148744157, -85.08431068724902 9.522728462676952, -84.88023124415605 9.652477844493616, -84.65846284220056 9.553679451071172, -84.64060356351592 9.324795817415474, -84.41849723050548 9.225424834644837, -84.21443258977258 9.355269667501556, -83.99218372636909 9.255666816821265, -83.97381149832798 9.025895001873899, -84.17800249946623 8.895672526789314, -84.15974692955713 8.664922770582013, -83.93698539915844 8.564451906430635, -83.9185314146336 8.332790575364173, -83.69545278295487 8.231793232821225, -83.49103059788375 8.362774381990208, -83.26785057297272 8.261576863222524, -83.24888471629234 8.029089674220302, -83.02540860903942 7.9273927913658975, -82.82111857150082 8.058487541663185, -82.59757998160154 7.956605176458941, -82.5781057390336 7.723332514727907, -82.35429243746867 7.620978740344032, -82.33462075622155 7.386854296812981, -82.1105401914741 7.284046410333024, -82.09067106538185 7.0490867981746606, -81.86633075921587 6.945842465774291, -81.6621109068572 7.077836860054168, -81.4377758245643 6.9744452477379975, -81.23387817794536 7.106169909275891, -81.00957344312313 7.002635188267926, -80.80602028707777 7.134082331287637, -80.58177094920417 7.0304087512615965, -80.37858439254498 7.161570731338016, -80.15441541044284 7.0577626186829825, -79.95161737181398 7.188631936206841, -79.97298934202021 7.42289776913818, -79.77058999186679 7.553052687338337, -79.79206203158598 7.786353170144284, -80.01564141841254 7.889666791002448, -80.03692164434118 8.122158791194947, -79.83491409540606 8.251168151545492, -79.85629423890259 8.482671790835997, -79.65468495484625 8.610934999809169, -79.43170979438231 8.508112483863362, -79.23052191507402 8.63603813220575, -79.25228780230731 8.866362699750018, -79.05150871576392 8.993518142367353, -78.82899658488573 8.890773668673257, -78.80694700929213 8.660637994611026, -78.58428735749185 8.55750171945092, -78.56205023904066 8.326554390387136, -78.33925101091465 8.223044311953252, -78.1390231622804 8.35070690663605, -78.16153938986996 8.581446667335872, -78.38400521333038 8.684732831634188, -78.4063352059499 8.914668693970734, -78.2064773049426 9.041109175568653, -78.22889911086692 9.270021761060386, -78.45090127032931 9.372698200566091, -78.47313746023151 9.60078199467556, -78.69500470698016 9.703054468018074, -78.8949590509046 9.577477273507261, -79.11700133829495 9.67956991197502, -79.13877063371494 9.906996873636787, -79.36065600433194 10.008656953212641, -79.56107936210616 9.883136674599701, -79.78310176115686 9.984601024038685, -79.98393640164622 9.858714593854256, -79.96273844792347 9.630943976043703, -80.16396537843183 9.504280165894155, -80.14286703379648 9.275479605922444, -80.34448366249333 9.14805108037719, -80.5671917382145 9.24983973155584, -80.7691821459266 9.122072181909674, -80.99195868788196 9.223669985356114, -81.19430130915742 9.09557018756001, -81.41712181520595 9.196972942816322, -81.43733509467417 9.42619719920114, -81.65992155829728 9.527117112091808, -81.86254748165896 9.39909489276335, -82.08513926060506 9.4998046868141, -82.10485759618562 9.728246144719337, -82.32719384883262 9.828446042239285, -82.530047366921 9.700498760909491, -82.75235040632013 9.800473924092232, -82.77156963747368 10.028093905690662, -82.99359595277147 10.12753294268216, -83.01262011938567 10.354216278970505, -83.23436251849965 10.453104063585172, -83.25319168580234 10.678837461708277, -83.47464305112008 10.777159265225416, -83.49327730570057 11.001929900286052, -83.7144305950714 11.099671395167798, -83.73287004468925 11.323466910485596, -83.53046407287536 11.449452475478854, -83.54901669709746 11.67219674037777, -83.34692572990805 11.797445425168084, -83.36559057226114 12.019128349159052, -83.16381782658031 12.143627757665946, -82.9432874315113 12.046835034703426, -82.74174961086989 12.170967150813164, -82.76082806328279 12.391496433852408, -82.9811425775441 12.487977906189085, -83.00002898242661 12.707509770241309, -83.22006434166023 12.803381940778122, -83.23875876164207 13.021905770763892, -83.45850800877247 13.117155928928875, -83.47701052719889 13.334661565219884, -83.2760663050958 13.45684359232529, -83.29467953844114 13.673251775036968, -83.09405154215109 13.794648040222768, -83.11277454692141 14.009951148626307, -82.91246588380601 14.130551383103024, -82.6933501709634 14.036239080135266, -82.4932860659177 14.156426215766809, -82.51241491941337 14.370531274133535, -82.73131144925809 14.464536614036101, -82.75025116294299 14.677608507218176, -82.96888005223984 14.770967956971997, -82.98763066599331 14.982998174855446, -83.205985043534 15.075700590967605, -83.22454661749978 15.286681058306835, -83.41146615941929 15.397769520203033, -83.39866545934971 15.627800245935337, -83.19827831189741 15.746095160314177, -83.18507255786739 15.976274968544724, -83.37292411723712 16.088807852719206, -83.57420704929282 15.970421878700586, -83.58674041662007 15.73959434787068, -83.78783450371094 15.620615625561395, -83.97728654639359 15.73236499573265, -83.96543415558024 15.963832180084975, -84.15605608579561 16.076267344861172, -84.35873402806473 15.95649508498479, -84.55073234516877 16.068867047535413, -84.75408582595443 15.948399935229931, -84.94745393887686 16.060699048490633, -84.93728485060285 16.294202309660463, -85.13184152987209 16.40715636609931, -85.33674350569912 16.285869172445942, -85.3461984735997 16.051752774639148, -85.55085683074968 15.929893559948205, -85.74694254334311 16.042017813116022, -85.73820992992562 16.276738060068414, -85.53266715826656 16.398730751395885, -85.52352146049572 16.63361361168684, -85.72064679007758 16.747107069315913, -85.9270771721051 16.62498275562983, -86.12556530499 16.738363262549697, -86.33261563018581 16.615523657846083, -86.53245760684801 16.72878093915583, -86.74011055289749 16.60522569711552, -86.74704094630786 16.368564093584165, -86.95440525525349 16.244452762716232, -87.15571066876312 16.356844102777025, -87.36364703440903 16.232026624138797, -87.5662734391072 16.344275165504282, -87.77476355542845 16.218751977928996, -87.97869998901412 16.33084758742095, -87.97405559579316 16.569195615089946, -87.76470326046272 16.694897422244175, -87.7596444585177 16.93343676319445, -87.54996976496918 17.05859104000566, -87.54449386584945 17.297298410428745, -87.33450175448608 17.42188419423414, -87.3286060847382 17.660736270946963, -87.5334793463124 17.775569819255526, -87.74435212246202 17.650828791256984, -87.9505669467481 17.76548301894448, -87.9458151648201 18.00559530974268, -87.7340595128499 18.130490218803242, -87.72888355478189 18.370717173652316, -87.51679895893933 18.495000507301476, -87.31078355334999 18.378913421303864, -87.09927469993148 18.502432982045892, -87.09288373833265 18.742170396500416, -87.29878762893834 18.858969518256508, -87.29275499992086 19.09935485790842, -87.08002796995248 19.22235311794743, -87.07356287853062 19.462782208253582, -87.28061973846769 19.580799439673964, -87.27451683500534 19.821842268137498, -87.06055756137094 19.94427495532839, -87.05401704434715 20.18532212126851, -86.83974137668375 20.30705037495524, -86.63293579180944 20.187634770592332, -86.419285056929 20.308554180632633, -86.41150628200917 20.548973243476127, -86.61817389578043 20.669082291453762, -86.61074985031725 20.910067301343936, -86.39585793839488 21.030327655656432, -86.38798801635214 21.271246337270718, -86.5958147236524 21.39251800119093, -86.58830330217529 21.63396686103874, -86.79744494036665 21.755693216485444, -87.01423456873867 21.63529034436651, -87.22482875226447 21.75677758300525, -87.44224003042282 21.63552715303319, -87.65427481923649 21.756761723814364, -87.87228676250913 21.634661462245738, -88.0857495066745 21.755629806950203, -88.30434060565831 21.632677729150263, -88.5192179412562 21.7533662935215, -88.7383661680466 21.629560713378908, -88.95464401388007 21.74995595848378, -89.17432682909832 21.62529549770622, -89.39199038422534 21.74538391150756, -89.61218474485258 21.619867508775414, -89.83121848697344 21.739635617898248, -90.05190085499856 21.613262537853167, -90.05264871474408 21.367266299858485, -90.27290531490448 21.240190706031456, -90.4933020045478 21.358957841187305, -90.71400768867446 21.23103573869075, -90.71343520222933 20.984513288949756, -90.49303781728827 20.86641645221768, -90.49290651078753 20.620401851452677, -90.71229705197426 20.4919866110234), (-89.8638451123666 14.703478172413071, -89.86490654761025 14.465456015426508, -90.07311013606406 14.335624378456627, -90.28105090139064 14.443556501888333, -90.48966664129271 14.313082416845258, -90.69879705269928 14.420833931789808, -90.90780437661113 14.289720591953584, -91.11810960063269 14.39728257840502, -91.11942240285782 14.636681418251689, -91.33091484986977 14.74476650036401, -91.54106806669326 14.612729929164347, -91.75371845337723 14.72060426938587, -91.75625234503669 14.961231597483195, -91.97009432596529 15.069600308517192, -92.18135367081463 14.936626206999295, -92.39633506169211 15.044762373207778, -92.40011634764265 15.286581288436603, -92.61629272549546 15.395181850632426, -92.62051179374564 15.637756583096685, -92.40772263081242 15.771321625107504, -92.1914802254056 15.66201530104701, -91.97900269740465 15.794910756869665, -91.76391241461467 15.685354915035914, -91.55176928453935 15.817576981178465, -91.33784825625622 15.707781206074271, -91.12606193232585 15.839326380186574, -90.91332670004937 15.729300325816597, -90.91239752177427 15.488447020647994, -90.70087056343438 15.378920212007303, -90.4902647449555 15.509528112590086, -90.27994039553477 15.399793418812871, -90.0697434303122 15.529727841085752, -89.8606366149485 15.419794839497603, -89.86171016896496 15.18065498606615, -90.07109777179062 15.050969061929532, -90.28021960404395 15.16017564281305, -90.49002414016417 15.02982569101235, -90.48990452201635 14.790529090162066, -90.28077485098449 14.682049742456083, -90.07177109844828 14.812140947651223, -89.8638451123666 14.703478172413071), (-92.21208801945629 17.12222618403572, -92.20862003584918 16.878037822681943, -91.99104171974659 16.76688853575141, -91.9880144929418 16.523393309567414, -91.77166126020995 16.412677098109093, -91.76906835261201 16.169894073736195, -91.98199504910568 16.037396375865356, -92.19829643706159 16.147407984000274, -92.20172432234911 16.390620552953948, -92.41924260381442 16.501069866528294, -92.63326708295992 16.36760449455764, -92.85193237140514 16.47777699022807, -92.85665003393194 16.722109431714106, -93.0765349734251 16.83268700692154, -93.08170857713526 17.077703783607834, -92.86614060789083 17.211737142501175, -92.64617150475453 17.10046854205069, -92.43089730245403 17.233789803401045, -92.21208801945629 17.12222618403572), (-86.547066891785 16.256040074697946, -86.34029250044235 16.37944506574497, -86.14165958219338 16.266798467210947, -86.1496617243464 16.031483923981806, -86.35556034337978 15.908230846279016, -86.55433057099252 16.020141053063043, -86.547066891785 16.256040074697946), (-103.29117616182377 19.846201404034172, -103.31739653859812 20.10028390406231, -103.09579905737324 20.249928151297066, -102.84844282877762 20.145051452524985, -102.82316831504298 19.891028586317884, -103.04430342252552 19.741820776531277, -103.29117616182377 19.846201404034172), (-88.21702181540184 14.54494860781509, -88.01523178887876 14.436248368648297, -88.01972179453597 14.201056339843676, -88.22525209076457 14.074044812383024, -88.4271172718832 14.182002559816226, -88.42337875691486 14.417713368786142, -88.21702181540184 14.54494860781509), (-83.80679087590589 9.614007677459346, -83.60322371493353 9.742890456965497, -83.38106082304266 9.643375734287718, -83.36226179124138 9.414663197600094, -83.56593619498999 9.285395578423739, -83.78830295764034 9.385226956321873, -83.80679087590589 9.614007677459346), (-82.71382757489975 9.343296213656659, -82.69452385982 9.11374777018729, -82.89805630607461 8.98438996089972, -83.12080626268202 9.084972592366116, -83.13980178623508 9.314606748178747, -82.93635615601121 9.44357416479024, -82.71382757489975 9.343296213656659)), ((-110.20747669431317 24.493555374692544, -110.42901605224728 24.333317133061204, -110.69214979423717 24.42757854691362, -110.91282834279214 24.266693025203637, -110.87023605525079 24.012014996939133, -111.08990888232815 23.850970976979944, -111.0471107411283 23.596398330065387, -110.7855581364814 23.502649704167023, -110.74347059200012 23.247983403185668, -110.48275880311614 23.153676779511553, -110.4413775231028 22.89894558091821, -110.18151583464736 22.80410711080912, -110.14083640817945 22.549339767726963, -109.88183378854478 22.453995708033915, -109.66276339328607 22.613128534949066, -109.70252248972736 22.868085094661154, -109.48248461845738 23.02708722553627, -109.2228790535991 22.9306541703804, -109.00207350988501 23.089027562238634, -109.0406678855554 23.344301734173985, -109.30100710110061 23.441041366903832, -109.34030626685443 23.696279752948328, -109.60155460700767 23.792504225835756, -109.64156345516402 24.047677988780663, -109.90371245961262 24.14336068138209, -109.94443581259662 24.39844097554119, -110.20747669431317 24.493555374692544)), ((-77.33061915092408 -0.058077290418739, -77.1263600497256 0.081952526206855, -77.15014363577131 0.3294805490572494, -76.9463554001826 0.4689550165235676, -76.97022942102507 0.7157998175322842, -77.19760956084954 0.8234367245072045, -77.40149287416479 0.6843504227496076, -77.37790194734575 0.4372402672339354, -77.58225059714334 0.2975925695657111, -77.55875235960492 0.0498042588509923, -77.76356416673148 -0.0903847815671853, -77.74015977199981 -0.3388300450611227, -77.51165499928366 -0.4468324451745525, -77.30692715339092 -0.3062675016540184, -77.33061915092408 -0.058077290418739)), ((-79.67401474180663 -3.267721155518445, -79.46511915460277 -3.1239439158467537, -79.48752710865367 -2.8713281643639252, -79.2790664371587 -2.7279015556505644, -79.3015786208942 -2.475776780728, -79.53224409400562 -2.3668861897360234, -79.74072498414417 -2.5099878927157873, -79.71852107142466 -2.7623037862926236, -79.92743072207023 -2.9057635369454244, -79.9053332282765 -3.15856384429616, -79.67401474180663 -3.267721155518445)), ((-78.00769007402394 -4.5360119523550555, -78.03121235954897 -4.282690095116612, -77.82344815370396 -4.138009521576793, -77.84706810799331 -3.885113005811104, -78.07815430949623 -3.776657386729889, -78.10157410733679 -3.5239660019309147, -77.89420531386841 -3.379973875687589, -77.91772269829552 -3.127750550561326, -77.71082053618126 -2.98414925025099, -77.73443431790639 -2.7324181279327813, -77.52800112449917 -2.589230507696459, -77.55171011790522 -2.3380153956668206, -77.34574817377053 -2.1952639552566633, -77.36955119704479 -1.944588311867979, -77.59902585562787 -1.8364080229486526, -77.62263273074012 -1.5860342999602985, -77.41705493542679 -1.4441003122390288, -77.4407557807267 -1.1943062723672984, -77.66974481939407 -1.0861926308969436, -77.6932501628833 -0.8367428195276974, -77.92212310790718 -0.7286205485645607, -78.12785447326753 -0.8698304373160402, -78.10464123923927 -1.119524334769975, -78.31082889517923 -1.2612129143384165, -78.28771298598053 -1.5114976865070302, -78.0581141072264 -1.6198567621501967, -78.03480007901221 -1.8704771124554052, -78.24138059390962 -2.0129721201484068, -78.21816398026434 -2.2641433736476846, -78.42520180678076 -2.4070663222599467, -78.40208378351034 -2.6587650754066403, -78.60957646695196 -2.802093389032649, -78.58655821308015 -3.0542958846405233, -78.3557466700128 -3.1629428284351784, -78.3325274475951 -3.4154028282185975, -78.5404207432235 -3.5594392741357854, -78.5173013945204 -3.8123609736057222, -78.2859873398309 -3.921017143557395, -78.26266632140091 -4.174152123268299, -78.47096113664068 -4.318855987873272, -78.44774009384184 -4.57240979067788, -78.65649418422325 -4.717433927097506, -78.6333743165308 -4.97138148920771, -78.40119584533527 -5.080080847693207, -78.19249860627708 -4.9347512707176096, -78.215922021615 -4.681029003649356, -78.00769007402394 -4.5360119523550555)), ((-81.67763265552487 12.126029597882226, -81.4769291783519 12.249021275280699, -81.4969001780063 12.46924366591689, -81.7172803095201 12.566588034882901, -81.73706149853753 12.785831267162319, -81.95720300992858 12.882595040611676, -82.15780332373932 12.760410507398499, -82.13831794688548 12.541061427708817, -81.91793579853238 12.444001130313273, -81.8982598048097 12.223666675636963, -81.67763265552487 12.126029597882226)), ((-87.38409535044924 5.5900013653606715, -87.16100854020958 5.487537004016621, -87.14484195577056 5.248720244550889, -86.92133002204925 5.145731015720208, -86.71410409122643 5.2819199718873975, -86.73060415145797 5.520770400795479, -86.95399703946765 5.6233997947674785, -86.97029322451955 5.8613990692706155, -87.19326776053322 5.963497718796876, -87.40005803041232 5.82796121066152, -87.38409535044924 5.5900013653606715)), ((-82.40362013268684 22.26977566322516, -82.19373391121553 22.380178300858645, -82.17795439548989 22.61514035911352, -82.37278516489562 22.740412234517194, -82.58367805472511 22.63006228121952, -82.78007436910778 22.75521889453555, -82.99179394118683 22.64403973003461, -83.18975086267639 22.769067532771775, -83.17572697438035 23.0059310397747, -83.37498765650386 23.131474169845472, -83.5885261376955 23.019495872181636, -83.78934855994865 23.14488378250601, -84.00367920315877 23.032055948111243, -84.0161796725201 22.793814718546955, -84.23028331196015 22.680116479905394, -84.43288589293094 22.804675480171234, -84.64775033971955 22.690127726473246, -84.65901557175708 22.451016921504998, -84.87363259947543 22.335620779680582, -84.88444201380193 22.096338231544475, -85.0988054814766 21.980110951449372, -85.10916154800313 21.74067923902863, -84.90593547927485 21.618131407920995, -84.69255016634393 21.734340046303235, -84.49082589017488 21.611620374366396, -84.27817686434965 21.727000631896736, -84.077962188262 21.604122408035916, -83.86606665104475 21.718678313125015, -83.66736872107431 21.59565474873267, -83.4562433265164 21.709390541833915, -83.25906863655595 21.5862347619572, -83.2727739811193 21.350021385935413, -83.07687330927956 21.22742339922634, -82.86751979025863 21.340361894260298, -82.6731414627417 21.21765639849758, -82.46459167935045 21.32979322978875, -82.27174059322964 21.20699287373595, -82.064009187701 21.31833273965662, -82.04814238520238 21.55243600071793, -81.840253176079 21.66293765814769, -81.64922369665973 21.53938224932565, -81.44217972047858 21.64908784577968, -81.42517112753741 21.88229145603612, -81.6159024788179 22.006513713240683, -81.82394322312676 21.896865628729056, -82.01622877377378 22.02100882913845, -82.22511375865464 21.910555585451807, -82.41894982412039 22.034606872373544, -82.40362013268684 22.26977566322516), (-82.8530838932 21.575879920840258, -83.04872949155076 21.699154886003043, -83.03457705418089 21.93521031965621, -82.82404703474538 22.047289574843603, -82.62866474995178 21.923343182168473, -82.64354655840464 21.687989011750805, -82.8530838932 21.575879920840258), (-83.62817492478273 22.307101136933813, -83.82792958681961 22.431322932126335, -83.81511895335967 22.669085623032384, -83.60179344037806 22.781939122105424, -83.40228149760853 22.657053790719047, -83.41584973771953 22.419978650830767, -83.62817492478273 22.307101136933813)), ((-80.43071034907054 19.529636313719195, -80.24848829050369 19.40989756294158, -80.04816497772514 19.519155117987705, -79.86744206844062 19.39941738816907, -79.66798898221644 19.50794049857515, -79.64829953397573 19.736143485639722, -79.82868896493885 19.85656667253567, -80.0291039040574 19.748101741772786, -80.2110018834217 19.86852819246201, -80.41228759006927 19.759320595275923, -80.43071034907054 19.529636313719195)), ((-81.77653888237253 13.222229711053489, -81.55664186592341 13.125760103461145, -81.35669012422991 13.246732973807552, -81.37667875292534 13.463769634019206, -81.59632746224479 13.55994744992872, -81.79623518949121 13.439378808740667, -81.77653888237253 13.222229711053489)), ((-79.16130212077402 -1.5787671341732, -79.36891716774679 -1.7210835262083835, -79.34650392046606 -1.972358412726616, -79.11617084392797 -2.0811143677731714, -78.90858816170058 -1.9384586591357482, -78.93130528876839 -1.687387609614776, -79.16130212077402 -1.5787671341732)), ((-111.1499553253885 18.392266493637354, -110.93952448118048 18.550775529765964, -110.98046986375331 18.80296244583977, -110.76911461013827 18.96159609068811, -110.8098679243151 19.21419537767629, -111.0628315151862 19.30792055249015, -111.27429904284877 19.14874953000076, -111.23269300618026 18.896392470215705, -111.44322787104437 18.7373398277981, -111.40143788053345 18.48540251408061, -111.1499553253885 18.392266493637354)), ((-92.03468973768375 20.20563184478125, -91.81179274476882 20.089567098338367, -91.5920565016754 20.220243678520543, -91.59437945351591 20.467192486553305, -91.81732527724665 20.58392652639256, -92.03790083219263 20.45304121603024, -92.03468973768375 20.20563184478125)), ((-83.89339882563108 17.358925703244246, -83.6892006783684 17.476926012310543, -83.67666595732217 17.710226834373252, -83.8690303596314 17.826181400095628, -84.07414747420877 17.708110593583132, -84.0859789306455 17.47415599463926, -84.2908862063499 17.355429214504763, -84.30229894074486 17.121554245583255, -84.1095106585975 17.007051851774097, -83.90551556458485 17.125696845516003, -83.89339882563108 17.358925703244246)), ((-81.01764341005337 19.428628377037683, -81.20285939736071 19.548336732136832, -81.40572592048841 19.436848431390814, -81.42241722981089 19.205629899242044, -81.23690433096382 19.086618605742963, -81.03499450948962 19.198128647891828, -81.01764341005337 19.428628377037683)), ((-79.81972356015108 0.8815145954865442, -79.79780368762836 0.6337643978366092, -80.00463638649316 0.493751438283745, -79.98282112851228 0.2453348702965894, -79.75386762086663 0.1371130509632813, -79.73185129839217 -0.1117709468982679, -79.93909445287176 -0.25261169210328, -80.16835991978084 -0.144214370464364, -80.3760209867748 -0.2851560140329318, -80.35441836050236 -0.534839700571414, -80.1248449111654 -0.6434120043874647, -79.91718290659199 -0.5021242730227106, -79.68772175354158 -0.6106120955845079, -79.4804919943107 -0.4694200769511143, -79.25116968790022 -0.5778191700727161, -79.04439524144505 -0.4367328599180306, -79.06691455071866 -0.1876051575620467, -78.86057635919373 -0.0469958748257103, -78.88319614568469 0.2014914666447293, -78.67729677666806 0.3416025251370545, -78.70001589227586 0.5894278156019305, -78.49455785829605 0.7290198559359885, -78.26643330940519 0.6211593574578789, -78.06147832746655 0.7605921191172366, -78.0845877120625 1.0075039663250398, -77.88008461163767 1.1463832674711851, -77.90328884234133 1.39258576055859, -77.69923991667075 1.5308918950424637, -77.7225378524399 1.7763647966508143, -77.5189453407067 1.9140784943721703, -77.54233584398345 2.1588020151819993, -77.76903430251886 2.2660583001140733, -77.97270296230866 2.1287418813551744, -77.94959795437444 1.8837731792212733, -78.15371745441821 1.7458587835403454, -78.38100533072358 1.8533070649627559, -78.58563016500541 1.7152008439185396, -78.56291124735496 1.469260588906084, -78.76797656250196 1.330589221349426, -78.74535572128745 1.0839295722836229, -78.9508590592605 0.9447128397353062, -79.17902124349442 1.0525335370495972, -79.38499135968551 0.9131620569515201, -79.61330924502523 1.021031388729471, -79.81972356015108 0.8815145954865442)), ((-92.49543172977259 21.182388366648656, -92.49127685424489 20.933984251787354, -92.26577599313585 20.81732981212371, -92.04436164541504 20.948423434693254, -92.0476115192602 21.1963781623789, -92.27317927833909 21.313689947928246, -92.49543172977259 21.182388366648656)), ((-80.00532785305731 14.509342737608076, -80.22406190606628 14.605293076297889, -80.42221594716283 14.48811057467385, -80.40163920842876 14.274567118082322, -80.18262617933114 14.178343153996632, -79.98446958817924 14.295937817869259, -80.00532785305731 14.509342737608076)), ((-79.18381828802785 -1.3280481479421498, -78.97664021080986 -1.1861583270570053, -78.99925813630671 -0.9360183549279105, -79.22875200654612 -0.8275651345038085, -79.43596008504055 -0.969106882839318, -79.41364518476756 -1.2194486126578743, -79.18381828802785 -1.3280481479421498)))",Fringe-toed Foamfrog
129,22952,22923,Leptodactylus wagneri,species,20978,Amphibia,2.32,"MULTIPOLYGON (((-78.49455785829605 0.7290198559359885, -78.26643330940519 0.6211593574578789, -78.06147832746655 0.7605921191172366, -78.0845877120625 1.0075039663250398, -77.88008461163767 1.1463832674711851, -77.90328884234133 1.39258576055859, -77.69923991667075 1.5308918950424637, -77.47206453377828 1.4233849523335975, -77.26855628487185 1.5614949823161783, -77.29213820269788 1.8067143640373073, -77.5189453407067 1.9140784943721703, -77.54233584398345 2.1588020151819993, -77.33920193163846 2.2959044496541128, -77.36268386847323 2.539859255741851, -77.58901736490888 2.6469627628310244, -77.79223294288482 2.510262965127355, -77.76903430251886 2.2660583001140733, -77.97270296230866 2.1287418813551744, -78.19963924112487 2.2360295244024084, -78.40382119051365 2.098507798216666, -78.38100533072358 1.8533070649627559, -78.58563016500541 1.7152008439185396, -78.56291124735496 1.469260588906084, -78.76797656250196 1.330589221349426, -78.74535572128745 1.0839295722836229, -78.9508590592605 0.9447128397353062, -79.17902124349442 1.0525335370495972, -79.38499135968551 0.9131620569515201, -79.61330924502523 1.021031388729471, -79.81972356015108 0.8815145954865442, -79.79780368762836 0.6337643978366092, -80.00463638649316 0.493751438283745, -79.98282112851228 0.2453348702965894, -79.75386762086663 0.1371130509632813, -79.73185129839217 -0.1117709468982679, -79.93909445287176 -0.25261169210328, -80.16835991978084 -0.144214370464364, -80.3760209867748 -0.2851560140329318, -80.35441836050236 -0.534839700571414, -80.1248449111654 -0.6434120043874647, -80.10303928333896 -0.8935307693823733, -79.87326307442521 -1.0021838997807455, -79.66560840202766 -0.8605516076296464, -79.43596008504055 -0.969106882839318, -79.41364518476756 -1.2194486126578743, -79.62128421684426 -1.361423828648549, -79.5990732531283 -1.6123384407231975, -79.36891716774679 -1.7210835262083835, -79.34650392046606 -1.972358412726616, -79.55455325718975 -2.115078883009481, -79.53224409400562 -2.3668861897360234, -79.74072498414417 -2.5099878927157873, -79.71852107142466 -2.7623037862926236, -79.92743072207023 -2.9057635369454244, -79.9053332282765 -3.15856384429616, -79.67401474180663 -3.267721155518445, -79.65171219260134 -3.520803513975833, -79.86103990017065 -3.664907739843563, -80.09267888525298 -3.5556183543218074, -80.3024374507702 -3.6997233566435814, -80.28055630781003 -3.9534186845834123, -80.49073491345034 -4.097810282886857, -80.72278226279002 -3.9882084606862644, -80.933358257291 -4.132573361857594, -80.91190736550526 -4.386827637750055, -80.67955933019776 -4.496569405240248, -80.46896370580211 -4.351915610955273, -80.2366960355668 -4.461466549489862, -80.21471677279922 -4.715799424557821, -79.9822375237844 -4.825275308791735, -79.77205802055879 -4.680297189117217, -79.53970294240774 -4.7895645928787145, -79.32997479236657 -4.644559910951108, -79.35258211902118 -4.390586609422627, -79.1432956948583 -4.245869417900589, -78.91143452147685 -4.354823968671731, -78.88851849549474 -4.608594958215025, -79.09777141651747 -4.753614976531923, -79.07495884543727 -5.007772967821275, -79.28465968359671 -5.15307261783186, -79.261951766795 -5.407592148929144, -79.02923250274699 -5.516609738627486, -79.00631859598374 -5.771268538513886, -79.21643487045935 -5.917107568624438, -79.19362575529146 -6.172083342856876, -78.960388972561 -6.2810167322889585, -78.75031114560815 -6.134896136785321, -78.51726369327913 -6.24356726395635, -78.30769681003734 -6.097398839097918, -78.07486618193747 -6.205804309791358, -77.86583378703737 -6.0595996974136, -77.88956285912973 -5.8052827586523925, -77.68100530140431 -5.6593505668437025, -77.4488005386563 -5.767439522726833, -77.42477258455575 -6.021507080489503, -77.63324726119964 -6.167736240101641, -77.60931598278681 -6.42212264320448, -77.37661175659433 -6.5300237411674145, -77.35247874697265 -6.784452718532764, -77.56134856946791 -6.931232203455139, -77.53731229816368 -7.1859351267086815, -77.30410719593412 -7.293601449831931, -77.27986851786625 -7.548300925296482, -77.04655714845502 -7.65567329002881, -77.02211657587522 -7.910342383598776, -76.7887082975065 -8.017397201045393, -76.76406636943894 -8.272009021751941, -76.53057058488983 -8.378722849759658, -76.50572786712198 -8.633250568786162, -76.71467504491818 -8.781339780576102, -76.68992551052614 -9.036038320985325, -76.45593431951596 -9.14236708081674, -76.43098335159273 -9.396935489296242, -76.19691653236664 -9.50286586653032, -75.9882261927715 -9.354258570521338, -75.75452471981764 -9.459810512024937, -75.72908329493629 -9.713925856892644, -75.4953323294983 -9.819044862290985, -75.46969264512715 -10.072969786782053, -75.67809047088916 -10.222080196422883, -75.65253893340281 -10.476098916875348, -75.41830270498005 -10.580697813430147, -75.39255231087341 -10.83448070140541, -75.15827888955114 -10.938591130648826, -75.13233035006972 -11.192112176390983, -74.89802942776144 -11.295712260519473, -74.87188348081368 -11.548945655495348, -74.63756477807401 -11.652013805552805, -74.42985922306006 -11.501944803705442, -74.19600528481268 -11.604567688458824, -74.16938531722273 -11.857150639559364, -74.37689545182765 -12.007448890227716, -74.35035700985203 -12.260030447199796, -74.1160320107765 -12.361971192016329, -74.0892985340585 -12.614189047233582, -73.85498506459867 -12.715534971489678, -73.64789257141886 -12.564791244266535, -73.67489902234783 -12.312923089342764, -73.46837557333495 -12.162287697458352, -73.23507183372936 -12.263297174043464, -73.20779732818735 -12.514802095220956, -73.41409336301062 -12.665661690921882, -73.3868949807482 -12.9171352935582, -73.1531335529506 -13.01738108205697, -72.94707377883809 -12.866301848567787, -72.97453790576553 -12.615197367529246, -72.76905866908618 -12.464235678802508, -72.53636412675638 -12.564156263462232, -72.3317215402941 -12.413106250376037, -72.3595171861384 -12.16236765565898, -72.15546210009532 -12.011477528215584, -71.92387858534794 -12.111092340989297, -71.89582994817776 -12.361428226503545, -71.66433866095 -12.460401603695464, -71.63610760953976 -12.710320150204023, -71.83961709127244 -12.86167432109754, -71.81145273979274 -13.111565366691892, -71.57952953203493 -13.209689476959204, -71.37630571594879 -13.058110670225059, -71.14502762870774 -13.155744774673371, -71.11643491877116 -13.404757858680957, -70.88527779423342 -13.501694907406842, -70.68326218412538 -13.34982671133154, -70.452788887668 -13.446267534860496, -70.423779236246 -13.694357277710164, -70.1934517784187 -13.790075868986445, -69.99269590785802 -13.63793198463719, -69.76308996804889 -13.733149094476822, -69.73367504265676 -13.980271658096218, -69.504239414524 -14.074742622461615, -69.304793131853 -13.922337412024412, -69.07611564209792 -14.01630259908811, -69.0463073364458 -14.26241573072193, -68.81782419134687 -14.355612140320513, -68.6197355970641 -14.202960599579503, -68.39204609330194 -14.295647889587533, -68.36185650274133 -14.54071095928458, -68.13438490138405 -14.632608133859831, -67.93770029188609 -14.479725861908532, -67.96809807412932 -14.23515696180962, -68.19497364492743 -14.14297566925325, -68.2252092919701 -13.897832517630329, -68.45230778092645 -13.804870549943137, -68.64976027237448 -13.957326919745979, -68.87765853590739 -13.86386477777769, -68.90751702418532 -13.617681690638133, -69.13561487488174 -13.523460400400158, -69.1653059239849 -13.276749480606385, -69.39359416147687 -13.181785179444573, -69.42311653921723 -12.934568363316766, -69.65158593760127 -12.838877615064451, -69.68093843205149 -12.591177189876475, -69.48204471413054 -12.439640890235067, -69.51145063357215 -12.19194878605725, -69.31317792919356 -12.040663333414953, -69.34263610667325 -11.793004546405118, -69.14498448261979 -11.641993768655135, -69.17449376111618 -11.394393220834418, -69.40143672183474 -11.29732000845626, -69.43077928011216 -11.049313035265621, -69.23339687471385 -10.89886826522946, -69.26279082921317 -10.650962656367081, -69.48934919897196 -10.553016805964287, -69.5185766796877 -10.304746463633375, -69.7453099951306 -10.206167944039434, -69.77436982595924 -9.957556542013322, -69.57691698344463 -9.808008741406704, -69.60602992615522 -9.559560372946505, -69.83237509265716 -9.460179109104446, -69.86132064888706 -9.211432175846381, -69.66414169183254 -9.062552234790013, -69.69314063400311 -8.81401153530934, -69.91909790740985 -8.713869680510445, -69.9479297295827 -8.465073255451877, -70.17404551025813 -8.364377069795097, -70.20270908349285 -8.115349415539606, -70.00548005884913 -7.967497904567058, -70.03419868534073 -7.718738115722609, -70.2599231971194 -7.617354875526366, -70.28847385754207 -7.368407163373892, -70.09152315993211 -7.22132211582957, -70.12012912694678 -6.972685002293165, -70.34546268506142 -6.870658726052339, -70.37390097169134 -6.621877115100694, -70.17722881709622 -6.47560020484139, -70.20572265866159 -6.227171539739481, -70.00964187586904 -6.081389918956948, -70.03819014846832 -5.833337726991911, -70.26259863024377 -5.730589088159435, -70.45899203851664 -5.876017075992365, -70.68407383358912 -5.772951700014031, -70.71223182201112 -5.524346050783013, -70.51553351672898 -5.379275962256973, -70.54374866386155 -5.131083433066744, -70.76843668132057 -5.027496520282918, -70.79648367130513 -4.779271483475269, -71.02129827742988 -4.675297047409244, -71.04917607405864 -4.427064709687715, -71.27410846818144 -4.322724103078043, -71.30181605558585 -4.074509724464986, -71.1048214038184 -3.9310896345738464, -71.13258905605294 -3.68336548270336, -71.35712129830186 -3.5786137770837008, -71.38471907320898 -3.3309507191167906, -71.18801463233063 -3.1884901112056654, -71.21567267494977 -2.9413572264083636, -71.43980522843451 -2.8362403849852824, -71.46729372780781 -2.589211350077098, -71.69152868511709 -2.4838152686492996, -71.71884667090069 -2.236915144092369, -71.94317531596128 -2.1312617468241486, -71.97032183839525 -1.88451555643242, -71.77337413101286 -1.7438546199145148, -71.80058372429387 -1.4977120354206392, -72.0245067320965 -1.3918049233688725, -72.05154522272638 -1.1458581637549408, -72.27555006387357 -1.039748557039193, -72.3024165349692 -0.7940223505185067, -72.1055145892445 -0.654825510553448, -72.13244558393018 -0.4097569284818143, -72.35604223653768 -0.3034719343626668, -72.38280158617798 -0.0586648775964871, -72.60646835247636 0.0477678633744048, -72.63305517291673 0.292289075492635, -72.43621358036854 0.4299705645005119, -72.46286634350979 0.6737822141944849, -72.68612249624682 0.7803127751844097, -72.71260311805807 1.0237987105583268, -72.93591780257897 1.1304225906550058, -73.13321720844276 0.9935976060640406, -73.35704263951189 1.1003407945354788, -73.55508637417759 0.9632520545355754, -73.77940030113677 1.0701106365680744, -73.80521658035407 1.314000837173192, -74.02955176622656 1.4209064743980846, -74.22851420942656 1.2839853075035879, -74.45330072540708 1.390990108633782, -74.65295828646109 1.253817433598689, -74.87817305151513 1.360917314959188, -75.07850670557336 1.2235013161025128, -75.30412631021342 1.3306921667540148, -75.3289897449843 1.575207072532378, -75.55457792520025 1.6823855054139543, -75.7557141733522 1.5451471634988714, -75.73111737313738 1.300318845622782, -75.93274463533714 1.1624412855593045, -76.15910244050117 1.2698016390488969, -76.3613464903785 1.131706099197916, -76.5880370647483 1.2391449378701866, -76.79087742360258 1.1008401173716356, -76.76691411756057 0.854699141023087, -76.97022942102507 0.7157998175322842, -77.19760956084954 0.8234367245072045, -77.40149287416479 0.6843504227496076, -77.37790194734575 0.4372402672339354, -77.58225059714334 0.2975925695657111, -77.55875235960492 0.0498042588509923, -77.76356416673148 -0.0903847815671853, -77.74015977199981 -0.3388300450611227, -77.94543250264613 -0.4795399533035101, -77.92212310790718 -0.7286205485645607, -78.12785447326753 -0.8698304373160402, -78.10464123923927 -1.119524334769975, -78.31082889517923 -1.2612129143384165, -78.28771298598053 -1.5114976865070302, -78.49435453271369 -1.6536432754662527, -78.47133711573073 -1.9044961082455574, -78.24138059390962 -2.0129721201484068, -78.21816398026434 -2.2641433736476846, -78.42520180678076 -2.4070663222599467, -78.40208378351034 -2.6587650754066403, -78.60957646695196 -2.802093389032649, -78.58655821308015 -3.0542958846405233, -78.79450324197549 -3.198006636074441, -78.77158593960358 -3.450688776719531, -78.97998074540025 -3.594758700756372, -78.95716557956382 -3.8478960627401553, -79.16600753633539 -3.992301570044003, -79.39769665240783 -3.8832554565794517, -79.42020399288539 -3.629917198812516, -79.21133095827932 -3.485824672401927, -79.23394267203231 -3.2329350421362433, -79.46511915460277 -3.1239439158467537, -79.48752710865367 -2.8713281643639252, -79.2790664371587 -2.7279015556505644, -79.3015786208942 -2.475776780728, -79.09355560334477 -2.332724127197367, -79.11617084392797 -2.0811143677731714, -78.90858816170058 -1.9384586591357482, -78.93130528876839 -1.687387609614776, -79.16130212077402 -1.5787671341732, -79.18381828802785 -1.3280481479421498, -78.97664021080986 -1.1861583270570053, -78.99925813630671 -0.9360183549279105, -78.79251965276504 -0.7945772328575355, -78.81523817731421 -0.5450390099863783, -78.60894185554879 -0.4040683371681328, -78.63175982264225 -0.1551542082603571, -78.42590817520174 -0.0146753465254598, -78.44882443115465 0.2335927453416937, -78.67729677666806 0.3416025251370545, -78.70001589227586 0.5894278156019305, -78.49455785829605 0.7290198559359885)), ((-79.12499492464855 -6.9377615182950425, -79.33597981439186 -7.084284761468914, -79.31317503523462 -7.339871279141904, -79.07907078246502 -7.448737576029238, -78.86812057746327 -7.301952072552062, -78.89123899077927 -7.046563785317025, -79.12499492464855 -6.9377615182950425)), ((-79.89329021284888 -5.844436455340923, -79.66008410368572 -5.953787116013482, -79.44949571863525 -5.808002203704152, -79.47209777921049 -5.5531468493197345, -79.7049736839161 -5.4438937373934, -79.91557682815977 -5.589399717426268, -79.89329021284888 -5.844436455340923)))",Whistling Frog
130,22954,22923,Leptodactylus labrosus,species,20978,Amphibia,2.32,"MULTIPOLYGON (((-81.80941587640083 3.7011032741133194, -81.6031550116879 3.8376658759359303, -81.62357836354442 4.079924298243746, -81.84995116846997 4.185739511259188, -82.0561571529901 4.049548402957074, -82.0360459210554 3.807172090415273, -81.80941587640083 3.7011032741133194)), ((-80.36788570454468 -2.940068658703581, -80.34610208287573 -3.1930386736187506, -80.55585374478775 -3.3368391800871215, -80.78737450564536 -3.227361687278869, -80.99751816111375 -3.371157568749556, -80.9761635888231 -3.6247285534903106, -81.1867114675639 -3.7688022950795697, -81.16546991990288 -4.022794438972674, -81.37641884038176 -4.167121612369625, -81.35529147745919 -4.421509588955344, -81.56663820123113 -4.566065504726108, -81.54562618380841 -4.820823719333779, -81.31294101597902 -4.930900911136529, -81.29171778431211 -5.18588438126411, -81.50350665286675 -5.330911157702614, -81.4823990059823 -5.586220358016979, -81.24917498510396 -5.696376909370749, -81.22785528345369 -5.951865828223929, -81.44008761471413 -6.097319346126627, -81.41888373595641 -6.353088867295713, -81.18511893953094 -6.463278337954467, -81.16370216214176 -6.719181567783205, -80.92968842967859 -6.829242852083477, -80.90805886922317 -7.085252606847124, -80.67380500965264 -7.195161142967525, -80.4614873517031 -7.048954087976488, -80.4834424613953 -6.793088341370935, -80.27154884987188 -6.647018322463052, -80.03769475720813 -6.75656117711284, -80.01541750035875 -7.012267409654068, -79.78135620774326 -7.121630120533757, -79.75886874328752 -7.3773995705241715, -79.97076256646355 -7.523975137549386, -79.94838475201787 -7.779956091389036, -79.71379260202518 -7.889187241288339, -79.69120378724952 -8.145184876023102, -79.45641505462314 -8.254176269921706, -79.24455626465375 -8.107106696487074, -79.00992781106685 -8.215782923721193, -78.98681140855406 -8.471578600910046, -78.75201226760277 -8.579977567589316, -78.72868687228578 -8.835727534660307, -78.9404750686955 -8.98327896177608, -78.91725499186003 -9.23916299877406, -78.6819317914828 -9.347289896496978, -78.658501966064 -9.603081648700826, -78.42301925024805 -9.710872375512222, -78.39938005873566 -9.966544745958306, -78.16374724969702 -10.073975547503006, -77.95213223089785 -9.925725437593146, -77.97608225788078 -9.670275319282883, -78.21133749142862 -9.562851848455926, -78.2350797267293 -9.307274735470733, -78.47019231690386 -9.199502288089695, -78.4937263323906 -8.943825197433762, -78.28245877680385 -8.7961414905584, -78.30609573134117 -8.54060595659347, -78.54068967733393 -8.43253847307176, -78.56411914617054 -8.176949443292175, -78.79855911668683 -8.068591624588048, -78.82178070941788 -7.812976246431199, -79.05605742876442 -7.704352121539313, -79.07907078246502 -7.448737576029238, -79.31317503523462 -7.339871279141904, -79.33597981439186 -7.084284761468914, -79.12499492464855 -6.9377615182950425, -79.14790585068008 -6.682420473996334, -79.381487569043 -6.573411151061468, -79.40419068160116 -6.318144473639419, -79.63758910370044 -6.208952339299361, -79.66008410368572 -5.953787116013482, -79.44949571863525 -5.808002203704152, -79.47209777921049 -5.5531468493197345, -79.7049736839161 -5.4438937373934, -79.72736839974145 -5.189185733896576, -79.96005041611194 -5.079809117229508, -79.9822375237844 -4.825275308791735, -79.77205802055879 -4.680297189117217, -79.79435306016914 -4.426136558808176, -79.58460621028006 -4.281429372062528, -79.60700799346051 -4.027667350503655, -79.39769665240783 -3.8832554565794517, -79.42020399288539 -3.629917198812516, -79.65171219260134 -3.520803513975833, -79.67401474180663 -3.267721155518445, -79.46511915460277 -3.1239439158467537, -79.48752710865367 -2.8713281643639252, -79.2790664371587 -2.7279015556505644, -79.3015786208942 -2.475776780728, -79.09355560334477 -2.332724127197367, -79.11617084392797 -2.0811143677731714, -79.34650392046606 -1.972358412726616, -79.36891716774679 -1.7210835262083835, -79.16130212077402 -1.5787671341732, -79.18381828802785 -1.3280481479421498, -78.97664021080986 -1.1861583270570053, -78.99925813630671 -0.9360183549279105, -79.22875200654612 -0.8275651345038085, -79.25116968790022 -0.5778191700727161, -79.04439524144505 -0.4367328599180306, -79.06691455071866 -0.1876051575620467, -78.86057635919373 -0.0469958748257103, -78.88319614568469 0.2014914666447293, -79.11185500564707 0.3095761853774296, -79.13427628004885 0.557612476114256, -78.92833743157524 0.6973543672834507, -78.70001589227586 0.5894278156019305, -78.49455785829605 0.7290198559359885, -78.51737515766155 0.9761618241502165, -78.31236091647037 1.115214465191219, -78.33527525711263 1.3616522683338483, -78.13070721196767 1.5001455509572537, -78.15371745441821 1.7458587835403454, -77.94959795437444 1.8837731792212733, -77.97270296230866 2.1287418813551744, -78.19963924112487 2.2360295244024084, -78.22255091168854 2.4804710590376176, -78.0188141974938 2.617389382874644, -77.79223294288482 2.510262965127355, -77.58901736490888 2.6469627628310244, -77.61230850805336 2.8903843442449815, -77.83853136839271 2.9973489620038807, -78.04182055052617 2.8610525001128027, -78.26827612196826 2.9680272079117995, -78.47207281981123 2.8315076659566016, -78.69873601500697 2.9384880024659092, -78.90301858720032 2.801753898887182, -78.88059257898568 2.5576466548931904, -79.0853066299178 2.4203171839664024, -79.06297959775846 2.175441339149941, -79.26812261604273 2.03753548177629, -79.24589568318291 1.7919105918543912, -79.45146510386333 1.6534477667023653, -79.42933939591458 1.4070938406656166, -79.63533260022352 1.2680938963775865, -79.86346730294684 1.3758217962705068, -80.06989060962658 1.2366715495476783, -80.04817106319291 0.9894282336750938, -80.25500675151523 0.8497756468748247, -80.23339278138926 0.6018504283783153, -80.44063801885738 0.461716412673035, -80.41913075174199 0.213130763223617, -80.6267826515134 0.0725366255449236, -80.60538321553443 -0.1766875685563593, -80.81343883624753 -0.3177201362206272, -80.79214836080025 -0.5675605846228979, -81.0006047064124 -0.7090095165496162, -80.97942432200549 -0.95944353605648, -81.18827834164257 -1.1012864047166924, -81.16720917973967 -1.3522909311051807, -80.93696891717802 -1.4613100939210344, -80.91569376739488 -1.7127244504220454, -81.12497643578173 -1.8552582767527683, -81.10381272408245 -2.107202683147677, -81.31349315076088 -2.2500772424869186, -81.29244201833737 -2.502527689036087, -81.06139029593584 -2.6119664036413126, -80.85167774906974 -2.4687812144471675, -80.62068178051963 -2.5780891938943546, -80.59910463583903 -2.830743033760058, -80.36788570454468 -2.940068658703581)), ((-77.89420531386841 -3.379973875687589, -78.10157410733679 -3.5239660019309147, -78.07815430949623 -3.776657386729889, -77.84706810799331 -3.885113005811104, -77.63977403618979 -3.740792554640862, -77.66349046144863 -3.48834601487548, -77.89420531386841 -3.379973875687589)), ((-89.61529437354348 -0.4656046796185156, -89.82582017118173 -0.606096107295571, -89.8114926987991 -0.8553770273510971, -89.58628648745507 -0.9643113263493563, -89.57174824401096 -1.2142040269364822, -89.34602620782907 -1.3235204694834528, -89.13489763672627 -1.1825839105421538, -89.14978899862489 -0.9325540212344516, -88.93886284000403 -0.7917270415373804, -88.95389498057918 -0.5421737421521556, -89.1795015847661 -0.4335749811918021, -89.39013624516923 -0.574172152839832, -89.61529437354348 -0.4656046796185156)), ((-78.65649418422325 -4.717433927097506, -78.6333743165308 -4.97138148920771, -78.40119584533527 -5.080080847693207, -78.37787250509552 -5.334178311193909, -78.1455489086277 -5.44271404008848, -77.93691717161185 -5.297081743509174, -77.96054254721092 -5.043217648529023, -77.75238208529962 -4.897890075900889, -77.52067537290118 -5.006120034254985, -77.31307459260799 -4.8608057522512285, -77.33709349930781 -4.6075781846617705, -77.56841841229426 -4.499409064071563, -77.5922380781731 -4.2463337879949, -77.82344815370396 -4.138009521576793, -78.03121235954897 -4.282690095116612, -78.26266632140091 -4.174152123268299, -78.47096113664068 -4.318855987873272, -78.70263220200037 -4.210107890082473, -78.91143452147685 -4.354823968671731, -78.88851849549474 -4.608594958215025, -78.65649418422325 -4.717433927097506)), ((-78.56381047013632 -5.734243349980364, -78.5870325270213 -5.479796169353152, -78.81956762416773 -5.371017744402452, -79.02923250274699 -5.516609738627486, -79.00631859598374 -5.771268538513886, -78.7734307076821 -5.880124967938449, -78.56381047013632 -5.734243349980364)))",Pimocha White-lipped Frog
131,22955,22923,Leptodactylus troglodytes,species,20978,Amphibia,2.32,"MULTIPOLYGON (((-43.55672223372028 -16.637366008865545, -43.51253616833151 -16.88031445420137, -43.265797408236494 -16.96690511338474, -43.063341101248824 -16.810586787941936, -43.10769859831376 -16.567565490141895, -42.90537760689287 -16.41058936453154, -42.65863757173264 -16.496745942480786, -42.45640036555608 -16.3392376011712, -42.500956259384054 -16.095469310607236, -42.298865889949525 -15.937339808137986, -42.05218002507655 -16.023081107334356, -42.00746572494839 -16.26689012876779, -41.760623992622385 -16.35209442894418, -41.55862878755366 -16.1935588094142, -41.311781690506876 -16.27828616635818, -41.109944583920196 -16.119256039188787, -40.86312241688677 -16.203506262145297, -40.66146803223759 -16.043994737704804, -40.70662402500989 -15.800142843488189, -40.50515034665415 -15.640074995180182, -40.55032944882129 -15.395582147908948, -40.34903917121528 -15.234980420030295, -40.39424061188555 -14.989868468070766, -40.19313641019954 -14.828755656131998, -39.94686702640712 -14.912832660529183, -39.7459947767091 -14.751302424944274, -39.791347265641576 -14.505625912509284, -40.037443950460016 -14.421446075147417, -40.08268776356337 -14.175163004674845, -39.88196366134014 -14.013097751457483, -39.63604305387997 -14.097381116737303, -39.435567156703996 -13.934933076699439, -39.48095622063761 -13.68814497415578, -39.28068236648707 -13.525273772135238, -39.03508812410877 -13.609246644584848, -38.9895795926424 -13.855974794902071, -39.18978333867466 -14.018791255934257, -39.144290581405386 -14.264982250186357, -39.34470180958206 -14.427369156227067, -39.29922558492217 -14.672999830257666, -39.05321873016197 -14.756185494629271, -38.8528826246293 -14.593862894890556, -38.89847681216534 -14.348291567969664, -38.69835360306246 -14.185533137365969, -38.74396218757366 -13.939408592242517, -38.54405437143606 -13.776238262742835, -38.589676598455014 -13.529583747783965, -38.38998665063892 -13.366025732125268, -38.43562176843099 -13.118864830488581, -38.23615214300821 -12.954943607007692, -37.99115291591485 -13.038226452296293, -37.7920182760636 -12.874001997301239, -37.83776919198982 -12.62646064144066, -37.63886496122501 -12.461915826462603, -37.68462515788431 -12.213923665126252, -37.48595369591055 -12.049083547811858, -37.53172243523767 -11.800665136010137, -37.333286079798455 -11.635554980142958, -37.08921762013085 -11.71888272896473, -36.891161880118005 -11.553539220557424, -36.9370299680898 -11.304857873212473, -36.73921903012058 -11.139288190464466, -36.78509210178845 -10.890238144896081, -36.58752820549478 -10.724467963060922, -36.34425321343247 -10.807749870705667, -36.147106973058385 -10.64179859926188, -36.19306589319061 -10.392572928279202, -35.996176057545824 -10.226465483321602, -35.75350919056643 -10.309575329384078, -35.557066097946944 -10.143320752690837, -35.603100242253475 -9.893974313637214, -35.40692265225448 -9.727608031593405, -35.45295550685515 -9.477985020280647, -35.25704547819305 -9.31153307909399, -35.015308835366966 -9.394677683703941, -34.8198807992446 -9.228131054074176, -34.86597558898359 -8.978475974404759, -34.67082385733684 -8.811888234827618, -34.71691394185166 -8.562016297217879, -34.52204046849411 -8.39541356199106, -34.56812516598913 -8.145350928378969, -34.37353188136191 -7.978759325953164, -34.419610514040244 -7.728532258980461, -34.66022596675032 -7.644654131110506, -34.70624198516782 -7.394039650092584, -34.51169983292908 -7.227551671959234, -34.557710433699214 -6.976817931212732, -34.798205047158945 -6.892328037297363, -34.844152006847196 -6.641250824602403, -34.64966330548447 -6.474913284857083, -34.69560549201509 -6.223762374029641, -34.93597657510031 -6.1387036405224915, -34.9818541007437 -5.887253783426942, -34.78742115633651 -5.721113593575024, -34.83329455059942 -5.469635892521252, -35.07353942896586 -5.384052028477568, -35.119347149587526 -5.132320397848265, -35.35973413470566 -5.046392432560741, -35.40547386025517 -4.7944328516022665, -35.64599101781758 -4.708182139257334, -35.84102933074533 -4.874017937101752, -36.08192091411041 -4.787580569190139, -36.27739495500208 -4.953451130689907, -36.518633964927915 -4.8668266280863435, -36.56415022755198 -4.614228801402547, -36.8054711331402 -4.527323800976766, -37.00151264145725 -4.693110593045571, -37.2431353629446 -4.606028555705816, -37.288483164282525 -4.353079341177942, -37.53015729944832 -4.265749496350292, -37.57541941316143 -4.012672399757597, -37.81713282126873 -3.9251170767652392, -37.86230700487641 -3.671938913179274, -38.104047545309925 -3.5841805785343097, -38.30082257126446 -3.7496488234826653, -38.54278176146937 -3.6617457938604785, -38.587760888704565 -3.4083398637911366, -38.82971651795992 -3.320267468718912, -38.87459976032591 -3.066821674535974, -39.11653968743414 -2.9786026840076625, -39.16132486800046 -2.7251440770597877, -39.403236968426654 -2.636801333672596, -39.60054367847658 -2.8019198361470385, -39.842590489588645 -2.713466156503881, -39.887154589040506 -2.4599051699125387, -40.12914285790572 -2.3713619746023133, -40.32673056482284 -2.5363598528471187, -40.56880654698912 -2.4477174985875476, -40.76659845597385 -2.612707034894516, -41.00873367546188 -2.5239659986764447, -41.20670665747767 -2.688932753280246, -41.44887256835932 -2.6000935547526383, -41.647003394511415 -2.7650230914559053, -41.88917140100776 -2.6760862953120177, -41.933078732653684 -2.4222866145349635, -42.17510172398357 -2.333329267961073, -42.373334565487994 -2.498096331343753, -42.61531248762401 -2.4090535837255302, -42.658944457344234 -2.155332840241437, -42.90074701502354 -2.066304172275584, -43.099018034742244 -2.2308986256441496, -43.34072852166585 -2.14179684331235, -43.539056726623244 -2.3063192118782188, -43.780646655922965 -2.2171450619370665, -43.97900863867642 -2.381581096883692, -44.220449580703956 -2.292335370117643, -44.26345257387595 -2.0387865835847063, -44.50465163285071 -1.949612665246348, -44.547517267093326 -1.6962531833733487, -44.78846302957814 -1.6071738552916583, -44.986599844352384 -1.7713014324199852, -44.9439146780029 -2.024613078889244, -44.702911020242965 -2.113846157103543, -44.66008554035881 -2.3673544084095295, -44.41882193798037 -2.45667087520894, -44.37585789843939 -2.7103490279519398, -44.13434574725329 -2.7997260301575353, -44.09124493010984 -3.053547247208955, -44.289831489090204 -3.2179518082980683, -44.24676914135239 -3.4718557250865643, -44.00494555406286 -3.5613896596227237, -43.961747019286975 -3.815390085293843, -44.16054621616314 -3.979816708335426, -44.11738566177314 -4.233852973276121, -44.31629561733837 -4.398189085564462, -44.27317377397634 -4.652233923790046, -44.47219166591029 -4.816452927131955, -44.42910926453308 -5.070479083303854, -44.62823225757461 -5.234554429691695, -44.585190029388 -5.4885346788169525, -44.78441527554688 -5.652439889991699, -44.74141395193942 -5.90634705705843, -44.94073859071028 -6.07005574395783, -45.18293364415632 -5.979819696401192, -45.38221713267595 -6.14327738809773, -45.33944445210389 -6.396998175098569, -45.538816025192574 -6.5602151137347855, -45.78080861638156 -6.4696863451152, -45.98010696702485 -6.632620920409811, -45.93757231947956 -6.886098704807562, -45.6955443913246 -6.976751474772523, -45.496087637987614 -6.813801329210237, -45.253797535389396 -6.904265305165811, -45.054282741881934 -6.741028380910612, -44.81175898683955 -6.831302060536394, -44.768698776645834 -7.0849137099723025, -44.52590716084072 -7.175087329016731, -44.48270583880446 -7.4286037601834485, -44.682477900038805 -7.591869328333487, -44.92532877015793 -7.501604875128445, -45.12507338837068 -7.66457491630269, -45.08209769918827 -7.917812634073329, -45.28193572461086 -8.080473793867538, -45.23900339830871 -8.33348464194045, -45.438931918718566 -8.495811316010176, -45.3960436901057 -8.748568920524425, -45.59605978162023 -8.910535712979456, -45.55321638533985 -9.16301389425094, -45.753317112647125 -9.32459563521816, -45.7105192831082 -9.576768425437445, -45.46742677858555 -9.667474519049449, -45.2671743202784 -9.505920094791211, -45.02383248314558 -9.596359934421232, -44.82353394295055 -9.434435617797988, -44.579971698529505 -9.524607477369873, -44.53665089423026 -9.776767676696057, -44.737075910285625 -9.938665567755141, -44.980696502158935 -9.84842852711344, -45.18109091417415 -10.00995223095398, -45.42448058215672 -9.919436913738611, -45.62482034882484 -10.08057361886508, -45.867950171008715 -9.989781848786738, -46.06821131941777 -10.150518966685786, -46.31105253122658 -10.059452733645116, -46.51121117391202 -10.219777906297072, -46.46870805748202 -10.4711210982106, -46.225843737344576 -10.562282087596042, -46.18318701110843 -10.813385273862512, -46.38359670810465 -10.97318022269633, -46.62648041992506 -10.881925515861322, -46.82677039999487 -11.041275655019323, -46.784367353215686 -11.291817267351405, -46.541467975575415 -11.383164629799229, -46.49890898285378 -11.633429552028483, -46.25566694920954 -11.724554525362196, -46.21295364981029 -11.974516831370027, -46.41368547306038 -12.13320210071206, -46.37102096316943 -12.382690689516298, -46.12742200758811 -12.473640492606057, -46.084603674078835 -12.72278297295109, -46.28558645256595 -12.880825358364076, -46.24281646000813 -13.129452774186882, -46.44387133645927 -13.286904927308514, -46.40115042422417 -13.534994019898168, -46.60227437812884 -13.691833775377416, -46.55960328497355 -13.93936165404396, -46.315602698122035 -14.030206212540493, -46.27277589222575 -14.277311291343127, -46.028439302492075 -14.367823484365754, -45.985458465759564 -14.614481220780128, -46.187016415902235 -14.770474920690006, -46.431377319455805 -14.679916765858591, -46.63282489056593 -14.83535557530145, -46.590097572959394 -15.081238081869628, -46.34571613929302 -15.171841422171909, -46.144083754434064 -15.016515904966585, -45.89939142858344 -15.10670949229629, -45.69766423516322 -14.95082498720093, -45.452690293320245 -15.040606139199, -45.40940657020002 -15.286296604066607, -45.16413149225795 -15.375679490285311, -44.96219036653309 -15.219354091719326, -44.7166819665579 -15.308310387318114, -44.51471083377214 -15.151443976405007, -44.268998853485215 -15.239971600673412, -44.06702236973791 -15.082575631213729, -44.110868378110496 -14.836553745738437, -44.35650986874279 -14.74802362086946, -44.40021454358401 -14.501482940673839, -44.645599742192985 -14.412541196423307, -44.68916120693066 -14.165505591481981, -44.48752217058535 -14.00731182157061, -44.24220416332261 -14.096245794436426, -44.04056127654712 -13.937557697005532, -43.79507189515823 -14.026092155609026, -43.59344972757171 -13.866921861790896, -43.347818786674935 -13.955055277935994, -43.30372273345719 -14.20234578609878, -43.50542925820588 -14.361432880979324, -43.461369310512 -14.60814205117297, -43.215431806313575 -14.695829106948791, -43.171236963523455 -14.94200441699353, -43.37315006281659 -15.100423980118842, -43.32899079283834 -15.345979495360702, -43.08274859869556 -15.433179205341663, -43.038455108874814 -15.678161687854159, -43.240573037027616 -15.835877160602687, -43.19631458229915 -16.080202586752662, -43.39856496193076 -16.23728682875831, -43.35434231509467 -16.480934100389263, -43.55672223372028 -16.637366008865545), (-44.63438859495843 -11.85722997702749, -44.87872592736986 -11.767342190709924, -44.92202305248832 -11.517005020777678, -44.72116878154855 -11.356457956699412, -44.47689255821731 -11.446304596546458, -44.43341075863237 -11.696738271388009, -44.63438859495843 -11.85722997702749)), ((-32.47530817935976 -3.7342957773453476, -32.66641476702296 -3.8991967987403915, -32.62038586205122 -4.149393340465708, -32.38321981848023 -4.234355266632558, -32.19240610258419 -4.069317586080915, -32.23846420275092 -3.819455397954852, -32.47530817935976 -3.7342957773453476)), ((-46.27261124922484 -0.8208579544999031, -46.512168814949746 -0.7321714968418326, -46.7096828479298 -0.8957575218566768, -46.66782087823583 -1.1481378028952511, -46.42824545745805 -1.2370320512074597, -46.230550990093775 -1.0733370658665728, -46.27261124922484 -0.8208579544999031)), ((-39.24517735540795 -17.425328171397737, -39.19947288931846 -17.66563086650238, -39.40091681434484 -17.82464890347495, -39.648129942141566 -17.74346635985762, -39.84983756426996 -17.901988463709326, -39.804275781981005 -18.141583493171176, -40.00618118142319 -18.299485215894904, -39.9606393098511 -18.538321737458034, -40.162739829913534 -18.695582446033423, -40.11721864733866 -18.93364152170769, -39.869465430342274 -19.01442844026091, -39.82383347850683 -19.251684775252617, -40.026085530463064 -19.40816233649341, -39.98047365126726 -19.644610546045854, -40.1829211065093 -19.80040287539753, -40.13733008224767 -20.036025261601697, -40.33997024836398 -20.19111314767292, -40.294400863554955 -20.425892480898263, -40.04605691331125 -20.505583842033865, -39.843457065262726 -20.35062743756208, -39.889159390544904 -20.115849541766384, -39.68675791525868 -19.960184850476605, -39.73247969234623 -19.724569586386444, -39.53027925657398 -19.56821563735698, -39.57601970377959 -19.331780374782372, -39.37402295346698 -19.17475662101089, -39.41978129151968 -18.937519194896296, -39.667411453671804 -18.857285281521687, -39.713062698138515 -18.61923898185265, -39.5112094482007 -18.46145027510928, -39.55687920763799 -18.22263262832815, -39.355229315189376 -18.064218829675795, -39.10797657022857 -18.144734446256617, -38.90660654191487 -17.98582211729946, -38.65952776826208 -18.065805480144604, -38.45846178664351 -17.906408421004386, -38.50438312489473 -17.666926117972583, -38.751257932187116 -17.586789528521095, -38.797080091342536 -17.34653088880715, -39.04394198678443 -17.265727137479455, -39.08966264955106 -17.02471161888, -38.88863840523405 -16.864549206873292, -38.9343744970065 -16.62284123652587, -38.733563923702235 -16.462139431879873, -38.779314679452085 -16.219759798692852, -38.578720302553165 -16.058540941978265, -38.6244849599515 -15.81551084222945, -38.8707305325367 -15.73364028506786, -39.07141013775032 -15.894941315016315, -39.025760394189376 -16.13802945965752, -39.22665075093511 -16.298818999106288, -39.18101706208603 -16.54124986406919, -39.382115617184866 -16.701505407698225, -39.33649874933002 -16.943257904336964, -39.53780292864542 -17.102957298974957, -39.49220365058545 -17.34401075089027, -39.24517735540795 -17.425328171397737)), ((-29.445842249491648 -20.552990636771963, -29.398543348907765 -20.778661472304407, -29.16040631470983 -20.840951145409647, -28.969963528001983 -20.67793693313291, -29.01725064187525 -20.45251005947263, -29.25499369434567 -20.389852324949644, -29.445842249491648 -20.552990636771963)), ((-38.7616088100217 -15.083788835597261, -39.007639696746566 -15.001180703234846, -39.20818618110371 -15.16304383559246, -39.16262306157691 -15.407440386936063, -38.916395567102995 -15.489916351461243, -38.71592924552385 -15.328126676175666, -38.7616088100217 -15.083788835597261)), ((-40.8123796975072 -21.353706817899194, -40.609177755139626 -21.20084319435006, -40.65470149890879 -20.967799759449512, -40.90328547348906 -20.887639489469912, -41.10649980023442 -21.04064407771725, -41.06111921530683 -21.2736666097369, -41.26450950578294 -21.42589754019108, -41.21915511635967 -21.658023083976502, -40.970263641915096 -21.737945066935612, -40.76687995945477 -21.585858365582297, -40.8123796975072 -21.353706817899194)), ((-51.252815863927935 3.8133948948575203, -51.44620655077159 3.6518689359207275, -51.407079451721984 3.406535114493237, -51.17432224528201 3.322515141691223, -50.98060471677857 3.4841941428342387, -51.01997038533477 3.729738950980072, -51.252815863927935 3.8133948948575203)), ((-47.04691901062452 -13.75698732254614, -47.290217198918185 -13.665468613728555, -47.33251906951716 -13.417719534751987, -47.57544058813943 -13.325925589288971, -47.776052236313404 -13.48179599643416, -47.73396681315296 -13.729354726289392, -47.491052159441836 -13.821234503400769, -47.448803898812 -14.068411159868397, -47.64968746745686 -14.223513376188578, -47.60749354297559 -14.4700954023193, -47.80842265802275 -14.624513101873756, -47.76628379472757 -14.870478688626472, -47.52299718704728 -14.962220675125678, -47.32184293045873 -14.807922648451981, -47.364199284236065 -14.561764080109391, -47.163096237594516 -14.406775181643535, -47.20550578228375 -14.160005406740568, -47.00445700645116 -14.004346338342708, -47.04691901062452 -13.75698732254614)), ((-51.5243526564559 4.14144368055029, -51.2920087269419 4.058289610476958, -51.09859405218634 4.219732353007379, -51.13785207471 4.46416402315332, -51.370286624326525 4.546946467884226, -51.563371690031886 4.385667726134906, -51.795205445393265 4.468303121253192, -51.98791960506017 4.307094057212046, -51.949142860705365 4.0630904791776405, -51.7174088518351 3.9800743757601014, -51.5243526564559 4.14144368055029)), ((-14.157044179392727 -7.596590877407665, -14.383536778716802 -7.562562263013093, -14.53562726835247 -7.719667238542967, -14.461170513405477 -7.911552377580523, -14.613975208608593 -8.069538393674355, -14.53940636036944 -8.262637963873926, -14.311250964945799 -8.297329570948524, -14.1585014108839 -8.138586240518565, -14.2338491306393 -7.94591024435194, -14.081816241410024 -7.788052111972687, -14.157044179392727 -7.596590877407665)), ((-52.5268291548618 4.957430760396671, -52.48840653551051 4.714837326982311, -52.257729438954044 4.632891419635521, -52.065364752596125 4.793936682558282, -52.10403318601587 5.036759398103966, -52.3348212717288 5.118308688946805, -52.5268291548618 4.957430760396671)), ((-45.99067132931617 -1.1622081708028231, -45.94846289123916 -1.4149700536107594, -45.70827204016098 -1.5040036468682427, -45.51032530802604 -1.3400877227472738, -45.55272470020029 -1.0872487677692093, -45.79288103339198 -0.9984016392440116, -45.99067132931617 -1.1622081708028231)), ((-43.97922930789153 -15.57344649439523, -44.225192536438726 -15.485361699940528, -44.42728124016355 -15.642122574416241, -44.383515380034396 -15.886859370212136, -44.13747834325886 -15.974931755438885, -43.93528227998877 -15.81827851569811, -43.97922930789153 -15.57344649439523)), ((-47.4266909992142 -0.6298701705925176, -47.38518685476663 -0.8818145781803398, -47.14629958892942 -0.9705240532235389, -46.948918869104716 -0.8070591468171084, -46.99062839092406 -0.5549944287857523, -47.229514347773545 -0.466513776362245, -47.4266909992142 -0.6298701705925176)), ((-53.062862307141074 5.602596935494258, -53.29189328588433 5.682820517962414, -53.482727867312576 5.52235638933634, -53.44491493319225 5.281499000064664, -53.21601464958901 5.200855069042491, -53.024797322826345 5.361489972726347, -53.062862307141074 5.602596935494258)))",Hole-dwelling Thin-toed Frog
132,22956,22923,Leptodactylus mystacinus,species,20978,Amphibia,2.32,"MULTIPOLYGON (((-62.07897615950171 -40.638707387719535, -61.95389230529335 -40.47678038750483, -62.07222181518301 -40.28249202701764, -61.94805114375161 -40.1214994166223, -62.06556276163131 -39.92758794215071, -61.94229204989992 -39.7675364183186, -62.058996996594644 -39.57401500284171, -61.93661330635439 -39.4149109495714, -61.698802653125284 -39.44881064576434, -61.57856104623042 -39.29014194980404, -61.342502011536254 -39.32341818521695, -61.224372724279334 -39.16519762112835, -60.99005938869202 -39.19786713690527, -60.87401276458269 -39.04010697866507, -60.64143870206962 -39.07218619386588, -60.5233152528678 -39.261456731861394, -60.290894821043 -39.2923849358444, -60.17818319555465 -39.13462222491352, -59.94751168407706 -39.16498713689368, -59.83682175971728 -39.0077175673549, -59.607891207056525 -39.0375349497047, -59.499193329493764 -38.88076918790886, -59.271995358655275 -38.910054476351185, -59.08267305643517 -38.76395132446825, -58.856852456578906 -38.79259708874281, -58.66902205616458 -38.646090562500824, -58.44458870838662 -38.67411158577684, -58.25825345660985 -38.52721994805813, -58.03521650932127 -38.55463096497044, -57.85037901828798 -38.407372390069604, -57.61416831606775 -38.49904311690206, -57.415200654483414 -38.41592121829557, -57.45300837242311 -38.24093873010065, -57.253892938368836 -38.156748470495195, -57.29179581370994 -37.980681419979696, -57.092535679092336 -37.895417560943265, -57.13053316795923 -37.71826155313147, -56.93113141443604 -37.63191900797459, -56.96922296794733 -37.453669804878714, -56.769682686644884 -37.36624364548175, -56.807867750959915 -37.18689717294269, -56.60819204218885 -37.09838263671049, -56.64647005855515 -36.91793499136429, -56.44666203152427 -36.8283274883058, -56.48503243632567 -36.64677494467252, -56.2850952088541 -36.55607006460236, -56.32355743365987 -36.373409082294344, -56.5616483157643 -36.28164850948786, -56.599893857564695 -36.098075067133905, -56.8372354230211 -36.005614448071924, -57.03610301893087 -36.096735431825316, -57.27245482315527 -36.00359362948575, -57.310171764222986 -35.81932628823655, -57.1118488987742 -35.72798806276778, -56.87526379203523 -35.8211355114353, -56.67626031380101 -35.72890929295251, -56.714381295849705 -35.543317763311364, -56.95119610130689 -35.4501657294977, -56.98910011066468 -35.263675883723515, -57.225156922663956 -35.16985216985031, -57.26284352595033 -34.982471796217204, -57.49813549461122 -34.88799029131615, -57.535604296850934 -34.69972748752542, -57.33809283763739 -34.60571250277484, -57.10256397368781 -34.700193822459916, -57.06478401209725 -34.88868924382791, -56.82849566493584 -34.982514694422036, -56.62975991784276 -34.887844186399406, -56.392496581323456 -34.98100218301277, -56.35419204716047 -35.16882714828091, -56.11618889432981 -35.26130324378995, -55.916277735796484 -35.16595651163545, -55.954887618729344 -34.97791683446989, -55.75485791697943 -34.8814519808251, -55.51571117779116 -34.97324167172789, -55.476798544397795 -35.16149095619731, -55.23693867930986 -35.252575089980176, -55.03579805504546 -35.15541394187165, -54.795044921171865 -35.245786015098275, -54.59332087292276 -35.147709422700984, -54.632830650235405 -34.95905637466021, -54.431013077609464 -34.8598576887641, -54.18921649698794 -34.9495147283879, -53.986845529534634 -34.84939455564212, -54.026733453115085 -34.6594153182047, -53.82428079988732 -34.558169749299374, -53.58148966854063 -34.647103866392094, -53.37851431856939 -34.54493167092565, -53.418773536421895 -34.353625629465306, -53.215728504967615 -34.25032559521788, -53.256068919302606 -34.05788212514531, -53.05295749436726 -33.95345258931006, -53.093378439763754 -33.75987044073116, -52.89020391168633 -33.65431001796166, -52.930704719018635 -33.45958821684295, -52.727470380155694 -33.3528958075071, -52.48332053380847 -33.441128008874536, -52.27962149267782 -33.33350578231761, -52.32047957110049 -33.137449573121906, -52.11673293857825 -33.02869532727396, -52.15766788888543 -32.83149691601747, -51.9538769779972 -32.721610374670405, -51.99488810782282 -32.523269754681195, -51.791056231774235 -32.412250957077084, -51.83214284548558 -32.212768434343786, -51.628273317340756 -32.10061774344886, -51.66943471610858 -31.89999394501684, -51.46553084846903 -31.786712055773542, -51.22009362438314 -31.87425919613508, -51.01579351456829 -31.76005209505822, -51.0572948479703 -31.55809412217309, -50.8529727916156 -31.442759080358478, -50.606798063759754 -31.529584752133864, -50.402112901122905 -31.41332576976851, -50.443945911387914 -31.210039988788754, -50.23925128370536 -31.09265745364407, -50.2811534194893 -30.888232944720837, -50.07645265343103 -30.76972911829522, -50.11842318217728 -30.56416810237766, -49.91371960087511 -30.444545619406895, -49.95575778756407 -30.237850686522474, -49.75105471029417 -30.117112562737297, -49.79315981751881 -29.90928668002935, -49.588460559385425 -29.787436319790174, -49.63063184742683 -29.578482839443403, -49.425939719047335 -29.455524043235727, -49.468176445950434 -29.245446710273495, -49.263494753141856 -29.121383682048247, -49.01628141017687 -29.207601183261175, -48.81132558730371 -29.08264053597483, -48.85386984590096 -28.871261655938454, -48.64893699702256 -28.745206361182422, -48.691543308351186 -28.532712739864962, -48.486636727445045 -28.405568122371122, -48.52930433456095 -28.19196486614765, -48.324427308979466 -28.06373667828895, -48.36715545321067 -27.849029318728675, -48.162311263376864 -27.719723746892814, -48.20509918440095 -27.503918247571562, -48.00029110350579 -27.373541918281635, -48.04313803942753 -27.15664468135375, -48.29056095136684 -27.070300871448843, -48.33323480374017 -26.852495991922325, -48.58022379069888 -26.76545249765556, -48.62272301014548 -26.546753613924842, -48.41846846356884 -26.414912091555554, -48.46102827843103 -26.19514066859405, -48.25680447481108 -26.062244935911536, -48.29942413280651 -25.841408881484078, -48.09523431895883 -25.707467221799174, -48.13791306620726 -25.48557490672058, -47.933760481681276 -25.350596070482453, -47.68668376156032 -25.437709138798894, -47.48233336199604 -25.301899153351975, -47.52529677304159 -25.078780565894306, -47.32099599252757 -24.94195065017276, -47.36401502831629 -24.71779585151973, -47.15976708250179 -24.579956019960235, -46.9122824898308 -24.66646413904224, -46.70788014932245 -24.52781490899763, -46.75117161303024 -24.302468824090617, -46.54683446588314 -24.162829142285283, -46.29901027816709 -24.248723679658532, -46.09455315306451 -24.108289658541562, -45.846412574390996 -24.19354186721114, -45.802700914260896 -24.419188168520332, -45.55423380223769 -24.503748998848348, -45.34952032665558 -24.36270784445072, -45.39343442802016 -24.136926461346558, -45.18881360603265 -23.99492360824843, -44.94013204961979 -24.07888127376619, -44.73546769432289 -23.93610471541741, -44.77962289508122 -23.70919607647396, -44.575063434946856 -23.56548056907282, -44.326224641965865 -23.648847951038405, -44.1216563688358 -23.504377204219168, -44.1660423491914 -23.27636974985298, -43.96159112646788 -23.130984207871172, -43.712652346989245 -23.213775373961756, -43.5082269856706 -23.06765434338128, -43.2591484279489 -23.149805157211354, -43.21440341556507 -23.37799768590094, -42.965111935720074 -23.459420785899013, -42.76067117557932 -23.312735931835594, -42.51129122390043 -23.3935080758389, -42.30694428460288 -23.246103655351355, -42.057507150615294 -23.326223991217603, -41.85327964173908 -23.178109861553665, -41.898521290210994 -22.949719005453943, -41.69445548244886 -22.80074992549786, -41.739726513255675 -22.571404365981973, -41.535825296467664 -22.4215956641364, -41.28664075290044 -22.501286825570098, -41.08290198631963 -22.350804508507238, -40.83374464120851 -22.42986020954364, -40.63019364886429 -22.278715379770944, -40.67578690957512 -22.048368273588387, -40.92478870235499 -21.96918941281808, -40.970263641915096 -21.737945066935612, -40.76687995945477 -21.585858365582297, -40.8123796975072 -21.353706817899194, -40.609177755139626 -21.20084319435006, -40.65470149890879 -20.967799759449512, -40.451684069191174 -20.814176666284407, -40.203170357268874 -20.893736989435503, -40.000374823876655 -20.739507469910652, -40.04605691331125 -20.505583842033865, -39.843457065262726 -20.35062743756208, -39.889159390544904 -20.115849541766384, -39.68675791525868 -19.960184850476605, -39.73247969234623 -19.724569586386444, -39.53027925657398 -19.56821563735698, -39.57601970377959 -19.331780374782372, -39.37402295346698 -19.17475662101089, -39.41978129151968 -18.937519194896296, -39.667411453671804 -18.857285281521687, -39.713062698138515 -18.61923898185265, -39.5112094482007 -18.46145027510928, -39.55687920763799 -18.22263262832815, -39.355229315189376 -18.064218829675795, -39.10797657022857 -18.144734446256617, -38.90660654191487 -17.98582211729946, -38.65952776826208 -18.065805480144604, -38.45846178664351 -17.906408421004386, -38.50438312489473 -17.666926117972583, -38.751257932187116 -17.586789528521095, -38.797080091342536 -17.34653088880715, -39.04394198678443 -17.265727137479455, -39.08966264955106 -17.02471161888, -38.88863840523405 -16.864549206873292, -38.9343744970065 -16.62284123652587, -38.733563923702235 -16.462139431879873, -38.779314679452085 -16.219759798692852, -38.578720302553165 -16.058540941978265, -38.6244849599515 -15.81551084222945, -38.8707305325367 -15.73364028506786, -38.916395567102995 -15.489916351461243, -38.71592924552385 -15.328126676175666, -38.7616088100217 -15.083788835597261, -39.007639696746566 -15.001180703234846, -39.05321873016197 -14.756185494629271, -38.8528826246293 -14.593862894890556, -38.89847681216534 -14.348291567969664, -38.69835360306246 -14.185533137365969, -38.74396218757366 -13.939408592242517, -38.9895795926424 -13.855974794902071, -39.18978333867466 -14.018791255934257, -39.144290581405386 -14.264982250186357, -39.34470180958206 -14.427369156227067, -39.590671896538026 -14.343624961688832, -39.63604305387997 -14.097381116737303, -39.88196366134014 -14.013097751457483, -39.92722751257779 -13.766263410171764, -39.726697394593174 -13.60375743596366, -39.77198052148043 -13.356395157086505, -39.57164698430455 -13.193472528788284, -39.61694862660889 -12.945605984573907, -39.862458548481015 -12.860614224897025, -40.06284135053272 -13.023584939460903, -40.3084592651785 -12.938198538263622, -40.509066518175786 -13.10081067053288, -40.75476271685443 -13.015029336981044, -40.79969142454735 -12.766563165374228, -40.59906123032931 -12.603902864879492, -40.64401328717764 -12.354959182836202, -40.44356316599678 -12.191902416970812, -40.48853781081738 -11.942505604418324, -40.288270411603094 -11.779077101481555, -40.33326688514856 -11.529251837568053, -40.57839696486212 -11.442820828214636, -40.623281423916154 -11.192551773704466, -40.42317028571708 -11.02875283078947, -40.46807716159299 -10.778098191288905, -40.268148517281816 -10.613984981926583, -40.31307705456379 -10.362970179865387, -40.113333519228036 -10.198568234491612, -40.15828296449172 -9.947218933568928, -40.40284494034381 -9.860222474998475, -40.60261818850128 -10.024629643147916, -40.557801138016686 -10.276026863939883, -40.75775403198955 -10.440152757846969, -40.712959982021744 -10.691208092904333, -40.91308988405365 -10.855027086800757, -41.15802367162999 -10.767805952599161, -41.20267767248009 -10.516724588595425, -41.00253931433636 -10.352889193384879, -41.04721840356018 -10.101458613096227, -41.29189373442699 -10.013843455000119, -41.49203026342252 -10.177691583362119, -41.447494661049234 -10.429140945241803, -41.64779448430525 -10.59267154785227, -41.60328605196145 -10.843764423042124, -41.80374645382824 -11.006952101406926, -42.04869344508862 -10.919069707636313, -42.249282908736404 -11.081920624240142, -42.494192068023864 -10.993708363678921, -42.69488637677142 -11.156208691258964, -42.65071751613601 -11.406884871996983, -42.85155290755546 -11.568981845376697, -42.80741687235093 -11.819236839176803, -43.00839052852547 -11.980905842039794, -43.25343539898927 -11.89236498568706, -43.29740549707125 -11.642155910158044, -43.542242965737756 -11.553276014871376, -43.743198257351565 -11.714596450494618, -43.98789851459614 -11.625379134681491, -44.18887724393704 -11.786291615495115, -44.43341075863236 -11.696738271388009, -44.63438859495844 -11.85722997702749, -44.87872592736986 -11.767342190709924, -44.92202305248833 -11.517005020777678, -44.721168781548556 -11.356457956699412, -44.764508096858606 -11.105690572132293, -45.00851521158532 -11.015573308078437, -45.05171022737855 -10.764498100386007, -45.29543650840634 -10.674133026386418, -45.33848543954784 -10.422776060934211, -45.581919256993245 -10.33218611604194, -45.62482034882484 -10.08057361886508, -45.867950171008715 -9.989781848786738, -46.06821131941777 -10.150518966685786, -46.31105253122658 -10.059452733645116, -46.51121117391202 -10.219777906297072, -46.46870805748202 -10.4711210982106, -46.668933865337095 -10.630970698837231, -46.62648041992506 -10.881925515861322, -46.82677039999487 -11.041275655019323, -47.06931592143874 -10.949728936478293, -47.26946240468587 -11.108622567047854, -47.51164140610504 -11.016786397810375, -47.71162074398029 -11.17521208152104, -47.669641902390225 -11.425401872762553, -47.42746821571174 -11.517349995905104, -47.22726918301842 -11.358995286871721, -46.984718503065864 -11.450644372193857, -46.94236658176277 -11.70074824941255, -47.14277588973067 -11.859029078212075, -47.10047581990571 -12.108671004083536, -47.30094026535426 -12.266382660212143, -47.54349003256331 -12.1745324166766, -47.58557654740963 -11.925071589488974, -47.827741175398415 -11.833012797628655, -48.02780536518742 -11.990306558409296, -48.26955451104635 -11.897942240656032, -48.469410868528456 -12.054726292474756, -48.42776487518887 -12.303783560569643, -48.62765050398707 -12.459952948413045, -48.868922801522984 -12.367158577907544, -48.910342024055495 -12.11832356834786, -49.15117724794081 -12.025357922508187, -49.35054827355734 -12.18109163419223, -49.30936002715379 -12.4296908777506, -49.50874321332259 -12.584780874931262, -49.74902639821792 -12.491374298029216, -49.789979567171514 -12.243024211305249, -50.029792238660264 -12.149471401530464, -50.22858639568963 -12.30411549504893, -50.18787229930567 -12.552203156742909, -50.386661668159945 -12.706175563161901, -50.62584868498644 -12.612172252033965, -50.66631982193698 -12.364360155086604, -50.90500392838376 -12.270235748868302, -51.103131511180834 -12.423753334934998, -51.34121247023995 -12.329349393839177, -51.38125562126652 -12.081610231406865, -51.61880854686251 -11.987120769425399, -51.658669362777914 -11.739191517974607, -51.895685066150975 -11.64463950399713, -51.93536249736147 -11.396545778321313, -52.1718319416327 -11.301954146821046, -52.36851046703089 -11.455246599589499, -52.60430616367 -11.360417306192744, -52.800557661398784 -11.513139290585048, -53.035655519546296 -11.418076838950375, -53.23145933003002 -11.570220385142346, -53.46583569205367 -11.474929416634696, -53.50454488436482 -11.227732120920733, -53.7383231660246 -11.132461388462291, -53.933244886501285 -11.284144695027688, -54.16626479074283 -11.18866246307475, -54.36068651258205 -11.339757054151839, -54.592925614948996 -11.244068176531215, -54.786827930157244 -11.39456698368869, -55.018264278251635 -11.29867643338892, -55.21162813616394 -11.448572686585717, -55.442240258992655 -11.352485551298027, -55.635046974926894 -11.501772778204282, -55.864813891552615 -11.405494255733712, -55.90196084164077 -11.160211414869009, -56.131057832848 -11.064035725077687, -56.32281153755157 -11.212854485999976, -56.55103112013559 -11.116504506075348, -56.74218098267093 -11.264706897974019, -56.969503533610066 -11.168187946678628, -57.16003229053487 -11.315768365311465, -57.12373721287257 -11.559711136950199, -57.31413610550787 -11.706503446930638, -57.54032245281269 -11.609513389136678, -57.73007653375669 -11.755668729656222, -57.95532037502912 -11.658514757162912, -58.14441330604622 -11.804028409443571, -58.368696743399354 -11.706716278557241, -58.55711259721187 -11.851583807793016, -58.780418263962616 -11.754119350149578, -58.81555057517255 -11.51211221116258, -58.627670837447795 -11.3670699825445, -58.66289301584496 -11.124575377131928, -58.88570145814245 -11.027628513604887, -59.0730401323073 -11.17284236478009, -59.03811180497679 -11.414831180509937, -59.225290190454345 -11.559227701078918, -59.4468476206755 -11.4618113398547, -59.481480680948096 -11.22033810540941, -59.702279722222286 -11.123136734549197, -59.88818404109401 -11.267064324259895, -60.107954761069095 -11.169744259383046, -60.293120552119234 -11.31302307215299, -60.511847920369206 -11.215590089966728, -60.69626151646008 -11.358216716849572, -60.66252160775849 -11.598086601375693, -60.8467507782339 -11.739863893210973, -60.81310464106426 -11.979230931735605, -60.99714703465352 -12.120144073205706, -61.21425144206523 -12.021891679033871, -61.39751706020709 -12.162135314937256, -61.613537188842855 -12.063773085151468, -61.64658161018974 -11.82552522142638, -61.861800545643774 -11.727421451612926, -62.043678744833656 -11.867203487453448, -62.257793676668 -11.769006311098078, -62.4378993858205 -11.918984133313916, -62.40537365647134 -12.156689039133765, -62.58613416299367 -12.307128690529057, -62.55361962661266 -12.54490818202087, -62.735036579963946 -12.695789559022323, -62.949476050856674 -12.608640856379672, -63.132056201740696 -12.75970065990736, -63.347514370069405 -12.672105696225847, -63.5312501050328 -12.82333205239873, -63.74771393734892 -12.735286914817122, -63.93259712771763 -12.88666776426449, -64.15005303754197 -12.798168593045418, -64.33607503369508 -12.949691696161782, -64.55450887878789 -12.860734690298072, -64.7416605048681 -13.012387632831308, -64.96105758505908 -12.922969055783012, -65.14932913414341 -13.074739254754963, -65.36967418974331 -12.98485544031036, -65.55905541949676 -13.136730150268463, -65.78033263031166 -13.046377508521545, -65.97081275914657 -13.198343828118851, -66.19300574411558 -13.10751885155528, -66.22409940804597 -12.864412593798074, -66.44657783271803 -12.772804815143878, -66.63857463612452 -12.92461061567093, -66.8619391238635 -12.832532041422633, -67.05500154878453 -12.984404935291922, -67.27923432109257 -12.891852479419075, -67.47334966119247 -13.04377923521775, -67.69843238554415 -12.950749915483511, -67.8935873873195 -13.102717177630046, -67.86326303893364 -13.347946966561889, -68.05905686499307 -13.500172859013203, -68.28556343163268 -13.406936917122259, -68.48237999706939 -13.559174146165425, -68.70969233626307 -13.465446906730408, -68.90751702418532 -13.617681690638133, -69.13561487488174 -13.523460400400158, -69.1653059239849 -13.276749480606385, -69.39359416147687 -13.181785179444573, -69.5927643238803 -13.333778718025037, -69.8218026613387 -13.23832441975295, -70.02193801183863 -13.390290118365067, -69.99269590785802 -13.63793198463719, -69.76308996804889 -13.733149094476822, -69.56329508112773 -13.58096090490501, -69.33443251916553 -13.675678865407473, -69.304793131853 -13.922337412024412, -69.07611564209792 -14.01630259908811, -68.87765853590739 -13.86386477777769, -68.64976027237448 -13.957326919745979, -68.6197355970641 -14.202960599579503, -68.39204609330194 -14.295647889587533, -68.36185650274133 -14.54071095928458, -68.13438490138405 -14.632608133859831, -68.104031686673 -14.877079771995582, -68.30135952991598 -15.030141590306627, -68.27105202816514 -15.274491578936534, -68.0432072753579 -15.3652900487795, -68.01273596015331 -15.609011320782164, -67.78512235426649 -15.698981443046977, -67.75448855021018 -15.942054167258604, -67.52711520881722 -16.031182187984935, -67.330987032468 -15.877548709578702, -67.10447779099098 -15.966141787881737, -67.07348336534 -16.208047416828737, -66.84723721345648 -16.295780853005365, -66.65260682973077 -16.14193729240607, -66.42725717863743 -16.229136149320404, -66.39591481369196 -16.469840559849025, -66.17085050401337 -16.556163553471066, -66.13935557578924 -16.796157879430993, -65.91458534969429 -16.881593262278724, -65.88293929303344 -17.12085977775364, -65.65847184271203 -17.205396272130223, -65.46628960027087 -17.051028293407107, -65.24277545227734 -17.135025439701195, -65.2108030598243 -17.373019860655283, -64.98761296155521 -17.45610474000562, -64.95549534451484 -17.69333578460166, -64.73263774040628 -17.775498354437243, -64.54254888385297 -17.620815720520845, -64.32068569406002 -17.702440074961398, -64.2882592215178 -17.9383530952466, -64.4778596702432 -18.09318050680443, -64.44545610405324 -18.328836637815183, -64.63573551210307 -18.483793088893098, -64.6033558730604 -18.719170072270597, -64.38053079817692 -18.7990594378266, -64.34800895653164 -19.033611546590087, -64.12553765210045 -19.11254423896247, -64.09287514457061 -19.346256870418518, -64.28284664076207 -19.501561331395393, -64.25020606454616 -19.734944891888333, -64.02743153287405 -19.812499791515325, -63.99465032787353 -20.045016234062107, -64.18480582006288 -20.20049463350519, -64.15204604957701 -20.43264716170298, -64.3428911890424 -20.58816533847134, -64.31015388103627 -20.819932757204924, -64.50169004689374 -20.975467945156588, -64.46897624160835 -21.206829228444253, -64.24455921349019 -21.28215562975951, -64.21170175020434 -21.512598120032415, -64.4034280825911 -21.66820651709091, -64.37059362369737 -21.898209775699108, -64.56301598586987 -22.053783410279046, -64.5302055864933 -22.283327045653184, -64.72332532282354 -22.43884327808148, -64.69054005061261 -22.667907110710704, -64.88435846951072 -22.823343330056964, -64.85159940469897 -23.051907404228935, -65.0461177777537 -23.20724104203455, -65.01338601321933 -23.435285637281194, -65.2086055743289 -23.590494181176346, -65.1759022156525 -23.817999823409703, -65.37182416014531 -23.973060830598182, -65.33915032566553 -24.20000830292088, -65.53577580941119 -24.354899413512683, -65.50313263027824 -24.58126976668898, -65.70046276878897 -24.73596871686176, -65.66785138901602 -24.961743279435442, -65.43772180447594 -25.032396304317125, -65.4049540422433 -25.25714196476562, -65.60250368231651 -25.411650122832715, -65.56976723832521 -25.635772140616847, -65.7680265628674 -25.79003927267939, -65.7353225975976 -26.01351985604044, -65.50416887609282 -26.08232841330999, -65.47130684054437 -26.30475296764092, -65.66978870994218 -26.458766928783472, -65.63695866872472 -26.68052398480776, -65.83615529891644 -26.834249423628474, -65.80335842926995 -27.05532211354904, -66.00327088058876 -27.208737799869766, -65.97050837304458 -27.42910958173737, -66.17113766174967 -27.582194460033378, -66.40501003372437 -27.5149090899669, -66.60683291689844 -27.667648410534763, -66.84168703953371 -27.599645403506354, -67.04468942762789 -27.75202127744374, -67.01237518583312 -27.972393715685786, -67.21609029926208 -28.124383441734704, -67.45257325304422 -28.056004532048792, -67.65745009785064 -28.207595652434282, -67.62539722618894 -28.42755645776155, -67.38824723827655 -28.495588975192103, -67.18381873906107 -28.344006026503124, -66.9476180585677 -28.411293490556687, -66.91517504374323 -28.629812745644223, -67.11914653270333 -28.78138363869383, -67.08674575562569 -28.99913086480816, -67.29143490390948 -29.15027155551943, -67.52897977022097 -29.083679023283146, -67.73483681795652 -29.234387437388826, -67.70270100514651 -29.451669382737904, -67.46448509665159 -29.51792250731085, -67.43217264798682 -29.73408177964363, -67.63829899685562 -29.884302372541804, -67.87718515900288 -29.818383117067217, -68.08447277374101 -29.96813730069563, -68.32428271545527 -29.901437373607234, -68.5327148856343 -30.050707215349668, -68.50091007734123 -30.266653796287713, -68.71005428511455 -30.415400329702234, -68.6783031226485 -30.630502095127536, -68.43716906306543 -30.696569209995857, -68.40523271555969 -30.910531645588048, -68.61466900883792 -31.05870959564463, -68.5827859143841 -31.27180921618005, -68.79293896103995 -31.41942422281756, -68.7611105009604 -31.63164862891629, -68.97198046697466 -31.778682408414646, -68.9402080358997 -31.99001959269636, -69.15179502709525 -32.13645416123239, -69.1200800329522 -32.346892510017796, -68.87652996246554 -32.41063915417531, -68.84462417324329 -32.61991653155468, -69.0565164543449 -32.76569944850777, -69.02466772140417 -32.97406331304915, -69.23728172336256 -33.119211047718274, -69.2054914747093 -33.32665086374567, -69.41882721300225 -33.47114655319239, -69.38709689008917 -33.67765217834937, -69.1417763386666 -33.73942709930383, -69.10985130057539 -33.9447595955946, -69.32350123296943 -34.088547658370594, -69.2916357464237 -34.29293385477713, -69.0458659067391 -34.35330418497671, -69.0138053996852 -34.556512869703674, -69.22776907572748 -34.69957465435151, -69.19576773861026 -34.901826107627066, -69.41046262371374 -35.04418717580329, -69.37852192572765 -35.245472968793955, -69.13162867763886 -35.30418386743454, -68.91735172801135 -35.16186579226731, -68.67136316033402 -35.21969748776214, -68.63897275108214 -35.419586284471734, -68.39322650355295 -35.47628164982304, -68.36064394017747 -35.67498783979157, -68.11515150785995 -35.730548220107046, -68.08237841344996 -35.928071396704375, -68.29534159445906 -36.070249420429704, -68.26262166188522 -36.266802836263246, -68.47633476319389 -36.408267020617, -68.4436694464098 -36.603843634728015, -68.6581327584957 -36.74457978249163, -68.62552352605185 -36.93917291822815, -68.8407372755217 -37.07916715558376, -69.08899596980787 -37.02461292677451, -69.30538945117729 -37.16389648579593, -69.20941849777827 -37.37212536882606, -68.95992076644022 -37.42641099584276, -68.8626398835089 -37.63421239884508, -68.61282995955057 -37.68731178134573, -68.51423506283302 -37.89466484045842, -68.66624096583894 -38.049980658478276, -68.91786709061282 -37.99720272790764, -69.01566248979785 -37.78878580194858, -69.26696880735692 -37.73480566833223, -69.42230544390476 -37.889550600854925, -69.32533905479337 -38.09903079016347, -69.4820172571558 -38.25469277999618, -69.38454676489711 -38.46477985717765, -69.12954505401115 -38.51813620007988, -69.03070665363892 -38.72774647031631, -68.77536920665749 -38.77986835565931, -68.67515838701591 -38.988980630356615, -68.41950459589093 -39.03985887054361, -68.31791714621116 -39.248452165019536, -68.06196676587543 -39.29807802106717, -67.90949695440122 -39.13947479280229, -67.65516103773992 -39.188218321357525, -67.55141313148597 -39.3951886498287, -67.29682771356157 -39.44267957818315, -67.14786908412698 -39.28359166575537, -66.89493036467243 -39.33022775019413, -66.78908347764215 -39.5355485738093, -66.53594185881975 -39.58093320722603, -66.39050994016284 -39.4214149143995, -66.13904491202993 -39.46597265533817, -66.03116179834599 -39.669619645005554, -65.77953989554449 -39.7129283960017, -65.63764609467427 -39.55303357013736, -65.38772832042686 -39.59554376811061, -65.2778728466342 -39.797494775606786, -65.02784355875603 -39.8387597013038, -64.88949523276136 -39.678541630792125, -64.64119525400875 -39.719036652972584, -64.52943223400135 -39.919271676588366, -64.28106535751022 -39.95852634381847, -64.16800176935939 -40.158113545984904, -63.91958902213622 -40.19612352552578, -63.805224960792316 -40.39504516357033, -63.556787618097545 -40.43180656130231, -63.424522145930666 -40.27016680664243, -63.177882264346266 -40.30620825884562, -63.06171560721293 -40.50335995363723, -62.815094975104586 -40.53816033565812, -62.68642431270601 -40.376351481915464, -62.441619752084264 -40.41046165166953, -62.32371860938467 -40.605829741692844, -62.45106911057317 -40.768168416295865, -62.69764898579763 -40.73461184415492, -62.82729799154414 -40.897347233972916, -63.075719744020546 -40.863092928007156, -63.207699156391485 -41.026209511286226, -63.4579665597344 -40.9912383225584, -63.59230829845079 -41.15472000616981, -63.47505657879982 -41.35372452520415, -63.22293516770689 -41.38815155496283, -63.08992815106079 -41.22412081366719, -62.83967880581331 -41.25782289479129, -62.709036515473684 -41.094168529562225, -62.460655406516906 -41.12716520144658, -62.33234525560677 -40.96390314848926, -62.08582785454598 -40.996213601485, -61.95981730119948 -40.83335922232504, -62.07897615950171 -40.638707387719535), (-64.2232885860195 -18.40912633418783, -64.03418327420955 -18.25416061437919, -63.81303409379248 -18.333908847673452, -63.78033075217101 -18.56821434595918, -63.96893427402837 -18.723311887857513, -64.19074432246552 -18.643971821551876, -64.2232885860195 -18.40912633418783)), ((-36.46829234902577 -8.891910701496343, -36.271565336057506 -8.725631318665343, -36.31737622910782 -8.47471569096051, -36.55983280044819 -8.389900108551528, -36.60556503788064 -8.138603366057207, -36.8481025664687 -8.053375214053661, -37.04514615878338 -8.219574216877366, -36.99950034133752 -8.471042725455085, -36.75672309121836 -8.556141536291198, -36.710994955646555 -8.807235435234118, -36.90813113281297 -8.97339569474914, -36.86240781408674 -9.224260373028573, -36.61946207266686 -9.308795296128265, -36.42248420991183 -9.142604804446165, -36.46829234902577 -8.891910701496343)), ((-38.23615214300821 -12.954943607007692, -38.28179940262527 -12.707300222642123, -38.5268082798072 -12.623488623041776, -38.72637451855945 -12.787448211000045, -38.680836703653256 -13.03517983152743, -38.43562176843099 -13.118864830488581, -38.23615214300821 -12.954943607007692)), ((-37.82174386330087 -11.468024234943943, -37.77606464324171 -11.716968656585019, -37.97485879138941 -11.881830214581761, -37.92918948355617 -12.130365642468798, -38.12821118761576 -12.29493886277539, -38.08255253228219 -12.54304051964542, -37.83776919198982 -12.62646064144066, -37.63886496122501 -12.461915826462603, -37.68462515788431 -12.213923665126252, -37.48595369591055 -12.049083547811858, -37.53172243523767 -11.800665136010137, -37.333286079798455 -11.635554980142958, -37.379062626834724 -11.386735141888716, -37.62317963902902 -11.302899719414318, -37.82174386330087 -11.468024234943943)), ((-35.996176057545824 -10.226465483321602, -36.04213644926074 -9.976929733888253, -36.284908591797574 -9.893324884711017, -36.481971775924535 -10.059418487945718, -36.43609090089046 -10.309129696292135, -36.19306589319061 -10.392572928279202, -35.996176057545824 -10.226465483321602)), ((-28.969963528001983 -20.67793693313291, -29.01725064187525 -20.45251005947263, -29.25499369434567 -20.389852324949644, -29.445842249491648 -20.552990636771963, -29.398543348907765 -20.778661472304407, -29.16040631470983 -20.840951145409647, -28.969963528001983 -20.67793693313291)), ((-35.30307634547043 -9.061659413584726, -35.544949010779135 -8.978031845541363, -35.74105689121052 -9.144451704476948, -35.69509567890387 -9.394530176928981, -35.45295550685515 -9.477985020280647, -35.25704547819305 -9.31153307909399, -35.30307634547043 -9.061659413584726)), ((-36.78509210178845 -10.890238144896081, -36.58752820549478 -10.724467963060922, -36.63340553838296 -10.475074559688407, -36.87676083932109 -10.391296401115314, -37.07447806945214 -10.557063286144688, -37.028688099206136 -10.806610510000828, -36.78509210178845 -10.890238144896081)), ((-63.63628748259447 -10.515639808022826, -63.81953100792492 -10.6647193995977, -63.78764921249102 -10.905089395078953, -63.572376483537 -10.995758526178017, -63.389617815228746 -10.846393569032767, -63.421645734191884 -10.606644751292267, -63.63628748259447 -10.515639808022826)), ((-34.94701752154282 -7.309721749534434, -35.14205392246612 -7.47619162363588, -35.09609945627727 -7.7270416766830925, -34.85504562624729 -7.811187258072242, -34.66022596675032 -7.644654131110506, -34.70624198516782 -7.394039650092584, -34.94701752154282 -7.309721749534434)), ((-39.326088577571085 -13.277964833638253, -39.28068236648707 -13.525273772135238, -39.03508812410877 -13.609246644584848, -38.835094384272196 -13.446024703371336, -38.88061793408008 -13.198782901963233, -39.1260193171814 -13.114694683404933, -39.326088577571085 -13.277964833638253)))",Moustached frog
133,22957,22923,Leptodactylus pentadactylus,species,20978,Amphibia,2.32,"MULTIPOLYGON (((-46.9263522851021 -3.66259945410743, -46.72815304528643 -3.4992273549381387, -46.77012312899609 -3.2458755090446068, -46.57198481645372 -3.082365065785292, -46.614003982059955 -2.829077223010897, -46.415929501262895 -2.665454781465985, -46.175656541713124 -2.7550448557142153, -46.13343901596852 -3.008440554506858, -46.33169166756329 -3.1721394619899543, -46.28952138397605 -3.4256068059975306, -46.487843312265625 -3.5891853867962107, -46.44572098008578 -3.8426972837363538, -46.20507810324551 -3.9327400064966254, -46.006581887452455 -3.769097206689846, -45.765646630306236 -3.859040449407209, -45.72317895617647 -4.112786637681512, -45.48193923738978 -4.202779946740058, -45.43932535154619 -4.456625235456104, -45.19779236585396 -4.5466455623557085, -44.99892119162979 -4.382680003482555, -44.75715965206905 -4.472576118342552, -44.558257314210465 -4.308418313179634, -44.60124054022265 -4.054430683647224, -44.40244063346978 -3.8901640315626267, -44.445463784249995 -3.6362046368312, -44.24676914135239 -3.4718557250865643, -44.289831489090204 -3.2179518082980683, -44.09124493010984 -3.053547247208955, -44.13434574725329 -2.7997260301575353, -43.93587007935534 -2.63529243342582, -43.694198749816024 -2.7245870723580454, -43.49574863041619 -2.5600487132075798, -43.253946573335924 -2.6492601549552526, -43.21050781281144 -2.903117902290563, -42.968505289232866 -2.9923436181051906, -42.77004105748614 -2.8276121625094848, -42.52795474541756 -2.916742268038356, -42.32957823551925 -2.7519304100724966, -42.08743675883514 -2.8409641917643946, -42.04355802060866 -3.0948845426665175, -41.80126485960898 -3.183886266525406, -41.60297690479422 -3.018901551920546, -41.36067580977294 -3.107794713671598, -41.16253771330014 -2.9427542977484378, -40.920257339231114 -3.0315383230459174, -40.72229239889319 -2.8664566681896786, -40.480061357859796 -2.9551310348686552, -40.282292777062025 -2.79002261811487, -40.32673056482284 -2.5363598528471187, -40.56880654698912 -2.4477174985875476, -40.76659845597385 -2.612707034894516, -41.00873367546188 -2.5239659986764447, -41.20670665747767 -2.688932753280246, -41.44887256835932 -2.6000935547526383, -41.647003394511415 -2.7650230914559053, -41.88917140100776 -2.6760862953120177, -41.933078732653684 -2.4222866145349635, -42.17510172398357 -2.333329267961073, -42.373334565487994 -2.498096331343753, -42.61531248762401 -2.4090535837255302, -42.658944457344234 -2.155332840241437, -42.90074701502354 -2.066304172275584, -43.099018034742244 -2.2308986256441496, -43.34072852166585 -2.14179684331235, -43.539056726623244 -2.3063192118782188, -43.780646655922965 -2.2171450619370665, -43.97900863867642 -2.381581096883692, -44.220449580703956 -2.292335370117643, -44.26345257387595 -2.0387865835847063, -44.06518844482804 -1.8744567997911437, -44.10822966746491 -1.6210644292088026, -44.34936065650908 -1.532033554373724, -44.39226572382029 -1.2788498104615749, -44.6331500576992 -1.1899246925524691, -44.67591719395199 -0.9369760794542998, -44.916543525885004 -0.8481792839359643, -45.114456327542996 -1.0121669894992684, -45.3548615999774 -0.92334464022745, -45.55272470020029 -1.0872487677692093, -45.79288103339198 -0.9984016392440116, -45.835135023049844 -0.7458384108673082, -46.07498672672588 -0.6571646606548208, -46.27261124922484 -0.8208579544999031, -46.512168814949746 -0.7321714968418326, -46.55407929991853 -0.4800010570064784, -46.79330396835948 -0.3915212021622275, -46.99062839092406 -0.5549944287857523, -47.229514347773545 -0.466513776362245, -47.27106990078374 -0.2147901952627305, -47.509595237759584 -0.1265488860910602, -47.706558821613015 -0.2897929307115726, -47.94470157619793 -0.2015625308000317, -47.98589120430617 0.0496609537296733, -48.22364620786786 0.1376198206298432, -48.264676442582925 0.3884452982805198, -48.50203352085876 0.4761116539544433, -48.5429029811624 0.7265144771506643, -48.779852079501325 0.8138676255383351, -48.97589669407023 0.65109705334007, -49.21238763870096 0.7384067859713962, -49.2528732204085 0.98819576685391, -49.48893026501494 1.0751616075306825, -49.52925013698342 1.3244735463004387, -49.76486364432154 1.4110755717163221, -49.80501656957969 1.6598869185590401, -50.040177030889 1.7461055344866856, -50.08016180509571 1.9943930917912231, -50.314859841732414 2.0802090449812956, -50.35467529323495 2.3279499799448615, -50.58890165822362 2.4133443694416155, -50.628546648099416 2.660516226082401, -50.86229222760312 2.7454705139446913, -50.9017656496855 2.992051224510423, -50.707729033724604 3.1538796314883917, -50.74726645128595 3.400053529523714, -50.98060471677857 3.4841941428342387, -51.01997038533477 3.729738950980072, -50.82623379131212 3.8913421596663547, -50.865663736287644 4.1364397039420835, -51.09859405218634 4.219732353007379, -51.13785207471 4.46416402315332, -51.370286624326525 4.546946467884226, -51.409371684619316 4.7906919560927435, -51.641301786820634 4.872947587298548, -51.83404965824823 4.711836352959246, -52.065364752596125 4.793936682558282, -52.10403318601587 5.036759398103966, -52.3348212717288 5.118308688946805, -52.37331299950911 5.3604016348698265, -52.603565869152504 5.441384337162146, -52.64187999752576 5.682728715438516, -52.87158958472058 5.763129708321556, -53.062862307141074 5.602596935494258, -53.29189328588433 5.682820517962414, -53.32977821734582 5.923156768787389, -53.558244860436616 6.002776755736769, -53.74868985326415 5.842486908918664, -53.97644330673981 5.921923759765648, -54.013892364094175 6.1612148894377805, -54.241061280897156 6.240027314951779, -54.430630794836276 6.079990327636735, -54.65705316039774 6.158614447543549, -54.84612555534619 5.99866582376541, -55.07178106262239 6.077103308107575, -55.10852655430935 6.315030820305955, -55.33356638965185 6.392817839618975, -55.52168909334864 6.233141845118113, -55.74593070884069 6.310737788425452, -55.93351116723986 6.151172994547661, -56.156935452955935 6.228579717298526, -56.34395694821305 6.069139054724971, -56.566545248936194 6.1463584250517815, -56.75299141249101 5.9870546999461185, -56.97472553367565 6.064088595198673, -57.01021199848326 6.299930674025949, -57.23128061660789 6.376279053727945, -57.266576327535944 6.611265076112395, -57.486973821564504 6.686916958485374, -57.52207845461089 6.921032385521358, -57.74179935134879 6.995977238212138, -57.926200117816336 6.837318863664738, -58.145019793123424 6.912064989679056, -58.17965759384961 7.144950197127303, -58.39778601546094 7.218974645510197, -58.432231489053024 7.450960279237968, -58.24882507861878 7.609269268071796, -58.28335482479804 7.840690455301929, -58.50101456102465 7.913455500876761, -58.683916650927415 7.755326780467815, -58.90064783200751 7.827880120529231, -58.934708100356204 8.058028289144746, -59.15073358495977 8.129833082330192, -59.18460103049776 8.35904430718908, -59.39991629340787 8.430092476031485, -59.58112181234 8.272472527725244, -59.547533587786134 8.043620599680983, -59.332460310160016 7.972028447304555, -59.29867877267185 7.742238909446043, -59.082891449433816 7.669894500060968, -59.04891669384463 7.439179165835897, -58.832419776519146 7.366090781111828, -58.79825192466038 7.134461934689366, -58.58105000874512 7.060638294784655, -58.54668920980609 6.828108692812717, -58.729808411170694 6.669767386294678, -58.69553268502618 6.436714555790222, -58.87850472846144 6.278390778058777, -58.84431446930233 6.0448357082203525, -59.027136997736534 5.886552007981402, -59.2436315773343 5.961976329085133, -59.42578020681407 5.803900062650136, -59.39195661951973 5.5702554731913985, -59.17570326125369 5.494294900764324, -59.14168510270903 5.259799255914612, -59.324201566559324 5.10166354063825, -59.2902700336175 4.86672999624535, -59.47262996663747 4.708702243683495, -59.43878543743813 4.473352660622613, -59.22229878684243 4.395622874157516, -59.18825900591199 4.15946359222671, -59.37098818893763 4.001449138725108, -59.587229368668645 4.079711953802464, -59.6209865200579 4.315455529782378, -59.83650007603299 4.393030350015237, -60.018004256506146 4.2354002538391144, -60.23253034210971 4.31282146480409, -60.41332458361249 4.1554694113205235, -60.62684931451548 4.232738349889112, -60.80692096904687 4.075675151474372, -61.01943095259114 4.152793132502475, -61.05213690779922 4.386416940169759, -61.26389295839418 4.462822784121758, -61.44266913971194 4.306166766380892, -61.41025009705572 4.072997716449031, -61.588840194248064 3.9165438632151646, -61.79928246996488 3.993363776758326, -61.977114378480906 3.837230003736379, -62.18650467376753 3.9139027547471295, -62.36356730816621 3.7580990550974405, -62.571894189486756 3.8346258534898703, -62.7481768547288 3.6791620078762794, -62.7167145999133 3.4470827334914853, -62.89279437303725 3.2918827958874095, -63.099749112399806 3.3688479920029857, -63.275033974244124 3.2140103141618903, -63.24395421816763 2.9821306424002967, -63.41902961007351 2.8275907581275237, -63.388043003126626 2.5954345669955647, -63.18169047714589 2.51730442623436, -63.150506412468644 2.284372000107819, -63.32596566103362 2.130090809459701, -63.53201378765621 2.2088023224470708, -63.706664467533244 2.054920708021731, -63.911608132951926 2.133506835458374, -63.942210298640376 2.365388578486633, -64.14635406496183 2.443259691745919, -64.32342593820259 2.3153345522943556, -64.53133500082001 2.4190084388293656, -64.56159729184049 2.650699621964897, -64.38409450201651 2.7781308504543727, -64.41437729482172 3.0090032049158784, -64.62201871215504 3.1130230159889427, -64.79994689049506 2.986088045336538, -65.00845522613794 3.09027006257022, -65.03846667584632 3.321459418251964, -65.24726436240162 3.4258668005639374, -65.42661388223004 3.2990179317993324, -65.63625511269962 3.403574455740329, -65.81659710644848 3.276317125743353, -66.02706805259061 3.381019027503528, -66.05663823092632 3.613029056938018, -66.26737069225544 3.71791756566597, -66.29680754880086 3.949607651774173, -66.11567479227625 4.075869639871473, -65.90549644772328 3.9709397522153873, -65.72533999451296 4.096789582298346, -65.75496605191667 4.327067092763989, -65.96459011978259 4.432034688202951, -65.99408532284343 4.661966270190471, -66.20397082156735 4.767081750976115, -66.3849107413406 4.642237097480256, -66.35557752787562 4.411774031668295, -66.53709671642335 4.2860120273779065, -66.74833065983583 4.391214733339489, -66.9308076823033 4.265042373056155, -67.14282434609736 4.370356274034524, -67.1718200154977 4.601858427620601, -67.38406547091112 4.7072894204288795, -67.56785263389921 4.581207624788262, -67.78085408499405 4.686734982092438, -67.96556828110593 4.560248516003188, -68.17930966427811 4.665867780383117, -68.36493913995352 4.538980767647352, -68.57940395417656 4.644687452021627, -68.76593651800002 4.517404179143119, -68.98110782806954 4.6231937687811655, -69.16853085135244 4.4955186857713105, -69.38439129166088 4.601386640340291, -69.57269170950312 4.473324361377968, -69.54481746358302 4.23890997749165, -69.7336765917958 4.10998320737302, -69.95071628918936 4.215953579971003, -70.14043577475657 4.086652150608283, -70.35812269719604 4.192698545538662, -70.54868838831727 4.063027657401044, -70.76700367881374 4.169145562908843, -70.95840099284597 4.039110581352719, -71.1773253852135 4.1452954667157185, -71.36953931196715 4.0149019217734185, -71.589053137593 4.121149239352259, -71.78206824315394 3.990402825345672, -71.75531218414575 3.7529435138532046, -71.94886548572164 3.6213868963661198, -72.16942308775506 3.727753660972241, -72.36375696803084 3.5958593729279524, -72.58485634216527 3.7022867989802917, -72.77995431123827 3.570061113519904, -73.00157440539152 3.6765446970620035, -73.19741956479855 3.5439940475654432, -73.41953895926984 3.6505292734456165, -73.61611400820463 3.5176602521509173, -73.59036315766835 3.2778082785477163, -73.78745498726104 3.1441825624558426, -73.76177522981098 2.9034960377679173, -73.95938269421728 2.7691287535201994, -74.18286180556693 2.87588960872667, -74.38116987274273 2.741232279361108, -74.35581373610134 2.4993792174915646, -74.55463028305971 2.3640071669747478, -74.77897762390813 2.4709213101028227, -74.97847007058412 2.335278075426465, -74.95344745685122 2.092294622586333, -75.15344073706947 1.9559648224075048, -75.1284971484864 1.7122062850440496, -75.3289897449843 1.575207072532378, -75.55457792520025 1.6823855054139543, -75.7557141733522 1.5451471634988714, -75.73111737313738 1.300318845622782, -75.93274463533714 1.1624412855593045, -76.15910244050117 1.2698016390488969, -76.3613464903785 1.131706099197916, -76.5880370647483 1.2391449378701866, -76.79087742360258 1.1008401173716356, -76.76691411756057 0.854699141023087, -76.97022942102507 0.7157998175322842, -77.19760956084954 0.8234367245072045, -77.40149287416479 0.6843504227496076, -77.37790194734575 0.4372402672339354, -77.58225059714334 0.2975925695657111, -77.55875235960492 0.0498042588509923, -77.33061915092408 -0.058077290418739, -77.30692715339092 -0.3062675016540184, -77.51165499928366 -0.4468324451745525, -77.48805574797744 -0.6956633898301829, -77.6932501628833 -0.8367428195276974, -77.92212310790718 -0.7286205485645607, -78.12785447326753 -0.8698304373160402, -78.10464123923927 -1.119524334769975, -77.87540357250923 -1.227765497233854, -77.85199330217694 -1.4778119072628484, -78.0581141072264 -1.6198567621501967, -78.03480007901221 -1.8704771124554052, -78.24138059390962 -2.0129721201484068, -78.21816398026434 -2.2641433736476846, -77.98807077151432 -2.372580121609159, -77.96465536113574 -2.624044196091473, -78.17162958972769 -2.7673074382246114, -78.14831168118697 -3.0192814526616822, -78.3557466700128 -3.1629428284351784, -78.3325274475951 -3.4154028282185975, -78.10157410733679 -3.5239660019309147, -78.07815430949623 -3.776657386729889, -78.2859873398309 -3.921017143557395, -78.26266632140091 -4.174152123268299, -78.47096113664068 -4.318855987873272, -78.44774009384184 -4.57240979067788, -78.65649418422325 -4.717433927097506, -78.6333743165308 -4.97138148920771, -78.40119584533527 -5.080080847693207, -78.37787250509552 -5.334178311193909, -78.1455489086277 -5.44271404008848, -77.93691717161185 -5.297081743509174, -77.70483219869712 -5.405371356028562, -77.49675186539116 -5.25973603443008, -77.26493240996957 -5.367776220891336, -77.24080899979326 -5.621499331217645, -77.4488005386563 -5.767439522726833, -77.42477258455575 -6.021507080489503, -77.19245720504244 -6.129371545738038, -76.9845631473675 -5.983129469642784, -76.75254570653657 -6.090718829374163, -76.72802403833592 -6.3445759905671855, -76.93581190919517 -6.491116860209289, -76.91138334149358 -6.745280672977611, -77.11966606249493 -6.89209457625292, -77.09533182332918 -7.146539230791571, -76.86241996948897 -7.25389815501348, -76.83788502900201 -7.508331601746768, -76.60488333951031 -7.615384019791364, -76.58014825247722 -7.869779404929155, -76.7887082975065 -8.017397201045393, -76.76406636943894 -8.272009021751941, -76.53057058488983 -8.378722849759658, -76.50572786712198 -8.633250568786162, -76.27215402159719 -8.739600129866282, -76.0638446507661 -8.591440583484115, -76.0889782604531 -8.337201663257334, -76.32213145146882 -8.2308324027801, -76.34706610373775 -7.97650188283808, -76.1391370765653 -7.82883536204228, -75.90640778406326 -7.935223160619923, -75.88118472655285 -8.189257868143917, -75.6484007714214 -8.295280404513965, -75.62298064843333 -8.549216083008837, -75.8306298728602 -8.697433523603019, -75.80529794004126 -8.951554197423203, -75.57203106686545 -9.057147906067518, -75.54650147161907 -9.311123793188711, -75.3131920288215 -9.416295568197064, -75.28746545820927 -9.670100253088071, -75.4953323294983 -9.819044862290985, -75.46969264512715 -10.072969786782053, -75.23590178029528 -10.177633411022684, -75.21006453551074 -10.43134167659608, -74.97624339575785 -10.535527724554438, -74.76871593533518 -10.38607917211663, -74.53533624423456 -10.489851272917866, -74.32854101198981 -10.340323347590756, -74.095628760936 -10.443680574657552, -74.06904133463121 -10.696469321470904, -73.83614122889152 -10.79930563477695, -73.80936200836221 -11.051812570907042, -73.57648368448828 -11.154106797820162, -73.5495135255532 -11.406306545885082, -73.31666663629426 -11.508037824940137, -73.28950642008016 -11.759905241527784, -73.05670063202899 -11.861053036384904, -73.02935126481405 -12.112563227889481, -72.79659625603995 -12.213107340783026, -72.59169863772601 -12.06228848812191, -72.3595171861384 -12.16236765565898, -72.15546210009532 -12.011477528215584, -71.92387858534794 -12.111092340989297, -71.89582994817776 -12.361428226503545, -71.66433866095 -12.460401603695464, -71.63610760953976 -12.710320150204023, -71.40471813271313 -12.808633162794804, -71.37630571594879 -13.058110670225059, -71.14502762870774 -13.155744774673371, -70.94270486648642 -13.004099065174817, -70.71209521970283 -13.101244671981243, -70.68326218412538 -13.34982671133154, -70.452788887668 -13.446267534860496, -70.25170487543878 -13.294343596536903, -70.02193801183863 -13.390290118365067, -69.99269590785802 -13.63793198463719, -69.76308996804889 -13.733149094476822, -69.56329508112773 -13.58096090490501, -69.33443251916553 -13.675678865407473, -69.13561487488174 -13.523460400400158, -68.90751702418532 -13.617681690638133, -68.87765853590739 -13.86386477777769, -68.64976027237448 -13.957326919745979, -68.45230778092645 -13.804870549943137, -68.2252092919701 -13.897832517630329, -68.19497364492743 -14.14297566925325, -67.96809807412932 -14.23515696180962, -67.93770029188609 -14.479725861908532, -67.71105667384565 -14.571111517525143, -67.68049807072373 -14.81508554934923, -67.87678709818302 -14.968172013840828, -67.84627156940944 -15.212031789406163, -67.61926306989433 -15.302304732752045, -67.42337731317353 -15.149019991543552, -67.19722456042219 -15.238771281516811, -67.1663483313015 -15.481495300148136, -66.94045441375309 -15.570408770136332, -66.74605394747415 -15.416917968076696, -66.5210481307798 -15.505309412797255, -66.48982378163117 -15.746862315612134, -66.26509898206594 -15.834398730020922, -66.23372215213243 -16.075275833111267, -66.00928707784018 -16.161944836468365, -65.97775918762133 -16.402127763116024, -65.75362249788952 -16.487917439915936, -65.72194498363831 -16.727388239327997, -65.49811528692898 -16.812287141047907, -65.46628960027087 -17.051028293407107, -65.24277545227734 -17.135025439701195, -65.05173026471336 -16.980651684715188, -64.8291860183075 -17.064115012832296, -64.63928867081908 -16.909750129547483, -64.6714570609812 -16.672087267263603, -64.89335558452578 -16.58824534214583, -64.92538173625377 -16.349849620869207, -64.73567683791138 -16.19584669188181, -64.76772832620725 -15.957284747070366, -64.98931703389619 -15.872175949181383, -65.02122628250638 -15.632913997702982, -64.83171475608835 -15.479317414993263, -64.61076763208284 -15.564796345305204, -64.42239830554207 -15.411255439202764, -64.45449743870532 -15.172430095064469, -64.26679404480211 -15.019154002520867, -64.29891550925367 -14.78023151564745, -64.11187676909076 -14.627242531879945, -63.89320333337281 -14.712973086350079, -63.70731805867396 -14.560082520334287, -63.73961475885383 -14.32167226586299, -63.55439343072642 -14.16910503561679, -63.33737234574954 -14.254736312898078, -63.15331360677206 -14.102294521737086, -62.93731437932904 -14.187455578638357, -62.754426221557935 -14.035151941297606, -62.53946180173577 -14.119847434764713, -62.35775169499857 -13.967694481998826, -62.39048950486281 -13.731067259165386, -62.20944208085811 -13.579299426256988, -61.996177878663104 -13.663936592502179, -61.96330937264803 -13.89993918575485, -61.74766405741954 -13.999884262283352, -61.564590385364426 -13.863498557981424, -61.59776243637732 -13.626930311820097, -61.41449041702165 -13.489613055950812, -61.197452383875074 -13.589097308294695, -61.01339383016949 -13.451087351636595, -61.04696357091133 -13.21336694182546, -60.8627145738495 -13.074443977388151, -60.89637883269765 -12.836147069388968, -60.71194173756331 -12.696324445043643, -60.74570015975675 -12.457469602487677, -60.561077324137386 -12.31676111682232, -60.34211939807692 -12.415115203388796, -60.15674025756687 -12.273735352559758, -60.190891705261265 -12.033801302203308, -60.005335078023165 -11.89155704747534, -59.78506156760423 -11.98944282057078, -59.598768339651855 -11.84653747760398, -59.377468174178176 -11.94428881861056, -59.19045259228896 -11.800725719758264, -58.96814152845677 -11.898336602403115, -58.93309950828507 -12.13983578288669, -58.71003972685605 -12.237620501464725, -58.52177646618479 -12.09358548749626, -58.2977315227231 -12.191212509999097, -58.10878463139582 -12.046522631860945, -57.88377172274923 -12.143985947393126, -57.69415700040595 -11.998645330231193, -57.73007653375669 -11.755668729656222, -57.54032245281269 -11.609513389136678, -57.31413610550787 -11.706503446930638, -57.12373721287257 -11.559711136950199, -57.16003229053487 -11.315768365311465, -56.969503533610066 -11.168187946678628, -56.74218098267093 -11.264706897974019, -56.55103112013559 -11.116504506075348, -56.587697222454935 -10.871635180790323, -56.39642718579586 -10.722672675582277, -56.16800682572685 -10.818723742094075, -56.131057832848 -11.064035725077687, -55.90196084164077 -11.160211414869009, -55.70962095008295 -11.01078218018739, -55.7468505906096 -10.765038769823425, -55.55440486006353 -10.61487095946104, -55.324266569383894 -10.71058142320096, -55.13126002695179 -10.559820554888903, -54.90029369400301 -10.655353252111066, -54.70674486484009 -10.504006111836787, -54.74460832165906 -10.257005180028703, -54.55097127725692 -10.104961890154835, -54.58891391203386 -9.857554755760528, -54.8202209423972 -9.762589148042588, -54.85797015554806 -9.515192890242409, -55.08864044282464 -9.420358912512192, -55.12619559064265 -9.172998741840386, -55.35622188463512 -9.07831819918926, -55.393582357610114 -8.831019234423296, -55.20119188760361 -8.6779927439049, -54.97098970325075 -8.772364776039648, -54.933354511112256 -9.020071204497969, -54.702513611173174 -9.114606867118408, -54.50914132557992 -8.961134225205873, -54.27750717642688 -9.055520781204876, -54.23940785169904 -9.303670296242235, -54.433212763849966 -9.457045289398826, -54.39519150525591 -9.704835384368415, -54.163095308129215 -9.799632839678818, -53.968864665560886 -9.646358846715453, -53.73600132917835 -9.740983771450667, -53.54128189309651 -9.587163118898195, -53.57983896632879 -9.338622019954869, -53.38505234699494 -9.184171490634096, -53.15130606873839 -9.278354271239232, -52.95605823607028 -9.123378634003824, -52.721599498637346 -9.217388381286062, -52.525910651322576 -9.061896453013286, -52.29076296079492 -9.155729295131495, -52.09465361332238 -8.999730173098625, -52.134063066999346 -8.749825196396406, -52.36932688374452 -8.656244021520811, -52.40855249704572 -8.406351586635541, -52.21276945975016 -8.249719921929653, -52.25206643173141 -7.999539280671185, -52.056240709858585 -7.842371547411388, -51.82075532697684 -7.93544269549118, -51.78120550920613 -8.18593683584537, -51.54518313668058 -8.2791002677853, -51.348612001088554 -8.121521166381973, -51.11196819316095 -8.214517468227513, -50.915034738276916 -8.056479769240244, -50.95507990843629 -7.805398745803349, -51.19181351493981 -7.712641230214295, -51.231680485491125 -7.461596236938596, -51.035059104451534 -7.303027552083628, -50.79823930789459 -7.395544390474879, -50.60127189512119 -7.236547648049928, -50.36387512058985 -7.3289120386521445, -50.32352311562835 -7.580503926745741, -50.08564142975871 -7.672935641185124, -50.045115428881616 -7.9245490937661565, -49.806758458003486 -8.017025288249455, -49.608868175165696 -7.857675399191266, -49.64962887575683 -7.605816492445939, -49.45174488137695 -7.446022129572327, -49.21281814513222 -7.538116786942631, -49.0146677456417 -7.377923154572685, -49.055718753501 -7.125615009847488, -48.857585975699294 -6.965017539510664, -48.618139635894494 -7.056745450920073, -48.419771341717365 -6.8957768524072005, -48.461104466485494 -6.6430734592338405, -48.26276515590473 -6.481742500358354, -48.304154737784074 -6.228880751451975, -48.10584738506097 -6.067212629010175, -48.147292733531685 -5.8142190594394645, -47.94902030647211 -5.652239168390299, -47.7090705526619 -5.743240544134071, -47.51061054761533 -5.5809527135770445, -47.55232467579199 -5.327686329952142, -47.792286189357014 -5.236874353997126, -47.833840994089684 -4.983697230328002, -48.07341517043062 -4.892960023466772, -48.11480919231144 -4.639898883925603, -47.916844583167546 -4.477406349457022, -47.67725578656763 -4.56794202705141, -47.479105874965995 -4.4051809118774745, -47.520767358457164 -4.151927632697414, -47.32266417411597 -3.988957948854325, -47.08268924115637 -4.07919571268531, -46.88443198746762 -3.915988247225052, -46.9263522851021 -3.66259945410743)), ((-61.441030218368994 9.948465296497867, -61.263765125727275 10.104767991246563, -61.05380291498312 10.038637482331154, -60.875808777571024 10.195073669020752, -60.908324841701 10.417429954755482, -61.11855374977752 10.482991504120976, -61.15087683544323 10.704331675194743, -61.360364391043504 10.769087233116265, -61.53725873807649 10.613073488849276, -61.505217313920184 10.392092155331154, -61.68192787913132 10.235996519957844, -61.64997553050148 10.014367368795291, -61.441030218368994 9.948465296497867)), ((-77.71096351719976 6.142558293217917, -77.6879730972557 5.905929676774961, -77.88924638883753 5.774282681976827, -77.866347092873 5.536734412212296, -77.64189518237269 5.431069187192103, -77.61880756564993 5.192850302182536, -77.82045149330725 5.060061666078636, -77.79745506739172 4.820950498519541, -77.5725347082108 4.714868488635401, -77.54934934493228 4.475119158982294, -77.75136465652551 4.341212607930663, -77.72827054847208 4.100599800107349, -77.5028804418748 3.9941384034509846, -77.47959677875087 3.752921175239483, -77.68198421837774 3.617921993125758, -77.65879187244104 3.3758715023755177, -77.86163127877793 3.240214907739861, -78.08773504089974 3.3470189589020665, -78.29108978716322 3.2111264015667347, -78.26827612196826 2.9680272079117995, -78.47207281981123 2.8315076659566016, -78.69873601500697 2.9384880024659092, -78.90301858720032 2.801753898887182, -78.88059257898568 2.5576466548931904, -78.65359117013202 2.4504877035078603, -78.6309700631572 2.20582240531357, -78.8356435568343 2.068104162940728, -78.81312041679959 1.822684664020373, -79.01822864794447 1.6843955985835866, -78.99580460373689 1.4382417432843067, -79.20134506040601 1.299401456104205, -79.17902124349442 1.0525335370495972, -79.38499135968551 0.9131620569515201, -79.61330924502523 1.021031388729471, -79.81972356015108 0.8815145954865442, -79.79780368762836 0.6337643978366092, -80.00463638649316 0.493751438283745, -79.98282112851228 0.2453348702965894, -79.75386762086663 0.1371130509632813, -79.73185129839217 -0.1117709468982679, -79.93909445287176 -0.25261169210328, -79.91718290659199 -0.5021242730227106, -79.68772175354158 -0.6106120955845079, -79.66560840202766 -0.8605516076296464, -79.43596008504055 -0.969106882839318, -79.41364518476756 -1.2194486126578743, -79.62128421684426 -1.361423828648549, -79.5990732531283 -1.6123384407231975, -79.36891716774679 -1.7210835262083835, -79.16130212077402 -1.5787671341732, -79.18381828802785 -1.3280481479421498, -78.97664021080986 -1.1861583270570053, -78.99925813630671 -0.9360183549279105, -79.22875200654612 -0.8275651345038085, -79.25116968790022 -0.5778191700727161, -79.04439524144505 -0.4367328599180306, -79.06691455071866 -0.1876051575620467, -78.86057635919373 -0.0469958748257103, -78.88319614568469 0.2014914666447293, -78.67729677666806 0.3416025251370545, -78.70001589227586 0.5894278156019305, -78.49455785829605 0.7290198559359885, -78.51737515766155 0.9761618241502165, -78.31236091647037 1.115214465191219, -78.0845877120625 1.0075039663250398, -77.88008461163767 1.1463832674711851, -77.90328884234133 1.39258576055859, -77.69923991667075 1.5308918950424637, -77.7225378524399 1.7763647966508143, -77.5189453407067 1.9140784943721703, -77.54233584398345 2.1588020151819993, -77.76903430251886 2.2660583001140733, -77.79223294288482 2.510262965127355, -77.58901736490888 2.6469627628310244, -77.36268386847323 2.539859255741851, -77.16001068756826 2.6763320510113533, -77.18358292774091 2.9194992705617153, -76.98137255726996 3.0553245074852367, -77.0050339744083 3.297685736861436, -77.23062781752287 3.404481686346244, -77.25410059147325 3.646281832907734, -77.05225717718022 3.7810244571218665, -77.07581908656117 4.021987201908244, -76.87443719086315 4.156043210541167, -76.89808712082232 4.396151404762155, -77.12284382971701 4.502463318077022, -77.14630678646873 4.741962525021487, -77.37097022692114 4.84807957364534, -77.39424573824937 5.086948892691636, -77.19313417680252 5.219448566739088, -77.21649873259497 5.457421833107874, -77.01584212911435 5.589194628385236, -77.03929462948965 5.826256292826533, -77.26312987000307 5.931795692705455, -77.28639657306688 6.168183325520732, -77.51013458199746 6.273470833149958, -77.71096351719976 6.142558293217917)), ((-60.67997625003699 8.849480573091794, -60.85871052672937 8.692541104226386, -60.82607227026753 8.466345074403323, -60.61441745499167 8.39670971281762, -60.435139572589634 8.553835598836029, -60.46805988013577 8.780409611894862, -60.67997625003699 8.849480573091794)), ((-62.92210841307774 10.621391941602509, -62.8911086263731 10.402555618693887, -62.68575989127014 10.338719403880239, -62.51112223151469 10.49431116581322, -62.30472228218957 10.43025123149055, -62.12932183525423 10.58599565097776, -62.16088785241669 10.805587641648295, -62.36757153707086 10.869062075160501, -62.54240534349367 10.713529192008048, -62.748042893146234 10.7767745511376, -62.92210841307774 10.621391941602509)), ((-79.34650392046606 -1.972358412726616, -79.55455325718975 -2.115078883009481, -79.53224409400562 -2.3668861897360234, -79.3015786208942 -2.475776780728, -79.09355560334477 -2.332724127197367, -79.11617084392797 -2.0811143677731714, -79.34650392046606 -1.972358412726616)), ((-118.38604677616748 34.25924045292967, -118.67092378069164 34.32982085501092, -118.89329043734647 34.15915947339577, -118.83106703017792 33.91826626424624, -118.5473605014824 33.847633648977784, -118.48595051692138 33.605897794609334, -118.202781298695 33.53408150626043, -117.97987039179853 33.704043398783384, -118.04038609770777 33.94617247140065, -118.32471169293866 34.01794786850725, -118.38604677616748 34.25924045292967)), ((-39.753376486599166 -3.220741911854762, -39.55587591053589 -3.0555025301675087, -39.60054367847658 -2.8019198361470385, -39.842590489588645 -2.713466156503881, -40.040139618063876 -2.878586853797825, -39.995594742764524 -3.1322787952621414, -39.753376486599166 -3.220741911854762)), ((-60.22248927706363 8.483987244343306, -60.18937520528115 8.256453211352735, -59.975994795677025 8.185834227378297, -59.79547673591175 8.343304576604737, -59.82887157933098 8.571207549903752, -60.04250398254953 8.64127208027536, -60.22248927706363 8.483987244343306)))",Sapo-toro Comun
134,22958,22923,Leptodactylus bolivianus,species,20978,Amphibia,2.32,"MULTIPOLYGON (((-69.504239414524 -14.074742622461615, -69.304793131853 -13.922337412024412, -69.07611564209792 -14.01630259908811, -69.0463073364458 -14.26241573072193, -68.81782419134687 -14.355612140320513, -68.78784821389232 -14.601158452407317, -68.55956865938167 -14.69357051909222, -68.36185650274133 -14.54071095928458, -68.13438490138405 -14.632608133859831, -68.104031686673 -14.877079771995582, -68.30135952991598 -15.030141590306627, -68.27105202816514 -15.274491578936534, -68.46902338210077 -15.427708889774307, -68.43876274948617 -15.671912863868185, -68.21031869476556 -15.762417368398129, -68.01273596015331 -15.609011320782164, -67.78512235426649 -15.698981443046977, -67.75448855021018 -15.942054167258604, -67.52711520881722 -16.031182187984935, -67.330987032468 -15.877548709578702, -67.10447779099098 -15.966141787881737, -67.07348336534 -16.208047416828737, -66.84723721345648 -16.295780853005365, -66.65260682973077 -16.14193729240607, -66.42725717863743 -16.229136149320404, -66.39591481369196 -16.469840559849025, -66.17085050401337 -16.556163553471066, -66.13935557578924 -16.796157879430993, -65.91458534969429 -16.881593262278724, -65.88293929303344 -17.12085977775364, -65.65847184271203 -17.205396272130223, -65.46628960027087 -17.051028293407107, -65.24277545227734 -17.135025439701195, -65.2108030598243 -17.373019860655283, -64.98761296155521 -17.45610474000562, -64.79704250095517 -17.301573332869328, -64.57483463309343 -17.384122050375016, -64.54254888385297 -17.620815720520845, -64.32068569406002 -17.702440074961398, -64.13176289335645 -17.547764533273163, -63.91090950850224 -17.628856729930863, -63.87832342295741 -17.86422271845306, -63.65783467860818 -17.944379716118814, -63.625112410213774 -18.17894877910269, -63.4049963300659 -18.258162036802887, -63.372139423436664 -18.49191926194493, -63.55955077602427 -18.647011748947428, -63.52671131349109 -18.88049126869321, -63.71480646972988 -19.035714133191714, -63.68198543081675 -19.268894207761, -63.46091485560757 -19.346310948623564, -63.42795776344428 -19.57863715688885, -63.20726905905559 -19.655081123642947, -63.17417748573226 -19.886539961721446, -63.36192561055469 -20.04208799140188, -63.32885045294674 -20.273199118580333, -63.107876456529084 -20.348229811851464, -63.07466690508345 -20.578447595192035, -62.85408745432113 -20.652486252438038, -62.82074510624054 -20.881798360169277, -63.00812948953137 -21.0375963942458, -63.22938807395799 -20.963995977027583, -63.41799709511203 -21.119750660324648, -63.384820313162464 -21.349184939625076, -63.16288191470207 -21.422348894203445, -63.12956931760834 -21.650852913163448, -63.318347381778906 -21.8067011170256, -63.28505113394439 -22.034770680795294, -63.062824845924894 -22.106485317506596, -63.029392874285264 -22.333601649822445, -62.80756729901569 -22.404296744571067, -62.619862249966616 -22.248320550467472, -62.39913579419033 -22.318442488958883, -62.21267959027955 -22.162407084986725, -61.993065527268016 -22.23196451792558, -61.8078655345077 -22.07588584140724, -61.589376518798886 -22.144887447335726, -61.55539450944019 -22.369501944393917, -61.337346587430176 -22.437483799364525, -61.153978052686284 -22.28132348272165, -60.937077310820044 -22.34875990147937, -60.7549848322204 -22.192587969328432, -60.78921647554779 -21.969033759660732, -60.601908270997 -21.848063203933375, -60.63623662501054 -21.623581200879908, -60.44873890519996 -21.50151670436354, -60.226321578933636 -21.60423976105729, -60.03804951187172 -21.481388369192516, -60.07278179676473 -21.25551271753119, -59.88432888361487 -21.13157499782226, -59.919156345683305 -20.90479082356178, -59.73052512892508 -20.779772920130377, -59.506490814877566 -20.881833171246658, -59.31711236331006 -20.75603134993443, -59.352339368072194 -20.527880038236866, -59.16279158121017 -20.401007632651854, -58.937453667841936 -20.50257226421263, -58.74718035259403 -20.374917816208328, -58.52082255015543 -20.476157467325457, -58.32983944365277 -20.34772009809141, -58.36576338528255 -20.117766828920306, -58.17462688202387 -19.988273651784127, -58.210642075873665 -19.757445479572084, -58.019354875022955 -19.626904876637443, -58.05546085994155 -19.395214568060084, -58.28255545580963 -19.294517639171836, -58.31845371201922 -19.062431348556302, -58.544798358305115 -18.96161504954438, -58.734997294668375 -19.092691940690646, -58.69939878268343 -19.324316533777186, -58.473301174039406 -19.425326405713072, -58.4374942149889 -19.65656343181003, -58.6280851322384 -19.786329149719805, -58.853932596153015 -19.685130021628613, -59.04381121787284 -19.81412116069007, -59.268636649897275 -19.71261386230006, -59.30384073802183 -19.48230910471233, -59.527892324797506 -19.380699713665134, -59.56288676742942 -19.150024109053465, -59.78615962718351 -19.048333763574387, -59.97416853644509 -19.177113943732984, -60.19638465698162 -19.075149862714472, -60.383633924225535 -19.203165675732663, -60.60477784045182 -19.100936786686788, -60.791253391874136 -19.22818924867405, -61.01131020368422 -19.125704539640942, -61.0451781018765 -18.896188635174443, -60.859296095376024 -18.76864619647567, -60.893260184928835 -18.53830730231185, -60.70718679006427 -18.409720638340154, -60.74124670661624 -18.17857186858923, -60.554984344417065 -18.04894928127659, -60.58913971881897 -17.817004185174365, -60.40269082287992 -17.686354433488304, -60.43694128121476 -17.453626995375725, -60.250308297517265 -17.321959298354844, -60.28465346112078 -17.088463937202793, -60.097838847852486 -16.95578797657974, -59.87610305740267 -17.056872209853147, -59.8414548969273 -17.290877876170796, -59.618938806006454 -17.391970588486696, -59.43080547852546 -17.258815641917764, -59.2072521927968 -17.3596628566863, -59.17209411923838 -17.593897486306677, -58.947774258018214 -17.69471959495631, -58.758358608924226 -17.561078143421838, -58.533027392791354 -17.661634093096175, -58.342907756196766 -17.52724567366964, -58.116582497678635 -17.627527303925362, -57.925774825715564 -17.492392836168428, -57.96182775278015 -17.256729589725936, -57.77087459930435 -17.12060723001271, -57.807017034614844 -16.884181148024222, -58.03381737778422 -16.78434294477845, -58.06975414385593 -16.547634619386994, -58.29581637414438 -16.447764312636963, -58.48570083581032 -16.58436980711968, -58.710774296533685 -16.484246950665618, -58.746207976020756 -16.24776105826328, -58.970527925846284 -16.1476401027392, -59.15916126758273 -16.283758699696925, -59.38246570084098 -16.183405250963517, -59.57037497669906 -16.318795857746423, -59.79264753003386 -16.21821766913247, -59.82727449031144 -15.982509381969846, -59.63992985676005 -15.846871378124852, -59.674649960616335 -15.61045716401625, -59.487133648613536 -15.473854287597659, -59.52194649398402 -15.23675071479819, -59.3342610199595 -15.099194984843331, -59.369166200171804 -14.861419043198547, -59.59145770171318 -14.76171083724843, -59.62615613845358 -14.523790447629493, -59.847678619833715 -14.424178439760933, -59.882170242912196 -14.186136676388898, -59.69543886386745 -14.047188963433994, -59.73002322710269 -13.808524104835335, -59.951039681661 -13.709331541138317, -59.9854175727923 -13.470584500139658, -60.20565998024398 -13.371539185919499, -60.239831371093516 -13.132733120821396, -60.0540598874171 -12.992442653628688, -60.08832438652664 -12.753064456300441, -59.90237654238359 -12.611887778708834, -59.681599547302895 -12.710295452725394, -59.64703657915325 -12.950200805250722, -59.42549358585504 -13.04877451975664, -59.23825496025364 -12.907126239785592, -59.0156958646176 -13.00553830523623, -58.8277454949983 -12.863215416734699, -58.604186609936335 -12.961459399636189, -58.415539615201666 -12.81846513098838, -58.45099000964967 -12.577034805468136, -58.26219176690087 -12.433184871322679, -58.037412869550266 -12.530953400048583, -57.8479401508408 -12.386443997942937, -57.88377172274923 -12.143985947393126, -57.69415700040595 -11.998645330231193, -57.73007653375669 -11.755668729656222, -57.54032245281269 -11.609513389136678, -57.576329487090135 -11.366038982091318, -57.38643870129272 -11.219085851912945, -57.42253277172861 -10.975134738528503, -57.64822918935961 -10.878611514305177, -57.684121921879864 -10.634676376675953, -57.49460661647703 -10.48679282456153, -57.53058645446623 -10.24242009806895, -57.34093563520881 -10.093781823999077, -57.11479911203935 -10.189658796330107, -56.92451421801361 -10.040418225330557, -56.69746658272709 -10.136155382337549, -56.50656443987714 -9.986318465198101, -56.54320064997418 -9.740615440980761, -56.77045566516537 -9.645200676066764, -56.806893148734645 -9.399560520925178, -56.616358934461545 -9.2488874627558, -56.652881067802554 -9.002881093938017, -56.46222624178742 -8.851520751482719, -56.49883253537185 -8.605171187275346, -56.725811464523346 -8.510630213597432, -56.9159777291772 -8.662100093134162, -57.14205848892823 -8.5674495619758, -57.17818312406415 -8.32167866726864, -56.98851119239106 -8.170102931212147, -57.02472113762454 -7.924025296792258, -57.25031889099267 -7.82998390978377, -57.286330084547174 -7.584078712043018, -57.09702760717565 -7.4317587220742025, -57.13312419239699 -7.1855885263454, -57.358239246651976 -7.092199399663707, -57.39413727729061 -6.846243988024217, -57.618551503285914 -6.753164924825606, -57.654250651166535 -6.5074481451485635, -57.87795832330001 -6.414698797696542, -57.91345829169927 -6.169244276366225, -58.13645384342806 -6.076843989241718, -58.171754366722496 -5.8316751172035906, -58.394032389911644 -5.739642916209388, -58.42913323321716 -5.494782835434483, -58.65068847742586 -5.40313741701339, -58.68558943622921 -5.158609007394153, -58.90641680793624 -5.067368728571454, -58.94111770771903 -4.823194595264784, -58.75527961774361 -4.669773889333751, -58.79006890819146 -4.42548543559929, -59.01040805182994 -4.335108266940477, -59.04499756486106 -4.0912142093508415, -58.85953605809128 -3.937212225631592, -58.894213985502915 -3.6932455958432215, -59.114065444892134 -3.603769479511762, -59.29899279758402 -3.7578088680327477, -59.51786020623523 -3.668348005159616, -59.55204979558059 -3.425308144607659, -59.77017442935539 -3.3363307715930395, -59.80416392995724 -3.093750063559258, -60.0215413873474 -3.0052725592118246, -60.20466863641688 -3.1589018082645692, -60.42103048464914 -3.070457725752228, -60.45452899604007 -2.8288670976385095, -60.67013163392825 -2.740946418993849, -60.85196502012258 -2.8941286998792712, -61.06653051107726 -2.8062509200609074, -61.24761247709898 -2.958951084606155, -61.46112757882426 -2.8711181630457747, -61.49384060500961 -2.631086300222949, -61.706578535411666 -2.543806274532446, -61.88631731444457 -2.6960522057854575, -62.097985588768836 -2.608825866741964, -62.13020413040293 -2.3698673873899465, -62.341085639802884 -2.2832149875985785, -62.373103527713226 -2.044807658753163, -62.58319535507479 -1.958742991732699, -62.76097133414524 -2.1105599867563622, -62.96996987378259 -2.0245634926826903, -63.146941541294154 -2.1758891969154237, -63.35483607296911 -2.0899624471169327, -63.38606485400177 -1.8532473405116825, -63.59315615057437 -1.767933434068281, -63.77117798255662 -1.903812850073303, -63.980683370443444 -1.8031241217329077, -64.01157205527682 -1.5663763441806335, -64.22140327895893 -1.4652505364757045, -64.40093563577764 -1.6010457497170816, -64.61167361907468 -1.499663947041414, -64.6422901899692 -1.262324055991768, -64.85333686173232 -1.1605314173998622, -65.03435059135501 -1.2962351384887658, -65.24628031936506 -1.194196313598923, -65.27661364267897 -0.9563078478866309, -65.48883437278113 -0.8538852839574365, -65.67129865402141 -0.9894906908289209, -65.8843776391563 -0.8868324040758353, -65.91441661639207 -0.6484399212197847, -66.127768393994 -0.5454258115219679, -66.31165074752923 -0.6809265596532608, -66.52583489613372 -0.5776878318827608, -66.55556848232139 -0.3388368494246846, -66.7700067081354 -0.2352709960584783, -66.95527301222444 -0.370661226309582, -67.17051666051016 -0.2668824842953675, -67.19993388294743 -0.0276194167716328, -67.41541240698588 0.0764570138858078, -67.60202691797802 -0.0588173300806042, -67.81828287308846 0.0454596548211299, -67.84737285037421 0.2850875631049705, -68.06384401480749 0.3896321053388912, -68.25176939250946 0.25447852255377, -68.46898897870862 0.3592107024216931, -68.49774094000207 0.5991554486098694, -68.71515562710816 0.704124408856406, -68.90435296505139 0.5690959685217689, -69.12248607499976 0.6742390933983808, -69.15088937943406 0.914451991060194, -69.36919706459199 1.0198005257544567, -69.55962592521611 0.8849011180971822, -69.77862107626704 0.9904098168143971, -69.80666523244304 1.2308415744057986, -70.02581404209236 1.33652377394589, -70.21743249683335 1.201756803469136, -70.4372368922529 1.3075846705009688, -70.46491157773548 1.5481854730114377, -70.68484835219354 1.654154451540513, -70.71236217913703 1.894432256283233, -70.93242308714444 2.000520967426188, -71.12546770215575 1.8663421265543332, -71.3461380631531 1.9725501172103275, -71.3732690886179 2.212915253159621, -71.59404189964383 2.3192100443397816, -71.62100793599686 2.5591977243686777, -71.84187487580209 2.6655578251192127, -72.03625613194332 2.5319677734770707, -72.2576850314239 2.63841978051059, -72.28425539754559 2.8784129199137993, -72.505756399759 2.9848969289056404, -72.70115481023298 2.8514425908766516, -72.92318294614279 2.958002339971721, -73.11933518532874 2.8242367042838654, -73.34186895756827 2.930867852030612, -73.53875768156864 2.7967978496217913, -73.51290293749666 2.555654325104636, -73.7103118407012 2.4208473674294306, -73.93377513136191 2.527624609686779, -73.95938269421728 2.7691287535201994, -74.18286180556693 2.87588960872667, -74.38116987274273 2.741232279361108, -74.35581373610134 2.4993792174915646, -74.55463028305971 2.3640071669747478, -74.77897762390813 2.4709213101028227, -74.97847007058412 2.335278075426465, -74.95344745685122 2.092294622586333, -75.15344073706947 1.9559648224075048, -75.1284971484864 1.7122062850440496, -75.3289897449843 1.575207072532378, -75.55457792520025 1.6823855054139543, -75.7557141733522 1.5451471634988714, -75.73111737313738 1.300318845622782, -75.93274463533714 1.1624412855593045, -76.15910244050117 1.2698016390488969, -76.3613464903785 1.131706099197916, -76.5880370647483 1.2391449378701866, -76.79087742360258 1.1008401173716356, -76.76691411756057 0.854699141023087, -76.97022942102507 0.7157998175322842, -76.9463554001826 0.4689550165235676, -77.15014363577131 0.3294805490572494, -77.37790194734575 0.4372402672339354, -77.58225059714334 0.2975925695657111, -77.55875235960492 0.0498042588509923, -77.33061915092408 -0.058077290418739, -77.30692715339092 -0.3062675016540184, -77.51165499928366 -0.4468324451745525, -77.48805574797744 -0.6956633898301829, -77.6932501628833 -0.8367428195276974, -77.66974481939407 -1.0861926308969436, -77.87540357250923 -1.227765497233854, -77.85199330217694 -1.4778119072628484, -78.0581141072264 -1.6198567621501967, -78.03480007901221 -1.8704771124554052, -77.80507143099632 -1.97880720559039, -77.7815596996205 -2.2297377302813435, -77.98807077151432 -2.372580121609159, -77.96465536113574 -2.624044196091473, -78.17162958972769 -2.7673074382246114, -78.14831168118697 -3.0192814526616822, -77.91772269829552 -3.127750550561326, -77.89420531386841 -3.379973875687589, -78.10157410733679 -3.5239660019309147, -78.07815430949623 -3.776657386729889, -78.2859873398309 -3.921017143557395, -78.26266632140091 -4.174152123268299, -78.03121235954897 -4.282690095116612, -78.00769007402394 -4.5360119523550555, -78.215922021615 -4.681029003649356, -78.19249860627708 -4.9347512707176096, -77.96054254721092 -5.043217648529023, -77.75238208529962 -4.897890075900889, -77.52067537290118 -5.006120034254985, -77.49675186539116 -5.25973603443008, -77.26493240996957 -5.367776220891336, -77.24080899979326 -5.621499331217645, -77.4488005386563 -5.767439522726833, -77.42477258455575 -6.021507080489503, -77.19245720504244 -6.129371545738038, -76.9845631473675 -5.983129469642784, -76.75254570653657 -6.090718829374163, -76.72802403833592 -6.3445759905671855, -76.93581190919517 -6.491116860209289, -76.91138334149358 -6.745280672977611, -77.11966606249493 -6.89209457625292, -77.09533182332918 -7.146539230791571, -76.86241996948897 -7.25389815501348, -76.83788502900201 -7.508331601746768, -76.60488333951031 -7.615384019791364, -76.58014825247722 -7.869779404929155, -76.7887082975065 -8.017397201045393, -76.76406636943894 -8.272009021751941, -76.53057058488983 -8.378722849759658, -76.50572786712198 -8.633250568786162, -76.27215402159719 -8.739600129866282, -76.0638446507661 -8.591440583484115, -75.8306298728602 -8.697433523603019, -75.80529794004126 -8.951554197423203, -75.57203106686545 -9.057147906067518, -75.54650147161907 -9.311123793188711, -75.75452471981764 -9.459810512024937, -75.72908329493629 -9.713925856892644, -75.4953323294983 -9.819044862290985, -75.46969264512715 -10.072969786782053, -75.23590178029528 -10.177633411022684, -75.21006453551074 -10.43134167659608, -74.97624339575785 -10.535527724554438, -74.95020931610983 -10.788993265033671, -74.71636755500714 -10.892679807490689, -74.50902313231173 -10.742985375722371, -74.53533624423456 -10.489851272917866, -74.32854101198981 -10.340323347590756, -74.095628760936 -10.443680574657552, -74.06904133463121 -10.696469321470904, -74.27563926949468 -10.846247154674371, -74.24913219240693 -11.099105998942752, -74.456284690342 -11.249042135690516, -74.42985922306006 -11.501944803705442, -74.19600528481268 -11.604567688458824, -74.16938531722273 -11.857150639559364, -73.93553986976382 -11.959209979893785, -73.72879786565295 -11.808803283674674, -73.75569039470554 -11.556571304856528, -73.5495135255532 -11.406306545885082, -73.31666663629426 -11.508037824940137, -73.28950642008016 -11.759905241527784, -73.49545953781774 -11.910406851767702, -73.46837557333495 -12.162287697458352, -73.23507183372936 -12.263297174043464, -73.20779732818735 -12.514802095220956, -72.97453790576553 -12.615197367529246, -72.76905866908618 -12.464235678802508, -72.79659625603995 -12.213107340783026, -72.59169863772601 -12.06228848812191, -72.3595171861384 -12.16236765565898, -72.15546210009532 -12.011477528215584, -71.92387858534794 -12.111092340989297, -71.89582994817776 -12.361428226503545, -71.66433866095 -12.460401603695464, -71.63610760953976 -12.710320150204023, -71.40471813271313 -12.808633162794804, -71.37630571594879 -13.058110670225059, -71.14502762870774 -13.155744774673371, -71.11643491877116 -13.404757858680957, -70.88527779423342 -13.501694907406842, -70.68326218412538 -13.34982671133154, -70.452788887668 -13.446267534860496, -70.423779236246 -13.694357277710164, -70.1934517784187 -13.790075868986445, -69.99269590785802 -13.63793198463719, -69.76308996804889 -13.733149094476822, -69.73367504265676 -13.980271658096218, -69.504239414524 -14.074742622461615), (-60.76149667206208 -13.788106922252378, -60.54258625165757 -13.887621349521666, -60.50860220685605 -14.125227751560567, -60.288905676585564 -14.224891437532294, -60.254714412199725 -14.462406521414147, -60.034235943722756 -14.56219885564684, -59.99983745307824 -14.79959970222097, -60.1862182541603 -14.936680037279789, -60.40642347701746 -14.836595127003624, -60.59204739464283 -14.97296528769148, -60.81118688913105 -14.872703012927175, -60.84498211268225 -14.636367522258485, -60.65994025729078 -14.499757165576714, -60.69383007354452 -14.262777512122723, -60.91245956093547 -14.162952067516338, -60.94614186481865 -13.925888008512446, -60.76149667206208 -13.788106922252378), (-76.34706610373775 -7.97650188283808, -76.1391370765653 -7.82883536204228, -75.90640778406326 -7.935223160619923, -75.88118472655285 -8.189257868143917, -76.0889782604531 -8.337201663257334, -76.32213145146882 -8.2308324027801, -76.34706610373775 -7.97650188283808)), ((-82.28806052956973 9.37146012407908, -82.26845106002004 9.142008597884196, -82.47171920694178 9.012954329558866, -82.45221961015716 8.782505241387907, -82.22914621146872 8.681212428857252, -82.02581184157864 8.810662633482217, -81.80272251140397 8.70917375668947, -81.59968790049372 8.83831721694093, -81.61979490543906 9.068547836061118, -81.84263479213722 9.169751445076685, -81.86254748165896 9.39909489276335, -82.08513926060506 9.4998046868141, -82.28806052956973 9.37146012407908)), ((-76.61554495575629 5.851689627755251, -76.83909497101654 5.957287221049826, -77.03929462948965 5.826256292826533, -77.26312987000307 5.931795692705455, -77.28639657306688 6.168183325520732, -77.08610161471401 6.298780249803359, -77.10945622043846 6.534229903361209, -77.33283255058565 6.639328365656549, -77.35600194573074 6.874073430126912, -77.57927910490349 6.978892599404166, -77.60226284456255 7.212914224419377, -77.8254326660109 7.317434629275273, -77.84823032777877 7.55071435709269, -78.07128468597514 7.6549168003589525, -78.0938958699363 7.8874365736145755, -78.31682668220608 7.991302143033845, -78.51748187843415 7.862864297322106, -78.4951505169067 7.630132348987334, -78.27188327153964 7.526049005739128, -78.24936406989464 7.292549163529595, -78.02596694349678 7.188135833069438, -78.00326026500296 6.9538860735110015, -77.77974135503365 6.849161866623414, -77.75684758558378 6.6141805720437485, -77.53321503386015 6.50916488218894, -77.51013458199746 6.273470833149958, -77.71096351719976 6.142558293217917, -77.6879730972557 5.905929676774961, -77.88924638883753 5.774282681976827, -77.866347092873 5.536734412212296, -77.64189518237269 5.431069187192103, -77.61880756564993 5.192850302182536, -77.82045149330725 5.060061666078636, -77.79745506739172 4.820950498519541, -77.5725347082108 4.714868488635401, -77.54934934493228 4.475119158982294, -77.75136465652551 4.341212607930663, -77.72827054847208 4.100599800107349, -77.5028804418748 3.9941384034509846, -77.47959677875087 3.752921175239483, -77.68198421837774 3.617921993125758, -77.65879187244104 3.3758715023755177, -77.86163127877793 3.240214907739861, -77.83853136839271 2.9973489620038807, -78.04182055052617 2.8610525001128027, -78.26827612196826 2.9680272079117995, -78.47207281981123 2.8315076659566016, -78.44935487206622 2.5876159570601156, -78.65359117013202 2.4504877035078603, -78.6309700631572 2.20582240531357, -78.40382119051365 2.098507798216666, -78.38100533072358 1.8533070649627559, -78.58563016500541 1.7152008439185396, -78.56291124735496 1.469260588906084, -78.76797656250196 1.330589221349426, -78.74535572128745 1.0839295722836229, -78.51737515766155 0.9761618241502165, -78.31236091647037 1.115214465191219, -78.33527525711263 1.3616522683338483, -78.13070721196767 1.5001455509572537, -77.90328884234133 1.39258576055859, -77.69923991667075 1.5308918950424637, -77.7225378524399 1.7763647966508143, -77.5189453407067 1.9140784943721703, -77.54233584398345 2.1588020151819993, -77.76903430251886 2.2660583001140733, -77.79223294288482 2.510262965127355, -77.58901736490888 2.6469627628310244, -77.36268386847323 2.539859255741851, -77.16001068756826 2.6763320510113533, -77.18358292774091 2.9194992705617153, -76.98137255726996 3.0553245074852367, -77.0050339744083 3.297685736861436, -77.23062781752287 3.404481686346244, -77.25410059147325 3.646281832907734, -77.05225717718022 3.7810244571218665, -77.07581908656117 4.021987201908244, -76.87443719086315 4.156043210541167, -76.89808712082232 4.396151404762155, -76.69716872223606 4.529504470002312, -76.7209055619094 4.76874145035281, -76.52045258738055 4.901375720649468, -76.54427523000209 5.1397253124920645, -76.7682801009216 5.245707738629239, -76.7919179220399 5.483423510267432, -76.59182135360706 5.614888875630708, -76.61554495575629 5.851689627755251)), ((-83.30569850094108 8.724696564789431, -83.32458068728445 8.955318804180418, -83.54725120076861 9.055686954099917, -83.75124517473886 8.92574489621726, -83.73267519671366 8.69505317742795, -83.50979845933139 8.594371382537911, -83.30569850094108 8.724696564789431)), ((-79.29572715272701 9.325160769113644, -79.49653231101516 9.198429954010201, -79.71903035234058 9.300587299286185, -79.9202518292534 9.173504407978152, -80.14286703379648 9.275479605922444, -80.34448366249333 9.14805108037719, -80.5671917382145 9.24983973155584, -80.7691821459266 9.122072181909674, -80.7484785013368 8.892104955017333, -80.52548965298098 8.79005214339808, -80.32348596671797 8.918232251584348, -80.10057978862471 8.815999878258127, -80.079390769988 8.585330605946, -79.85629423890259 8.482671790835997, -79.65468495484625 8.610934999809169, -79.67616396227615 8.841437459621941, -79.47495549155086 8.968940996325973, -79.25228780230731 8.866362699750018, -79.05150871576392 8.993518142367353, -79.07337043825946 9.222825772226985, -78.87300254656758 9.349198239460353, -78.8949590509046 9.577477273507261, -79.11700133829495 9.67956991197502, -79.31740073419105 9.553624396539796, -79.29572715272701 9.325160769113644)), ((-80.82679976121378 7.368661277794516, -80.80602028707777 7.134082331287637, -80.58177094920417 7.0304087512615965, -80.37858439254498 7.161570731338016, -80.39966161614949 7.395999009969959, -80.62362840142768 7.499417488374652, -80.82679976121378 7.368661277794516)), ((-81.72254870503923 7.78059647917258, -81.49871374577656 7.677906057404391, -81.29522545321792 7.808551328590021, -81.31561522261184 8.041485990192188, -81.53919146899328 8.143901306913776, -81.55938624099737 8.375988827175387, -81.7827228033955 8.477949443556467, -81.98611597032955 8.348102035947507, -82.20945071619384 8.44987771959855, -82.41313475366907 8.319735293903761, -82.39354937755348 8.087424698157134, -82.16997329189023 7.985360703123072, -81.96622458189073 8.115897191352015, -81.7426359590381 8.013655514464812, -81.72254870503923 7.78059647917258)), ((-78.38400521333038 8.684732831634188, -78.4063352059499 8.914668693970734, -78.62866776814509 9.017574702677999, -78.82899658488573 8.890773668673257, -78.80694700929213 8.660637994611026, -78.58428735749185 8.55750171945092, -78.38400521333038 8.684732831634188)), ((-80.88895811155417 8.068848748698475, -80.86826861380793 7.836050093184038, -80.64451183746415 7.733039492099792, -80.44172506683661 7.863089569512244, -80.46271141347502 8.095740648809759, -80.2603119751998 8.225069858950585, -80.28140018228001 8.456736528912229, -80.50459364718644 8.55922721240313, -80.7069817014448 8.430309122678931, -80.68618842796683 8.198490750863552, -80.88895811155417 8.068848748698475)), ((-70.33187931033376 -18.18171544960488, -70.36136321615696 -17.938058580496104, -70.59505357295717 -17.847256568409847, -70.62435622651648 -17.602883045801168, -70.85819013831173 -17.511230008876776, -71.06328510305926 -17.664206244971552, -71.03422877821973 -17.908977618348057, -70.7998297728176 -18.00037575969526, -70.77058949143434 -18.24443403867213, -70.5363279893698 -18.33497256243769, -70.50690492559681 -18.57829848062045, -70.27279088932572 -18.66796335079599, -70.06867844916636 -18.514573383494753, -70.09834240108385 -18.271652237844567, -70.33187931033376 -18.18171544960488)), ((-83.19662137486658 9.999658082214115, -83.17770928526342 9.771954137549418, -82.95546402811054 9.672207404769882, -82.93635615601121 9.44357416479024, -82.71382757489975 9.343296213656659, -82.51063302754706 9.471955894043905, -82.530047366921 9.700498760909491, -82.75235040632013 9.800473924092232, -82.77156963747368 10.028093905690662, -82.99359595277147 10.12753294268216, -83.19662137486658 9.999658082214115)), ((-84.02884682176797 9.713286927807816, -84.2326072226846 9.584107429731118, -84.21443258977258 9.355269667501556, -83.99218372636909 9.255666816821265, -83.78830295764034 9.385226956321873, -83.80679087590589 9.614007677459346, -84.02884682176797 9.713286927807816)), ((-70.24318624107804 -18.910538090450864, -70.44793791899154 -19.063845342277645, -70.41839384182383 -19.30605019120196, -70.18385573572131 -19.394548996307282, -69.97944460691932 -19.241120951655507, -70.00922961825744 -18.99931575370855, -70.24318624107804 -18.910538090450864)))",Bolivian Thin-toed Frog
135,22959,22923,Leptodactylus bufonius,species,20978,Amphibia,2.32,"MULTIPOLYGON (((-65.80335842926995 -27.05532211354904, -66.00327088058876 -27.208737799869766, -65.97050837304458 -27.42910958173737, -65.73763771168677 -27.495687154439622, -65.7047137431184 -27.71497090880833, -65.90485589732712 -27.868048936774898, -65.8719658069659 -28.086608186355512, -65.63873828452056 -28.151720100495762, -65.60568667359792 -28.369177505715424, -65.80605761542067 -28.52188572784176, -66.03997389361662 -28.4571501932565, -66.24155892904669 -28.609497339804605, -66.4764813457992 -28.54403802241633, -66.50913349025687 -28.32586485297562, -66.30706765913611 -28.173504004011793, -66.33975781748754 -27.954582325305985, -66.13841072017678 -27.8018491249099, -66.17113766174967 -27.582194460033378, -66.40501003372437 -27.5149090899669, -66.60683291689844 -27.667648410534763, -66.84168703953371 -27.599645403506354, -67.04468942762789 -27.75202127744374, -67.01237518583312 -27.972393715685786, -67.21609029926208 -28.124383441734704, -67.18381873906107 -28.344006026503124, -66.9476180585677 -28.411293490556687, -66.91517504374323 -28.629812745644223, -66.67926678893458 -28.696006053137545, -66.64665390250316 -28.913415542206543, -66.85015978786403 -29.064970504650564, -66.81758741708695 -29.281601499704564, -67.02181452588748 -29.4327233703313, -67.2590776444116 -29.36723199815499, -67.29143490390948 -29.15027155551943, -67.52897977022097 -29.083679023283146, -67.73483681795652 -29.234387437388826, -67.70270100514651 -29.451669382737904, -67.46448509665159 -29.51792250731085, -67.43217264798682 -29.73408177964363, -67.19423300536623 -29.799230411375333, -67.16174549292214 -30.014261432127302, -67.36741719118933 -30.164458000996355, -67.60603266571833 -30.09964645988773, -67.81287845090354 -30.249377655233836, -68.05243401083594 -30.183786611307852, -68.08447277374101 -29.96813730069563, -68.32428271545527 -29.901437373607234, -68.5327148856343 -30.050707215349668, -68.50091007734123 -30.266653796287713, -68.71005428511455 -30.415400329702234, -68.6783031226485 -30.630502095127536, -68.43716906306543 -30.696569209995857, -68.40523271555969 -30.910531645588048, -68.61466900883792 -31.05870959564463, -68.5827859143841 -31.27180921618005, -68.79293896103995 -31.41942422281756, -68.7611105009604 -31.63164862891629, -68.97198046697466 -31.778682408414646, -68.9402080358997 -31.99001959269636, -68.69732075517096 -32.05405827267588, -68.66535932420918 -32.2642382341705, -68.87652996246554 -32.41063915417531, -68.84462417324329 -32.61991653155468, -69.0565164543449 -32.76569944850777, -69.02466772140417 -32.97406331304915, -69.23728172336256 -33.119211047718274, -69.2054914747093 -33.32665086374567, -69.41882721300225 -33.47114655319239, -69.38709689008917 -33.67765217834937, -69.1417763386666 -33.73942709930383, -69.10985130057539 -33.9447595955946, -68.86475164195194 -34.005400112758856, -68.65225026169671 -33.86098381615454, -68.40806086000352 -33.92076886843186, -68.37569657730226 -34.124690050858575, -68.13175715108896 -34.18334297946491, -68.09920467108401 -34.38608724853312, -67.85552645630837 -34.44360872355992, -67.64509384062269 -34.29867409394064, -67.67788224034989 -34.09617196480773, -67.46819313589087 -33.95059941978599, -67.22618294994041 -34.0075796476214, -67.1931653450054 -34.209833115317444, -66.95145036245863 -34.265687538235646, -66.74345931370034 -34.119594043710805, -66.5027606198441 -34.174632552632104, -66.2960143873533 -34.027986915047634, -66.05635409648832 -34.082221495490515, -65.8508677160489 -33.93504203972175, -65.61226718830986 -33.98848484203218, -65.40805495960588 -33.84078997244093, -65.17053479936895 -33.89345329731171, -64.9676102898444 -33.74526148238525, -64.73119034517627 -33.797157766525594, -64.52956639476047 -33.64848752372543, -64.29426575787724 -33.699629325704784, -64.09395448453938 -33.550499206547634, -63.85979149324231 -33.60089919283627, -63.660804299337855 -33.45132776822864, -63.427796539391494 -33.500998699456254, -63.230144118761814 -33.3510045453028, -62.9983084271789 -33.39995926275511, -62.80200077296561 -33.24956094585957, -62.571353242161734 -33.297812358231745, -62.37639965529644 -33.14702842250791, -62.146955638077145 -33.194589492931904, -61.95336473640697 -33.04343844594084, -61.988615690145735 -32.844648776938456, -61.79578643511684 -32.69306804827182, -61.56831363267682 -32.7403589455676, -61.37685425933634 -32.58844544217286, -61.15061528489349 -32.635079923022325, -60.960532802766096 -32.48285197801377, -60.99606944274815 -32.28390830864394, -60.806744433092476 -32.131299626071595, -60.58250703555578 -32.17772001859285, -60.39456390678379 -32.02483089876264, -60.43022981708289 -31.825439369905993, -60.24304026585179 -31.672202715147968, -60.020817085212514 -31.7184435700334, -59.83501318106386 -31.564960213520326, -59.870796357663366 -31.365153588679313, -59.685741694061676 -31.211355981306976, -59.72152070192399 -31.010787668675636, -59.53721263511093 -30.856693600129905, -59.317765745017425 -30.903251746808277, -59.124733197106124 -30.802368351542192, -59.1607188019039 -30.601080782645038, -58.96751407495998 -30.49906162003945, -59.00359607617389 -30.296675885823397, -58.81022193779671 -30.19351939321022, -58.846399877843936 -29.99003668717651, -58.65285910721646 -29.88574159562151, -58.689132523515724 -29.681163430369153, -58.49542791117267 -29.575728773129267, -58.53179633617722 -29.370056988202904, -58.337930683771006 -29.263482109188665, -58.37439364500267 -29.0567188788887, -58.1803697650669 -28.94900344112022, -58.216926785150875 -28.741151282262795, -58.02274750086195 -28.632295276306845, -57.791458224356745 -28.731576894150308, -57.5965782664596 -28.621864785352475, -57.6335351997262 -28.41258779439168, -57.43850993697255 -28.30173554550853, -57.47555889819475 -28.0913736130274, -57.2803912136271 -27.979382124381257, -57.31753169590823 -27.767938947998612, -57.122224481869125 -27.65480947780477, -57.15945597364137 -27.44228913172814, -57.391692094662446 -27.343242147586363, -57.428712079538656 -27.12999562032748, -57.23379847667013 -27.01544868160342, -57.27090955536906 -26.80113594438073, -57.07585769708871 -26.685455726184028, -57.113059359000275 -26.470081903644605, -57.34501153620623 -26.370744523056146, -57.38200250615586 -26.15467373500012, -57.187342592807596 -26.03758090018585, -57.224424231557734 -25.820461892848623, -57.02962732799847 -25.702242692582313, -57.066799125902705 -25.484081682060545, -56.87186811242424 -25.36473956668852, -56.639246513339174 -25.463838020160342, -56.443670627037704 -25.3436538023461, -56.481229424539094 -25.124095006522182, -56.28552982103132 -25.002794088617737, -56.323176580699226 -24.782205978016044, -56.55622733128472 -24.683281375101124, -56.59366650348447 -24.462035850364757, -56.39835052609506 -24.339349830926903, -56.16509037588679 -24.43818311551292, -55.9691521400523 -24.314662887407607, -56.00697320721146 -24.09203946678021, -55.81092007073288 -23.967417493364735, -55.84882747460847 -23.743788958315584, -56.082496012841176 -23.645147122595127, -56.27805408167788 -23.77003744912579, -56.51081297460027 -23.67093848926894, -56.5482209901096 -23.447054167582422, -56.35316448491453 -23.32189359856987, -56.39066015833767 -23.09702317806714, -56.19548234983108 -22.970771941460104, -56.233065150363814 -22.74492497039465, -56.465532602826855 -22.645712136287823, -56.5029094357172 -22.419282503113006, -56.30811196549786 -22.29168105754513, -56.34557604093999 -22.064295398512964, -56.150658461440486 -21.935620146354086, -56.188209249800224 -21.70728921828069, -55.99317445923327 -21.577547865033118, -56.03081142662043 -21.348282886406608, -55.835662330215555 -21.217483605881448, -55.87338493852903 -20.98729625953884, -55.67812444827439 -20.855447698155658, -55.71593215524797 -20.62435013353814, -55.52056318963058 -20.491461414232433, -55.558455448879414 -20.259466249202294, -55.791429559992 -20.16075027937501, -55.82911931507343 -19.928260984412827, -55.63412209732928 -19.79409654518013, -55.67189654283777 -19.560735292135995, -55.904381074505594 -19.461936795787988, -55.94195313662331 -19.228115414038157, -56.173750195493994 -19.129110819571448, -56.21111934206537 -18.894850962799673, -56.016979770639935 -18.759188488478944, -56.054434400751774 -18.52409695937979, -56.28574028704594 -18.425082307786322, -56.322992145071225 -18.189587733558028, -56.55360201193122 -18.09041922153218, -56.74675109266633 -18.22656277229191, -56.97644484778996 -18.127070267319837, -57.0132024068254 -17.891626778442443, -57.24218200403985 -17.79201519114518, -57.27873486928472 -17.556221644298123, -57.50699406517279 -17.456512760679615, -57.698473390631605 -17.59239207803663, -57.925774825715564 -17.492392836168428, -58.116582497678635 -17.627527303925362, -58.342907756196766 -17.52724567366964, -58.37866401696796 -17.29204958976569, -58.60424199777883 -17.191717781212866, -58.79381654481216 -17.326358327186462, -59.01839064585354 -17.225764772996598, -59.2072521927968 -17.3596628566863, -59.17209411923838 -17.593897486306677, -58.947774258018214 -17.69471959495631, -58.91240816738036 -17.92865914969463, -58.687326789761 -18.02943479103272, -58.65175283473957 -18.26305714910213, -58.8415600109784 -18.39542647221535, -59.066388491147066 -18.29443561704371, -59.10166230520488 -18.061291059638332, -59.32572490682219 -17.960244968391365, -59.514253073015055 -18.092124423361444, -59.737280322149985 -17.99081628358267, -59.772043567437436 -17.757857143323857, -59.9942910070409 -17.65652752584998, -60.02884522329106 -17.42328927466466, -60.250308297517265 -17.321959298354844, -60.43694128121476 -17.453626995375725, -60.6573360753754 -17.352068051739266, -60.69137713696608 -17.119091289679606, -60.9109750914825 -17.01756512273438, -61.09624559630919 -17.148762524085758, -61.314752856996705 -17.047027738382585, -61.49923135079351 -17.177486189621472, -61.71373577079487 -17.09945650914546, -61.74704602833961 -16.866757047697266, -61.96197166156858 -16.78779453585127, -62.14425427518364 -16.94196965960293, -62.36025969527883 -16.86251308702467, -62.39331537872191 -16.628450458523435, -62.60972464153343 -16.548069748859056, -62.642654491034335 -16.313253192939083, -62.859460145056445 -16.23195687921709, -62.89226261838836 -15.99640205186777, -63.10945714202849 -15.914199117172299, -63.142130706792 -15.677922099120718, -63.35970650981527 -15.594821977796487, -63.545261865522264 -15.748399959351897, -63.763862483526594 -15.664805550701766, -63.796255207118094 -15.427240237987538, -64.01521836980179 -15.342760706501393, -64.20243571772538 -15.49623216147161, -64.42239830554207 -15.411255439202764, -64.45449743870532 -15.172430095064469, -64.674803170254 -15.086581550450255, -64.86364979904695 -15.239928150828408, -65.0849282358314 -15.15358029806118, -65.11672104307063 -14.913524892373912, -65.33832257312295 -14.826319773018707, -65.52876377347948 -14.979523537230822, -65.75130997237011 -14.891817807492071, -65.78278375423619 -14.650564021363486, -66.0056323655242 -14.562016851081362, -66.19763144235814 -14.71506018486782, -66.42139538734455 -14.626011943900448, -66.61448603446638 -14.779087097525393, -66.83914781261868 -14.689533707577445, -67.03331768125257 -14.842626734134784, -67.00240249028491 -15.085474431194436, -66.77712441146765 -15.174708062564367, -66.74605394747415 -15.416917968076696, -66.5210481307798 -15.505309412797255, -66.48982378163117 -15.746862315612134, -66.26509898206594 -15.834398730020922, -66.23372215213243 -16.075275833111267, -66.00928707784018 -16.161944836468365, -65.97775918762133 -16.402127763116024, -65.75362249788952 -16.487917439915936, -65.72194498363831 -16.727388239327997, -65.49811528692898 -16.812287141047907, -65.46628960027087 -17.051028293407107, -65.24277545227734 -17.135025439701195, -65.2108030598243 -17.373019860655283, -64.98761296155521 -17.45610474000562, -64.79704250095517 -17.301573332869328, -64.57483463309343 -17.384122050375016, -64.3854212000688 -17.229598582365202, -64.16421126331949 -17.311616975434017, -64.13176289335645 -17.547764533273163, -63.91090950850224 -17.628856729930863, -63.72316235974196 -17.474202927417487, -63.503333576378054 -17.55476909103732, -63.47059335884026 -17.789579675174764, -63.2511406255572 -17.869209302509972, -63.21826724241876 -18.103222390890934, -63.4049963300659 -18.258162036802887, -63.372139423436664 -18.49191926194493, -63.55955077602427 -18.647011748947428, -63.52671131349109 -18.88049126869321, -63.71480646972988 -19.035714133191714, -63.68198543081675 -19.268894207761, -63.46091485560757 -19.346310948623564, -63.27333456199776 -19.190969270944127, -63.05331706320118 -19.267841778151062, -63.020210045182296 -19.499627148780117, -63.20726905905559 -19.655081123642947, -63.17417748573226 -19.886539961721446, -63.36192561055469 -20.04208799140188, -63.32885045294674 -20.273199118580333, -63.51728929616334 -20.428818793252876, -63.48423153744588 -20.659561174234177, -63.67336267638325 -20.815230034903756, -63.896068510874954 -20.74006403729204, -64.08640695641758 -20.895673994490682, -64.0535275314045 -21.126535124817742, -63.83014829303315 -21.201278342639544, -63.79712833061578 -21.43122076177219, -63.57412513980752 -21.50495990534047, -63.54096623234247 -21.733971649794242, -63.73096844605007 -21.88974451212849, -63.954649128188436 -21.816432043047257, -64.14586630508158 -21.972113423215145, -64.11288821937154 -22.20117377424673, -64.30480368405883 -22.356814288912215, -64.5302055864933 -22.283327045653184, -64.72332532282354 -22.43884327808148, -64.69054005061261 -22.667907110710704, -64.88435846951072 -22.823343330056964, -64.85159940469897 -23.051907404228935, -64.62484748539843 -23.124569552543356, -64.59194008420789 -23.35215639137107, -64.78595875889192 -23.507539469250602, -64.75307706825224 -23.734595930306803, -64.94779947546563 -23.889848405366532, -64.91494459113557 -24.1163552936063, -65.11037200013345 -24.271454882122313, -65.07754503070464 -24.497393263545323, -65.27367867221096 -24.652317768495262, -65.2408807391658 -24.87766898031312, -65.01176708679175 -24.947664829591083, -64.97881599952174 -25.171987529602625, -65.17516037499486 -25.326738101045258, -65.1422378295849 -25.550445783479443, -65.33929352991994 -25.704972456824684, -65.3064006640378 -25.928047323391112, -65.50416887609282 -26.08232841330999, -65.47130684054437 -26.30475296764092, -65.24048942307446 -26.372492085705534, -65.20747093197946 -26.59385257720514, -65.40545676701666 -26.747871365033294, -65.372468611493 -26.968556070891267, -65.5711720941142 -27.12228225984444, -65.80335842926995 -27.05532211354904), (-57.0398403314919 -21.765434084371932, -56.846059221422806 -21.63729651826951, -56.883111237764446 -21.408825678835527, -57.113649143257696 -21.308902008704532, -57.15049448848933 -21.079918618000143, -56.95709711185048 -20.95044796512657, -56.99403103357766 -20.720553385103898, -56.80050286197147 -20.590027508840546, -56.569531771469194 -20.689659152950124, -56.53230432009318 -20.919963819554912, -56.30062488684848 -21.019356125729733, -56.26319243236115 -21.24915115024532, -56.45773130530382 -21.379153198161493, -56.420385680210195 -21.608025557973754, -56.614802749372686 -21.736964976714674, -56.577544477870845 -21.96490315929757, -56.77183687066239 -22.092772080802483, -57.00287680003616 -21.99297076476959, -57.0398403314919 -21.765434084371932), (-64.81613280901344 -24.79271217328593, -64.84911131355788 -24.567792547148404, -64.65418586691456 -24.412659734816344, -64.68719067717207 -24.187161558024894, -64.49297275661719 -24.031870621581465, -64.26626027498128 -24.102045516686836, -64.23308354484394 -24.327095420265064, -64.42678972628079 -24.482419361461076, -64.39363660481779 -24.706899327876858, -64.5880527422123 -24.862060020125266, -64.81613280901344 -24.79271217328593), (-65.9852604759498 -33.125026291578386, -66.22382602634832 -33.06902089296266, -66.25718686490059 -32.86431493002067, -66.05219025498391 -32.71589727469351, -65.81433637510042 -32.77223860468706, -65.7807690999937 -32.97666052734357, -65.9852604759498 -33.125026291578386), (-68.1322211984922 -31.188301914739725, -67.89158305238341 -31.25213723800534, -67.85928094514088 -31.463806782215816, -68.067848927676 -31.611923427455967, -68.3091594606275 -31.548401464442804, -68.34122798535988 -31.336450689342428, -68.1322211984922 -31.188301914739725), (-65.00340254228966 -32.174652928212154, -65.03723148270458 -31.96879942092, -64.83625700774019 -31.818431541346474, -64.87011501854822 -31.611733893257956, -65.10475831475682 -31.55508897550794, -65.13845632872977 -31.347236817041143, -64.93770053116295 -31.19635066866619, -64.70377388851449 -31.253366090399773, -64.66988801235638 -31.460896126279987, -64.43633812791697 -31.516809048144015, -64.40229574608121 -31.723186053426808, -64.60198599630546 -31.873971805316902, -64.56796973719247 -32.07951266315025, -64.7684101751699 -32.22982695260951, -64.73442123252622 -32.434520188057434, -64.9356133065687 -32.58434520161006, -65.1713272006593 -32.52953088783031, -65.20512585115269 -32.324532915563275, -65.00340254228966 -32.174652928212154)))",Vizcacheras' White-lipped Frog
136,22960,22923,Leptodactylus rhodomystax,species,20978,Amphibia,2.32,"MULTIPOLYGON (((-78.40208378351034 -2.6587650754066403, -78.60957646695196 -2.802093389032649, -78.58655821308015 -3.0542958846405233, -78.79450324197549 -3.198006636074441, -78.77158593960358 -3.450688776719531, -78.97998074540025 -3.594758700756372, -78.95716557956382 -3.8478960627401553, -78.72565048623204 -3.9567490933665956, -78.70263220200037 -4.210107890082473, -78.91143452147685 -4.354823968671731, -78.88851849549474 -4.608594958215025, -78.65649418422325 -4.717433927097506, -78.6333743165308 -4.97138148920771, -78.8425851141689 -5.116701763158211, -78.81956762416773 -5.371017744402452, -79.02923250274699 -5.516609738627486, -79.00631859598374 -5.771268538513886, -78.7734307076821 -5.880124967938449, -78.56381047013632 -5.734243349980364, -78.5870325270213 -5.479796169353152, -78.37787250509552 -5.334178311193909, -78.1455489086277 -5.44271404008848, -77.93691717161185 -5.297081743509174, -77.70483219869712 -5.405371356028562, -77.68100530140431 -5.6593505668437025, -77.4488005386563 -5.767439522726833, -77.42477258455575 -6.021507080489503, -77.19245720504244 -6.129371545738038, -77.16822868535728 -6.3835006437441715, -77.37661175659433 -6.5300237411674145, -77.35247874697265 -6.784452718532764, -77.11966606249493 -6.89209457625292, -77.09533182332918 -7.146539230791571, -77.30410719593412 -7.293601449831931, -77.27986851786625 -7.548300925296482, -77.04655714845502 -7.65567329002881, -77.02211657587522 -7.910342383598776, -76.7887082975065 -8.017397201045393, -76.76406636943894 -8.272009021751941, -76.53057058488983 -8.378722849759658, -76.50572786712198 -8.633250568786162, -76.27215402159719 -8.739600129866282, -76.24711110665959 -8.994016999433248, -76.45593431951596 -9.14236708081674, -76.43098335159273 -9.396935489296242, -76.19691653236664 -9.50286586653032, -75.9882261927715 -9.354258570521338, -75.75452471981764 -9.459810512024937, -75.72908329493629 -9.713925856892644, -75.4953323294983 -9.819044862290985, -75.46969264512715 -10.072969786782053, -75.23590178029528 -10.177633411022684, -75.21006453551074 -10.43134167659608, -75.41830270498005 -10.580697813430147, -75.39255231087341 -10.83448070140541, -75.15827888955114 -10.938591130648826, -75.13233035006972 -11.192112176390983, -74.89802942776144 -11.295712260519473, -74.69013739243117 -11.145876746492311, -74.456284690342 -11.249042135690516, -74.42985922306006 -11.501944803705442, -74.19600528481268 -11.604567688458824, -74.16938531722273 -11.857150639559364, -74.37689545182765 -12.007448890227716, -74.35035700985203 -12.260030447199796, -74.1160320107765 -12.361971192016329, -74.0892985340585 -12.614189047233582, -73.85498506459867 -12.715534971489678, -73.64789257141886 -12.564791244266535, -73.67489902234783 -12.312923089342764, -73.90872623231787 -12.211448008040477, -73.93553986976382 -11.959209979893785, -73.72879786565295 -11.808803283674674, -73.49545953781774 -11.910406851767702, -73.46837557333495 -12.162287697458352, -73.23507183372936 -12.263297174043464, -73.20779732818735 -12.514802095220956, -72.97453790576553 -12.615197367529246, -72.76905866908618 -12.464235678802508, -72.53636412675638 -12.564156263462232, -72.3317215402941 -12.413106250376037, -72.3595171861384 -12.16236765565898, -72.15546210009532 -12.011477528215584, -71.92387858534794 -12.111092340989297, -71.89582994817776 -12.361428226503545, -71.66433866095 -12.460401603695464, -71.63610760953976 -12.710320150204023, -71.40471813271313 -12.808633162794804, -71.37630571594879 -13.058110670225059, -71.14502762870774 -13.155744774673371, -71.11643491877116 -13.404757858680957, -70.88527779423342 -13.501694907406842, -70.68326218412538 -13.34982671133154, -70.452788887668 -13.446267534860496, -70.423779236246 -13.694357277710164, -70.1934517784187 -13.790075868986445, -69.99269590785802 -13.63793198463719, -69.76308996804889 -13.733149094476822, -69.73367504265676 -13.980271658096218, -69.504239414524 -14.074742622461615, -69.304793131853 -13.922337412024412, -69.07611564209792 -14.01630259908811, -69.0463073364458 -14.26241573072193, -68.81782419134687 -14.355612140320513, -68.78784821389232 -14.601158452407317, -68.55956865938167 -14.69357051909222, -68.36185650274133 -14.54071095928458, -68.13438490138405 -14.632608133859831, -68.104031686673 -14.877079771995582, -68.30135952991598 -15.030141590306627, -68.52942627666617 -14.93852898708039, -68.72777834515638 -15.091551790527824, -68.697684332265 -15.336381149430537, -68.46902338210077 -15.427708889774307, -68.43876274948617 -15.671912863868185, -68.21031869476556 -15.762417368398129, -68.01273596015331 -15.609011320782164, -67.78512235426649 -15.698981443046977, -67.75448855021018 -15.942054167258604, -67.52711520881722 -16.031182187984935, -67.330987032468 -15.877548709578702, -67.10447779099098 -15.966141787881737, -67.07348336534 -16.208047416828737, -66.84723721345648 -16.295780853005365, -66.65260682973077 -16.14193729240607, -66.42725717863743 -16.229136149320404, -66.39591481369196 -16.469840559849025, -66.17085050401337 -16.556163553471066, -65.97775918762133 -16.402127763116024, -65.75362249788952 -16.487917439915936, -65.72194498363831 -16.727388239327997, -65.49811528692898 -16.812287141047907, -65.46628960027087 -17.051028293407107, -65.24277545227734 -17.135025439701195, -65.05173026471336 -16.980651684715188, -64.8291860183075 -17.064115012832296, -64.79704250095517 -17.301573332869328, -64.57483463309343 -17.384122050375016, -64.3854212000688 -17.229598582365202, -64.41773033400676 -16.992685253422025, -64.22899104621267 -16.83834375248775, -64.26132255827389 -16.60123338088467, -64.48223161476493 -16.517911782541624, -64.51442386192444 -16.280067173642006, -64.32586907130418 -16.12610382785666, -64.35808417128376 -15.888100315675453, -64.17019875752446 -15.7343717006587, -64.20243571772538 -15.49623216147161, -64.01521836980179 -15.342760706501393, -64.04747620914593 -15.104508034760343, -63.86092558450237 -14.951315992762275, -63.64261026056079 -15.036180376089497, -63.45722139639682 -14.883085763906063, -63.48965010750737 -14.645330880642588, -63.30492705260467 -14.492551870594976, -63.088278362311826 -14.577322803175644, -62.904725748474675 -14.424668312959902, -62.68910952919693 -14.508966636182812, -62.506735050579266 -14.356449449131313, -62.29216394970288 -14.440280027064615, -62.110974779716514 -14.287912740151127, -62.143834474264196 -14.051929112678708, -61.96330937264803 -13.89993918575485, -61.74766405741954 -13.999884262283352, -61.564590385364426 -13.863498557981424, -61.34784328889528 -13.963307090946326, -61.16397751135966 -13.826223037170836, -61.197452383875074 -13.589097308294695, -61.01339383016949 -13.451087351636595, -60.79527353284 -13.55043209258925, -60.76149667206208 -13.788106922252378, -60.54258625165757 -13.887621349521666, -60.35717476848845 -13.749144796982712, -60.39125267303211 -13.510929459735348, -60.20565998024398 -13.371539185919499, -60.239831371093516 -13.132733120821396, -60.459295392033326 -13.03385565072367, -60.49326028364604 -12.795013672433651, -60.308061041778274 -12.654512790592468, -60.08832438652664 -12.753064456300441, -59.90237654238359 -12.611887778708834, -59.681599547302895 -12.710295452725394, -59.494917075075136 -12.56844570326231, -59.27311514454456 -12.666703007483937, -59.23825496025364 -12.907126239785592, -59.0156958646176 -13.00553830523623, -58.8277454949983 -12.863215416734699, -58.604186609936335 -12.961459399636189, -58.415539615201666 -12.81846513098838, -58.45099000964967 -12.577034805468136, -58.26219176690087 -12.433184871322679, -58.037412869550266 -12.530953400048583, -57.8479401508408 -12.386443997942937, -57.6222033392266 -12.484037274802054, -57.43207223133396 -12.338872502799601, -57.205395599813684 -12.436284492646854, -57.014622601089016 -12.29046873485064, -56.78702477259908 -12.387693487727862, -56.59562678804244 -12.241231417449958, -56.63232275759631 -11.9973785497124, -56.44080345151079 -11.850113316031333, -56.21210126510563 -11.946863270945219, -56.019981412996316 -11.79896666311749, -55.79040516801324 -11.895524085092214, -55.59770258575314 -11.747001674055653, -55.36727261335241 -11.843361080338394, -55.17400550191495 -11.69421873336902, -55.21162813616394 -11.448572686585717, -55.018264278251635 -11.29867643338892, -54.786827930157244 -11.39456698368869, -54.592925614948996 -11.244068176531215, -54.36068651258205 -11.339757054151839, -54.16626479074283 -11.18866246307475, -53.933244886501285 -11.284144695027688, -53.7383231660246 -11.132461388462291, -53.776841858016525 -10.88517355033858, -53.58184908340817 -10.732790660000264, -53.34792767838812 -10.827814574595239, -53.15246246891647 -10.67486276393081, -52.917814821746916 -10.769678080912392, -52.72189735960802 -10.616165310443268, -52.76101869549527 -10.36773226356598, -52.565048833106346 -10.213565816438184, -52.329577471027946 -10.307934192135312, -52.133183856092046 -10.153228343534689, -51.897043123758635 -10.247387478279188, -51.700246650959286 -10.092151060405833, -51.7399514754166 -9.842667973465948, -51.543121648176225 -9.686826473201332, -51.58289581295878 -9.436974414474948, -51.38603561125055 -9.280549900729497, -51.14905721495302 -9.37405402888382, -51.109034460909555 -9.62420375259875, -50.8715402537282 -9.717721259986224, -50.67398493888001 -9.560874810723673, -50.4359056885653 -9.654180159965449, -50.23802020484766 -9.496846024439131, -50.278529211439945 -9.246141217296248, -50.08063802774251 -9.088268063470837, -49.84193445512855 -9.181162232118961, -49.6437434962225 -9.022826791939094, -49.68455220803324 -8.77154459738326, -49.48636689056792 -8.61270873338628, -49.247088783073934 -8.705204930694414, -49.04863441721807 -8.545933172455737, -49.0897348377849 -8.294125411063836, -48.89129749908227 -8.13439283199258, -48.93245712395398 -7.8823221902342935, -48.73403980990528 -7.722153022884312, -48.49420377487084 -7.814083547315354, -48.29555685221251 -7.653522122847353, -48.33699753798217 -7.401011376233497, -48.13838204705223 -7.240054368556936, -47.89808661419465 -7.331624385280987, -47.69927281587505 -7.170303724047678, -47.74098608978892 -6.917407114343715, -47.54221514130026 -6.75573269233813, -47.58398201342655 -6.5026653858589, -47.38525688421555 -6.340662532704354, -47.14455115114038 -6.431722228690937, -46.94566766597825 -6.26940233051928, -46.98769593308782 -6.016037966143349, -46.78886966431537 -5.853432539340073, -46.83094829785213 -5.599958058162983, -46.63218218903711 -5.4370929431329245, -46.67431047866455 -5.18353524299012, -46.47560746443119 -5.020436427468087, -46.51778469906239 -4.766822492063912, -46.31914770484954 -4.603516092363284, -46.36137317271391 -4.3498729720463105, -46.16280511453533 -4.1863852140942805, -46.20507810324551 -3.9327400064966254, -46.006581887452455 -3.769097206689846, -45.765646630306236 -3.859040449407209, -45.72317895617647 -4.112786637681512, -45.48193923738978 -4.202779946740058, -45.43932535154619 -4.456625235456104, -45.19779236585396 -4.5466455623557085, -44.99892119162979 -4.382680003482555, -44.75715965206905 -4.472576118342552, -44.558257314210465 -4.308418313179634, -44.60124054022265 -4.054430683647224, -44.40244063346978 -3.8901640315626267, -44.445463784249995 -3.6362046368312, -44.24676914135239 -3.4718557250865643, -44.289831489090204 -3.2179518082980683, -44.09124493010984 -3.053547247208955, -44.13434574725329 -2.7997260301575353, -43.93587007935534 -2.63529243342582, -43.694198749816024 -2.7245870723580454, -43.49574863041619 -2.5600487132075798, -43.253946573335924 -2.6492601549552526, -43.21050781281144 -2.903117902290563, -42.968505289232866 -2.9923436181051906, -42.77004105748614 -2.8276121625094848, -42.52795474541756 -2.916742268038356, -42.32957823551925 -2.7519304100724966, -42.08743675883514 -2.8409641917643946, -42.04355802060866 -3.0948845426665175, -41.80126485960898 -3.183886266525406, -41.60297690479422 -3.018901551920546, -41.36067580977294 -3.107794713671598, -41.16253771330014 -2.9427542977484378, -40.920257339231114 -3.0315383230459174, -40.72229239889319 -2.8664566681896786, -40.480061357859796 -2.9551310348686552, -40.282292777062025 -2.79002261811487, -40.040139618063876 -2.878586853797825, -39.995594742764524 -3.1322787952621414, -39.753376486599166 -3.220741911854762, -39.55587591053589 -3.0555025301675087, -39.60054367847658 -2.8019198361470385, -39.842590489588645 -2.713466156503881, -39.887154589040506 -2.4599051699125387, -40.12914285790572 -2.3713619746023133, -40.32673056482284 -2.5363598528471187, -40.56880654698912 -2.4477174985875476, -40.76659845597385 -2.612707034894516, -41.00873367546188 -2.5239659986764447, -41.20670665747767 -2.688932753280246, -41.44887256835932 -2.6000935547526383, -41.647003394511415 -2.7650230914559053, -41.88917140100776 -2.6760862953120177, -41.933078732653684 -2.4222866145349635, -42.17510172398357 -2.333329267961073, -42.373334565487994 -2.498096331343753, -42.61531248762401 -2.4090535837255302, -42.658944457344234 -2.155332840241437, -42.90074701502354 -2.066304172275584, -43.099018034742244 -2.2308986256441496, -43.34072852166585 -2.14179684331235, -43.539056726623244 -2.3063192118782188, -43.780646655922965 -2.2171450619370665, -43.97900863867642 -2.381581096883692, -44.220449580703956 -2.292335370117643, -44.26345257387595 -2.0387865835847063, -44.06518844482804 -1.8744567997911437, -44.10822966746491 -1.6210644292088026, -44.34936065650908 -1.532033554373724, -44.39226572382029 -1.2788498104615749, -44.6331500576992 -1.1899246925524691, -44.67591719395199 -0.9369760794542998, -44.916543525885004 -0.8481792839359643, -45.114456327542996 -1.0121669894992684, -45.3548615999774 -0.92334464022745, -45.55272470020029 -1.0872487677692093, -45.79288103339198 -0.9984016392440116, -45.835135023049844 -0.7458384108673082, -46.07498672672588 -0.6571646606548208, -46.27261124922484 -0.8208579544999031, -46.512168814949746 -0.7321714968418326, -46.55407929991853 -0.4800010570064784, -46.79330396835948 -0.3915212021622275, -46.99062839092406 -0.5549944287857523, -47.229514347773545 -0.466513776362245, -47.27106990078374 -0.2147901952627305, -47.509595237759584 -0.1265488860910602, -47.706558821613015 -0.2897929307115726, -47.94470157619793 -0.2015625308000317, -47.98589120430617 0.0496609537296733, -48.22364620786786 0.1376198206298432, -48.42018910369947 -0.0253860320431801, -48.657518431364764 0.0625504611671308, -48.69833159150832 0.3132215345073206, -48.93524667214993 0.4008549191775957, -48.97589669407023 0.65109705334007, -49.21238763870096 0.7384067859713962, -49.40818379403498 0.5757633604037294, -49.64419088653591 0.6630291771717585, -49.68445081066011 0.9126373274571863, -49.48893026501494 1.0751616075306825, -49.52925013698342 1.3244735463004387, -49.76486364432154 1.4110755717163221, -49.80501656957969 1.6598869185590401, -50.040177030889 1.7461055344866856, -50.08016180509571 1.9943930917912231, -50.314859841732414 2.0802090449812956, -50.35467529323495 2.3279499799448615, -50.58890165822362 2.4133443694416155, -50.628546648099416 2.660516226082401, -50.86229222760312 2.7454705139446913, -50.9017656496855 2.992051224510423, -50.707729033724604 3.1538796314883917, -50.74726645128595 3.400053529523714, -50.98060471677857 3.4841941428342387, -51.01997038533477 3.729738950980072, -50.82623379131212 3.8913421596663547, -50.865663736287644 4.1364397039420835, -51.09859405218634 4.219732353007379, -51.13785207471 4.46416402315332, -51.370286624326525 4.546946467884226, -51.409371684619316 4.7906919560927435, -51.641301786820634 4.872947587298548, -51.83404965824823 4.711836352959246, -52.065364752596125 4.793936682558282, -52.10403318601587 5.036759398103966, -52.3348212717288 5.118308688946805, -52.37331299950911 5.3604016348698265, -52.603565869152504 5.441384337162146, -52.64187999752576 5.682728715438516, -52.87158958472058 5.763129708321556, -53.062862307141074 5.602596935494258, -53.29189328588433 5.682820517962414, -53.32977821734582 5.923156768787389, -53.558244860436616 6.002776755736769, -53.74868985326415 5.842486908918664, -53.97644330673981 5.921923759765648, -54.013892364094175 6.1612148894377805, -54.241061280897156 6.240027314951779, -54.430630794836276 6.079990327636735, -54.65705316039774 6.158614447543549, -54.84612555534619 5.99866582376541, -55.07178106262239 6.077103308107575, -55.10852655430935 6.315030820305955, -55.33356638965185 6.392817839618975, -55.52168909334864 6.233141845118113, -55.74593070884069 6.310737788425452, -55.93351116723986 6.151172994547661, -56.156935452955935 6.228579717298526, -56.34395694821305 6.069139054724971, -56.566545248936194 6.1463584250517815, -56.75299141249101 5.9870546999461185, -56.97472553367565 6.064088595198673, -57.01021199848326 6.299930674025949, -57.23128061660789 6.376279053727945, -57.266576327535944 6.611265076112395, -57.486973821564504 6.686916958485374, -57.52207845461089 6.921032385521358, -57.74179935134879 6.995977238212138, -57.926200117816336 6.837318863664738, -58.145019793123424 6.912064989679056, -58.17965759384961 7.144950197127303, -58.39778601546094 7.218974645510197, -58.432231489053024 7.450960279237968, -58.24882507861878 7.609269268071796, -58.28335482479804 7.840690455301929, -58.50101456102465 7.913455500876761, -58.683916650927415 7.755326780467815, -58.90064783200751 7.827880120529231, -58.934708100356204 8.058028289144746, -59.15073358495977 8.129833082330192, -59.18460103049776 8.35904430718908, -59.39991629340787 8.430092476031485, -59.58112181234 8.272472527725244, -59.547533587786134 8.043620599680983, -59.332460310160016 7.972028447304555, -59.29867877267185 7.742238909446043, -59.082891449433816 7.669894500060968, -59.04891669384463 7.439179165835897, -58.832419776519146 7.366090781111828, -58.79825192466038 7.134461934689366, -58.98085964324652 6.976287159140777, -59.197119578639615 7.049912470084008, -59.23100844005077 7.281174783917183, -59.44655491763666 7.354060806976692, -59.627968705664145 7.196227132522716, -59.5943600995202 6.965340949661097, -59.379057138426944 6.8919114942215165, -59.34525454862407 6.6601226460659015, -59.52703561621274 6.502147317356245, -59.74209240360895 6.576121842745603, -59.92318413556316 6.418347448309797, -59.88974992095302 6.186446296377243, -60.07067722991185 6.028734813490734, -60.284501105038956 6.103074968697756, -60.317652500427926 6.334573146871368, -60.53073978945801 6.408175749390536, -60.56369610798973 6.638781870819775, -60.776043015027966 6.711638491801759, -60.955168691511176 6.554451743152658, -61.16650348397913 6.627122278608488, -61.344895291041695 6.470167991849292, -61.31250793752814 6.240396268841252, -61.49071612794964 6.083541261452431, -61.45841871378963 5.8533070149845186, -61.247627434333765 5.7794968357070235, -61.21513421108084 5.54838187078123, -61.00358882528306 5.473831408293047, -60.97089968797023 5.2418484802515986, -60.758603628171954 5.166566336753301, -60.725718496528 4.933728659430565, -60.90541491612797 4.776610481988953, -61.117442213493035 4.852454203942007, -61.150041637413665 5.084853933377825, -61.3613149020979 5.159970969338018, -61.53971398206028 5.003254948878281, -61.749952039447834 5.078208632167935, -61.9275967795693 4.921781763794518, -62.13678770393334 4.996573823132355, -62.168617085610805 5.2272146973388685, -62.377038154797845 5.3012640789553656, -62.408671345085025 5.5310362601995156, -62.61631975880668 5.604335049122083, -62.64775697742141 5.833226305211914, -62.47183316584278 5.989275464033835, -62.26389535075478 5.91656324618652, -62.08719925851571 6.072891716919742, -62.11901474558189 6.30179380939392, -62.327239675971725 6.373920371911859, -62.35885959763323 6.601917739539759, -62.56631507377992 6.673277888868538, -62.74186044435379 6.517229875389528, -62.71052728153107 6.289679852308478, -62.88587155775832 6.133765557860527, -62.854630068583916 5.905767010215, -63.02977129182503 5.750007594624526, -62.99862173845753 5.521580786345128, -62.79204319748328 5.448448457347177, -62.76069773775184 5.21914093050139, -62.93621882851484 5.063438175687406, -63.1425006029005 5.137162760211528, -63.3172298939721 4.981776493710948, -63.52242653579566 5.055341364184034, -63.696354361284676 4.900281393802933, -63.900456180392325 4.973688294878331, -64.0735732568853 4.818964216478703, -64.04318603277623 4.590728791408892, -64.21608555690672 4.436248496567313, -64.4187702213011 4.510105429317309, -64.59535580678862 4.386448063404962, -64.56527802042324 4.157834490887626, -64.35847189795848 4.05344715799599, -64.32827172999673 3.8245323459248906, -64.5050202127118 3.699434909331649, -64.71239356544153 3.803757874924424, -64.89015309559717 3.6782393490684453, -65.0983864096193 3.7827094890440036, -65.12829477913648 4.012756765236164, -65.33681378721683 4.117423341633456, -65.36659491423451 4.347153584972679, -65.18800873689125 4.471662751613534, -64.98005080764192 4.366946965787814, -64.80246068848398 4.491031786517886, -64.83241487303482 4.719323510279485, -65.0398117934032 4.824084614822568, -65.21781441044256 4.700508466231273, -65.42605440521405 4.8053919492911605, -65.6050454067652 4.681389742030431, -65.81411507640652 4.786391364122877, -65.99408532284343 4.661966270190471, -66.20397082156735 4.767081750976115, -66.3849107413406 4.642237097480256, -66.59559777736392 4.747462117513595, -66.77749736495319 4.622201388237629, -66.74833065983583 4.391214733339489, -66.9308076823033 4.265042373056155, -67.14282434609736 4.370356274034524, -67.1718200154977 4.601858427620601, -67.38406547091112 4.7072894204288795, -67.56785263389921 4.581207624788262, -67.53903253350369 4.3491982580025494, -67.72339284322898 4.222217026465135, -67.93692828615657 4.327740415856285, -68.12221317023406 4.2003609917164395, -68.3364837872167 4.305982607414675, -68.52268127955661 4.17820936936164, -68.49426765571651 3.944326112851968, -68.68103334229487 3.8156771574348887, -68.89654580992251 3.9213984758123743, -69.08420871822636 3.792367537213495, -69.30041714459466 3.8981849118600636, -69.48896421241488 3.7687769539388345, -69.70585077332308 3.874686040321787, -69.89526849945817 3.744906191589707, -69.86749211546083 3.508740509701639, -70.05746828712333 3.378119476799086, -70.27552026072705 3.4841394065842852, -70.46634941459155 3.353160143071386, -70.68503647703925 3.4592700556586577, -70.87670401804895 3.327938277271988, -70.84940166325025 3.090029706537935, -71.04161955428032 2.957886726896842, -71.26141394499669 3.064117660450259, -71.45445090877715 2.9316372341121166, -71.67483465196405 3.037956814279132, -71.86867500848794 2.9051452392533763, -72.08962775243566 3.0115491851994713, -72.28425539754559 2.8784129199137993, -72.505756399759 2.9848969289056404, -72.70115481023298 2.8514425908766516, -72.67481862275835 2.6110547404375666, -72.87074802159113 2.4768421880529212, -73.09323755189527 2.5834653342374083, -73.28991548672151 2.448951990396745, -73.51290293749666 2.555654325104636, -73.7103118407012 2.4208473674294306, -73.93377513136191 2.527624609686779, -74.131897035903 2.3925313668830155, -74.106362775302 2.1502270103995946, -74.3049978759649 2.0144238989248917, -74.52934975216859 2.121357246925652, -74.72867342392026 1.9852868619780766, -74.95344745685122 2.092294622586333, -75.15344073706947 1.9559648224075048, -75.1284971484864 1.7122062850440496, -75.3289897449843 1.575207072532378, -75.55457792520025 1.6823855054139543, -75.7557141733522 1.5451471634988714, -75.98166857118714 1.6523998142057215, -76.18342855597905 1.5149306997950933, -76.15910244050117 1.2698016390488969, -76.3613464903785 1.131706099197916, -76.5880370647483 1.2391449378701866, -76.79087742360258 1.1008401173716356, -76.76691411756057 0.854699141023087, -76.97022942102507 0.7157998175322842, -77.19760956084954 0.8234367245072045, -77.40149287416479 0.6843504227496076, -77.37790194734575 0.4372402672339354, -77.58225059714334 0.2975925695657111, -77.55875235960492 0.0498042588509923, -77.76356416673148 -0.0903847815671853, -77.74015977199981 -0.3388300450611227, -77.51165499928366 -0.4468324451745525, -77.48805574797744 -0.6956633898301829, -77.6932501628833 -0.8367428195276974, -77.92212310790718 -0.7286205485645607, -78.12785447326753 -0.8698304373160402, -78.10464123923927 -1.119524334769975, -78.31082889517923 -1.2612129143384165, -78.28771298598053 -1.5114976865070302, -78.0581141072264 -1.6198567621501967, -78.03480007901221 -1.8704771124554052, -78.24138059390962 -2.0129721201484068, -78.21816398026434 -2.2641433736476846, -78.42520180678076 -2.4070663222599467, -78.40208378351034 -2.6587650754066403), (-64.1767591962048 2.6743647452208377, -64.38409450201651 2.7781308504543727, -64.41437729482172 3.0090032049158784, -64.23746671172178 3.1355237448431916, -64.03381041015697 3.05897253979315, -64.00331139656682 2.82812839799877, -64.1767591962048 2.6743647452208377), (-60.184832989277176 5.405898493463307, -59.97053052703553 5.330280775853115, -59.93707671740347 5.096595012727645, -60.118208952640806 4.938945659324087, -60.33225475244852 5.015113144868773, -60.36542471300139 5.248379556834161, -60.184832989277176 5.405898493463307)), ((-61.15087683544323 10.704331675194743, -61.360364391043504 10.769087233116265, -61.39249459131469 10.989403422036323, -61.60123752109348 11.053348648176817, -61.77757697615972 10.897551156481352, -61.74572856529626 10.677593069146706, -61.53725873807649 10.613073488849276, -61.505217313920184 10.392092155331154, -61.68192787913132 10.235996519957844, -61.64997553050148 10.014367368795291, -61.82650026516845 9.858210296966778, -61.79463728741857 9.635950947817104, -61.58596663887485 9.569471273425494, -61.40888447422158 9.72582937212206, -61.441030218368994 9.948465296497867, -61.263765125727275 10.104767991246563, -61.05380291498312 10.038637482331154, -60.875808777571024 10.195073669020752, -60.908324841701 10.417429954755482, -60.730154954211045 10.573775368907802, -60.76275894218941 10.795466116382945, -60.973252126020554 10.8604617828104, -61.15087683544323 10.704331675194743)), ((-63.44234301276896 10.155493567117768, -63.26926073062242 10.31074482363568, -63.299976861877184 10.529191835068787, -63.50349143725356 10.59199154240403, -63.675991323616415 10.436944619096298, -63.645559089601434 10.218894395200378, -63.44234301276896 10.155493567117768)), ((-79.92743072207023 -2.9057635369454244, -79.9053332282765 -3.15856384429616, -79.67401474180663 -3.267721155518445, -79.46511915460277 -3.1239439158467537, -79.48752710865367 -2.8713281643639252, -79.2790664371587 -2.7279015556505644, -79.3015786208942 -2.475776780728, -79.53224409400562 -2.3668861897360234, -79.74072498414417 -2.5099878927157873, -79.71852107142466 -2.7623037862926236, -79.92743072207023 -2.9057635369454244)), ((-60.85871052672937 8.692541104226386, -60.82607227026753 8.466345074403323, -60.61441745499167 8.39670971281762, -60.435139572589634 8.553835598836029, -60.46805988013577 8.780409611894862, -60.67997625003699 8.849480573091794, -60.85871052672937 8.692541104226386)), ((-38.82971651795992 -3.320267468718912, -38.87459976032591 -3.066821674535974, -39.11653968743414 -2.9786026840076625, -39.3137826534373 -3.143843741916543, -39.26901335377954 -3.397421041520869, -39.02688577283516 -3.4856268768726606, -38.98201709671929 -3.7391716899906173, -38.73986733634413 -3.827219302800064, -38.54278176146937 -3.6617457938604785, -38.587760888704565 -3.4083398637911366, -38.82971651795992 -3.320267468718912)), ((-77.88008461163767 1.1463832674711851, -77.90328884234133 1.39258576055859, -77.69923991667075 1.5308918950424637, -77.47206453377828 1.4233849523335975, -77.26855628487185 1.5614949823161783, -77.29213820269788 1.8067143640373073, -77.5189453407067 1.9140784943721703, -77.54233584398345 2.1588020151819993, -77.33920193163846 2.2959044496541128, -77.36268386847323 2.539859255741851, -77.58901736490888 2.6469627628310244, -77.79223294288482 2.510262965127355, -77.76903430251886 2.2660583001140733, -77.97270296230866 2.1287418813551744, -77.94959795437444 1.8837731792212733, -78.15371745441821 1.7458587835403454, -78.38100533072358 1.8533070649627559, -78.58563016500541 1.7152008439185396, -78.56291124735496 1.469260588906084, -78.76797656250196 1.330589221349426, -78.74535572128745 1.0839295722836229, -78.9508590592605 0.9447128397353062, -78.92833743157524 0.6973543672834507, -79.13427628004885 0.557612476114256, -79.11185500564707 0.3095761853774296, -79.31822679774368 0.1693297578414888, -79.29590701890174 -0.0793629208167536, -79.50270913293558 -0.2200928561872016, -79.4804919943107 -0.4694200769511143, -79.25116968790022 -0.5778191700727161, -79.04439524144505 -0.4367328599180306, -79.06691455071866 -0.1876051575620467, -78.86057635919373 -0.0469958748257103, -78.88319614568469 0.2014914666447293, -78.67729677666806 0.3416025251370545, -78.70001589227586 0.5894278156019305, -78.49455785829605 0.7290198559359885, -78.26643330940519 0.6211593574578789, -78.06147832746655 0.7605921191172366, -78.0845877120625 1.0075039663250398, -77.88008461163767 1.1463832674711851)), ((-60.18937520528115 8.256453211352735, -59.975994795677025 8.185834227378297, -59.79547673591175 8.343304576604737, -59.82887157933098 8.571207549903752, -60.04250398254953 8.64127208027536, -60.22248927706363 8.483987244343306, -60.18937520528115 8.256453211352735)), ((-79.11617084392797 -2.0811143677731714, -78.90858816170058 -1.9384586591357482, -78.93130528876839 -1.687387609614776, -79.16130212077402 -1.5787671341732, -79.36891716774679 -1.7210835262083835, -79.34650392046606 -1.972358412726616, -79.11617084392797 -2.0811143677731714)), ((-62.54240534349367 10.713529192008048, -62.748042893146234 10.7767745511376, -62.92210841307774 10.621391941602509, -62.8911086263731 10.402555618693887, -62.68575989127014 10.338719403880239, -62.51112223151469 10.49431116581322, -62.30472228218957 10.43025123149055, -62.12932183525423 10.58599565097776, -62.16088785241669 10.805587641648295, -62.36757153707086 10.869062075160501, -62.54240534349367 10.713529192008048)), ((-63.26652309379244 6.049913382106958, -63.471537973516604 6.1215168240725575, -63.64529663238818 5.9661858973213056, -63.614630525929186 5.739123467166176, -63.409917879496675 5.666919462781913, -63.235569168571516 5.822378906272358, -63.26652309379244 6.049913382106958)), ((-79.18381828802785 -1.3280481479421498, -78.97664021080986 -1.1861583270570053, -78.99925813630671 -0.9360183549279105, -79.22875200654612 -0.8275651345038085, -79.43596008504055 -0.969106882839318, -79.41364518476756 -1.2194486126578743, -79.18381828802785 -1.3280481479421498)), ((-63.96904864931042 11.148939539160768, -64.14037673725494 10.994311975669186, -64.11032905036575 10.77831624795388, -63.908669765244 10.716553760899428, -63.736754644329366 10.871392770374792, -63.76708580893137 11.087782075438643, -63.96904864931042 11.148939539160768)))",Loreto White-lipped Frog
137,22961,22923,Leptodactylus podicipinus,species,20978,Amphibia,2.32,"MULTIPOLYGON (((-45.48147435035236 -16.175990952763218, -45.726836058743004 -16.08657612686796, -45.77002754827993 -15.842204422720059, -46.01507413404349 -15.752371816660805, -46.05811260852647 -15.507472894030906, -46.30283239969572 -15.41724404160936, -46.34571613929302 -15.171841422171909, -46.590097572959394 -15.081238081869628, -46.63282489056593 -14.83535557530145, -46.431377319455805 -14.679916765858591, -46.47415475223727 -14.433412038528143, -46.7181727498002 -14.342511386149306, -46.760793285803686 -14.095567231928978, -46.55960328497355 -13.93936165404396, -46.60227437812884 -13.691833775377416, -46.845927557739685 -13.600679200435442, -46.88844128901917 -13.352753304751511, -47.1317357706356 -13.261311225554444, -47.174090523953 -13.013012319660248, -47.417015133095305 -12.921305394362665, -47.45920932567182 -12.672658692312705, -47.25869277209844 -12.515538746964877, -47.30094026535426 -12.266382660212143, -47.54349003256331 -12.1745324166766, -47.74378508932426 -12.331740613657624, -47.98593690801928 -12.239572467101, -48.02780536518742 -11.990306558409296, -48.26955451104635 -11.897942240656032, -48.31125786128331 -11.648405249631704, -48.55259364992867 -11.555867826441332, -48.752195143855005 -11.712739200124807, -48.993070562247766 -11.61991187104035, -49.03437988899418 -11.370354121308266, -49.274814431090704 -11.277389251031224, -49.315953363179176 -11.027620133920871, -49.555936785047265 -10.934540875606531, -49.75472706538369 -11.09107207350222, -49.99418963561743 -10.997731226269426, -50.192682946691406 -11.153746020632893, -50.43159826069001 -11.060147187568942, -50.47208898327838 -10.810713696387067, -50.71051064880632 -10.717048491925238, -50.908360988482 -10.872629850728478, -51.14619353661479 -10.778722848634299, -51.18626071734354 -10.529433893488317, -51.423574440416076 -10.435495966042755, -51.620724387671885 -10.590640910056344, -51.85740826994632 -10.496477451398393, -51.897043123758635 -10.247387478279188, -52.133183856092046 -10.153228343534689, -52.329577471027946 -10.307934192135312, -52.565048833106346 -10.213565816438184, -52.76101869549527 -10.36773226356598, -52.995796676240886 -10.273158780311661, -53.034730784975025 -10.024664041790295, -53.268927898938955 -9.930141986530359, -53.46405403908807 -10.083863147631783, -53.69752023373536 -9.989152324667803, -53.89216958553112 -10.142322058069924, -54.12488204356208 -10.047426797580687, -54.163095308129215 -9.799632839678818, -54.39519150525591 -9.704835384368415, -54.58891391203386 -9.857554755760528, -54.8202209423972 -9.762589148042588, -55.01341602117017 -9.914746223825473, -55.24391233026503 -9.819616946909386, -55.43656134769415 -9.971204341349344, -55.666225862895374 -9.875915979665471, -55.858310452785844 -10.026926595342065, -56.08712259153795 -9.931483830598554, -56.27862476255831 -10.081910858070863, -56.50656443987714 -9.986318465198101, -56.69746658272709 -10.136155382337549, -56.92451421801361 -10.040418225330557, -57.11479911203935 -10.189658796330107, -57.34093563520881 -10.093781823999077, -57.37700211469911 -9.848993421760095, -57.60243212126258 -9.753316508560848, -57.79157203322586 -9.902093545719582, -58.01606198135738 -9.806292903599875, -58.20454198045303 -9.954466613835113, -58.42807419563758 -9.85854723657534, -58.61587854433918 -10.00611220742745, -58.838435877997256 -9.91007915614403, -59.025549249993304 -10.057030252112984, -59.247115082507094 -9.960888650890142, -59.43352256623834 -10.107221011025086, -59.65408080933656 -10.010976042510176, -59.83976791100744 -10.156685077746904, -60.05930300952011 -10.060341978718686, -60.244255655592156 -10.205423368977069, -60.462752588588444 -10.108987425896647, -60.64695712776421 -10.25343711695049, -60.86440140908692 -10.15691366150388, -60.89791772885724 -9.916322572368372, -61.11457855004167 -9.82010354671663, -61.297439687046776 -9.964089097937302, -61.513026626801036 -9.867797772417386, -61.69510669485389 -10.01114863216532, -61.90960669032897 -9.91479027082898, -62.09089359722573 -10.057503116333125, -62.30429411630874 -9.961083012295497, -62.48477619401643 -10.103154770168205, -62.6967804193369 -10.012629920091305, -62.877102233721175 -10.160759329538559, -63.09011616533465 -10.069829157021973, -63.27157926428798 -10.218188637906382, -63.48559053740618 -10.126850459448777, -63.668187320001635 -10.275429436954367, -63.883183036997735 -10.183680620167834, -64.06690540207283 -10.33246833113867, -64.28287212952469 -10.240306299153469, -64.46771147033125 -10.389291796124938, -64.68463523658312 -10.296714032098139, -64.71609699313149 -10.05484144742809, -64.93334527290848 -9.96154356634716, -65.11974851039487 -10.11042023327675, -65.3379278871179 -10.016709313558495, -65.5254205678637 -10.165762879977613, -65.74451570933 -10.071636762672446, -65.93308739838128 -10.220855847719752, -66.15308243256122 -10.126312450293655, -66.34272217299653 -10.2756855099614, -66.56360068824854 -10.18072283103095, -66.75429699849714 -10.330238163698167, -66.97604204440549 -10.23485428783152, -67.16778291610268 -10.384500040093974, -67.13737076797894 -10.629816238918332, -67.32974456261086 -10.779865214420642, -67.55293092887844 -10.684312886545952, -67.74633415166616 -10.834466017559285, -67.97034630160752 -10.73848055475783, -68.1647656316117 -10.888725466651247, -68.38958473515385 -10.792305109473764, -68.58500631909224 -10.942629300267228, -68.81061301633375 -10.84577239873802, -69.00702246901605 -10.996163246404185, -68.97746323657574 -11.243680723775405, -69.17449376111618 -11.394393220834418, -69.14498448261979 -11.641993768655135, -69.34263610667325 -11.793004546405118, -69.31317792919356 -12.040663333414953, -69.51145063357215 -12.19194878605725, -69.48204471413054 -12.439640890235067, -69.25414553237108 -12.535567205404185, -69.2245711919722 -12.782793686348784, -69.42311653921723 -12.934568363316766, -69.39359416147687 -13.181785179444573, -69.1653059239849 -13.276749480606385, -69.13561487488174 -13.523460400400158, -68.90751702418532 -13.617681690638133, -68.87765853590739 -13.86386477777769, -68.64976027237448 -13.957326919745979, -68.45230778092645 -13.804870549943137, -68.2252092919701 -13.897832517630329, -68.19497364492743 -14.14297566925325, -67.96809807412932 -14.23515696180962, -67.93770029188609 -14.479725861908532, -68.13438490138405 -14.632608133859831, -68.104031686673 -14.877079771995582, -67.87678709818302 -14.968172013840828, -67.84627156940944 -15.212031789406163, -67.61926306989433 -15.302304732752045, -67.58858655579712 -15.545532613585342, -67.36182318484303 -15.634972348940614, -67.1663483313015 -15.481495300148136, -66.94045441375309 -15.570408770136332, -66.90942141503939 -15.812478450494657, -66.68379521267445 -15.900540954936707, -66.65260682973077 -16.14193729240607, -66.42725717863743 -16.229136149320404, -66.39591481369196 -16.469840559849025, -66.17085050401337 -16.556163553471066, -65.97775918762133 -16.402127763116024, -65.75362249788952 -16.487917439915936, -65.72194498363831 -16.727388239327997, -65.49811528692898 -16.812287141047907, -65.46628960027087 -17.051028293407107, -65.24277545227734 -17.135025439701195, -65.2108030598243 -17.373019860655283, -64.98761296155521 -17.45610474000562, -64.79704250095517 -17.301573332869328, -64.57483463309343 -17.384122050375016, -64.54254888385297 -17.620815720520845, -64.32068569406002 -17.702440074961398, -64.13176289335645 -17.547764533273163, -63.91090950850224 -17.628856729930863, -63.87832342295741 -17.86422271845306, -63.65783467860818 -17.944379716118814, -63.625112410213774 -18.17894877910269, -63.4049963300659 -18.258162036802887, -63.372139423436664 -18.49191926194493, -63.55955077602427 -18.647011748947428, -63.52671131349109 -18.88049126869321, -63.71480646972988 -19.035714133191714, -63.68198543081675 -19.268894207761, -63.46091485560757 -19.346310948623564, -63.42795776344428 -19.57863715688885, -63.20726905905559 -19.655081123642947, -63.17417748573226 -19.886539961721446, -63.36192561055469 -20.04208799140188, -63.32885045294674 -20.273199118580333, -63.107876456529084 -20.348229811851464, -63.07466690508345 -20.578447595192035, -63.26258173312047 -20.734159626595787, -63.22938807395799 -20.963995977027583, -63.41799709511203 -21.119750660324648, -63.384820313162464 -21.349184939625076, -63.57412513980752 -21.50495990534047, -63.54096623234247 -21.733971649794242, -63.318347381778906 -21.8067011170256, -63.28505113394439 -22.034770680795294, -63.474528525203695 -22.19061059634326, -63.4412496257182 -22.41822568318914, -63.21833882791026 -22.489502547992434, -63.18492267124917 -22.716153019759126, -62.96240921672981 -22.786405070554515, -62.928857433721134 -23.01208061086211, -63.11797010441532 -23.167994098027005, -63.08443359572669 -23.39317338487013, -62.86163371646242 -23.461951120609243, -62.827961685083224 -23.68613505530607, -62.60557215648164 -23.753875436524748, -62.57176625886699 -23.97705488139181, -62.76049703396362 -24.132973345784063, -62.726704317064645 -24.355617186790894, -62.50403399813237 -24.421865495432296, -62.47010753927641 -24.64348643401641, -62.65899785766217 -24.799328628254074, -62.625084017977684 -25.020386238742038, -62.40213372523995 -25.085134651907957, -62.36808627431931 -25.30515222461536, -62.55713487566885 -25.46088092355403, -62.523099475848326 -25.680308535837277, -62.29987004532478 -25.743550688501053, -62.26570117151391 -25.96192239938683, -62.454906775872416 -26.117501306603984, -62.42074937851288 -26.335257532437243, -62.61067737710056 -26.490661251878958, -62.576532453310364 -26.70778534292474, -62.35231224603717 -26.769067995216684, -62.318032413716224 -26.985113828772118, -62.5081196894636 -27.14030744814162, -62.47385175071079 -27.35569731100576, -62.249349973902525 -27.415466351941795, -62.214947269211876 -27.629765165770536, -62.40519251279791 -27.78471494067422, -62.370801114937024 -27.9983350847888, -62.14601864728418 -28.05658886519065, -62.111492632863786 -28.26910639950094, -61.887155408874364 -28.326287892912315, -61.85249653637206 -28.537698559640987, -62.04231695417725 -28.69233511066086, -62.007667192750105 -28.90303945626732, -61.78305531110094 -28.95870356876199, -61.74827286272466 -29.168291343027533, -61.524119606206014 -29.222882712087955, -61.48920625423514 -29.431350676203465, -61.26551978184017 -29.484870954102842, -61.23047731912814 -29.692216234531497, -61.00726569984077 -29.74466739972148, -60.972095928243675 -29.95088748052141, -60.74936713950288 -30.002271828815786, -60.71407186938262 -30.207364543879915, -60.491833795594744 -30.25768467960783, -60.4564148453222 -30.461648204834386, -60.64335827204175 -30.615675677302708, -60.607939855706206 -30.818889026940692, -60.38545413709406 -30.867695162648435, -60.34991229166826 -31.069773763842154, -60.53697956508236 -31.22341921766449, -60.501437601813066 -31.42473146572598, -60.278705399705956 -31.472029721331815, -60.092266884213686 -31.318463164297437, -60.127930318682786 -31.11752024270321, -59.94224027602951 -30.963641592499197, -59.72152070192399 -31.010787668675636, -59.53721263511093 -30.856693600129905, -59.57298659267721 -30.655375494645973, -59.38942246049183 -30.50100291642655, -59.42519049967382 -30.298947215373957, -59.23256922975855 -30.196638479090705, -59.00359607617389 -30.296675885823397, -58.81022193779671 -30.19351939321022, -58.846399877843936 -29.99003668717651, -58.65285910721646 -29.88574159562151, -58.689132523515724 -29.681163430369153, -58.49542791117267 -29.575728773129267, -58.26488394925006 -29.675158410818234, -58.07045710741281 -29.568868669732055, -58.107134962743885 -29.3628650351524, -57.912554225230465 -29.255434517342522, -57.680744049186075 -29.35428927469557, -57.48546560684326 -29.245998380783565, -57.25266052156131 -29.344313898793914, -57.05670221425429 -29.235158133424367, -56.822922355426215 -29.332923497452487, -56.626302477051624 -29.222898616605004, -56.66398721398588 -29.01483752895754, -56.46723868555145 -28.903672089589513, -56.23229064329507 -29.000836166152826, -56.03490701722188 -28.88879821376504, -56.072980248687756 -28.67933000064719, -55.875478715240035 -28.566153206981067, -55.63940542864353 -28.66270847418797, -55.44129600051241 -28.548656769719063, -55.47975221133754 -28.337788349100453, -55.281535818403455 -28.222600615512047, -55.32007806861263 -28.010638588106797, -55.12175776723646 -27.894316941251258, -54.88441843947136 -27.990215976293346, -54.685526225018236 -27.873019893948445, -54.724443697185166 -27.659668806126067, -54.52545873972801 -27.541343402818494, -54.28709690889397 -27.636622894448905, -54.08756876369284 -27.517423310465134, -54.12685523838363 -27.302693280201826, -54.365385122657926 -27.20745496370586, -54.56445972722918 -27.326906531706857, -54.8021579889065 -27.23109487916221, -54.840954861740215 -27.01587921405543, -54.64234123069011 -26.896172395531146, -54.404469023657896 -26.991937499514297, -54.20530787243217 -26.871363326773555, -54.244474081155744 -26.654770872570545, -54.04522948801528 -26.533078066203714, -54.08447739480377 -26.31541664469507, -53.885152468478 -26.192609594265022, -53.646140797999365 -26.287713782333203, -53.44630579987978 -26.164044745179975, -53.48591452955529 -25.945025105880024, -53.28601064915699 -25.82025039581876, -53.04607745140959 -25.914739673212825, -52.845693363064754 -25.789106635512027, -52.60501675887615 -25.883020878261213, -52.40417434647662 -25.75652975841125, -52.444408707075084 -25.53588775831852, -52.685214724196285 -25.442014734758743, -52.72525430112702 -25.220603212346663, -52.52475879706134 -25.092784870705184, -52.28382718962858 -25.186615193322258, -52.082890472932405 -25.057948349550568, -52.12327472203049 -24.835217978886778, -51.922295619140044 -24.705473600876072, -51.96275381703984 -24.481711825443803, -51.76173550549987 -24.350897412025727, -51.51988712472735 -24.44407414931437, -51.47916566607063 -24.66810478433359, -51.236763956414734 -24.760745853079587, -51.03498734565386 -24.629319829230543, -51.07596830863636 -24.405029567872276, -50.87416991267807 -24.27254553724577, -50.63104709510412 -24.36457325108073, -50.4288932588812 -24.231258039644906, -50.470198098648666 -24.005698018089582, -50.26803450124726 -23.871340187851786, -50.02424280881161 -23.962757887992467, -49.98268809222435 -24.188557536356896, -49.73839989130599 -24.279409331222144, -49.53560579234076 -24.144440877262625, -49.29077676939377 -24.234695342855428, -49.08769836821568 -24.098905584466298, -48.8423569210164 -24.18855687001205, -48.639018424293766 -24.051949862203728, -48.39319329109071 -24.140992421777415, -48.189619125533 -24.003572605926937, -48.23213068728995 -23.776911962743924, -48.02859164087852 -23.638488205061204, -47.78229371131113 -23.726922299101094, -47.57855271000324 -23.58769923882863, -47.62134874803306 -23.359849679883855, -47.4176551491542 -23.21964266335782, -47.46050691914985 -22.990806221350013, -47.25686391355066 -22.849627047428918, -47.29977065810695 -22.619815777936555, -47.09618142791595 -22.477676735802024, -47.13914238851001 -22.24690318735521, -46.93561010685244 -22.10381705761047, -46.978624523919194 -21.87209427301544, -46.775152354638266 -21.728074328270438, -46.81821946764586 -21.495415845420276, -47.064543606845234 -21.406950647497055, -47.10744826956886 -21.173541845833082, -47.35339621090688 -21.084513771887178, -47.39613677434994 -20.85037364843013, -47.19314783094879 -20.70508114354323, -47.23594272746766 -20.470041905050355, -47.03300847822331 -20.323850790275873, -47.07585695592866 -20.08792761149685, -47.32142274805784 -19.99837807959163, -47.36410787097998 -19.76176676923799, -47.60928857487596 -19.671709640544453, -47.65180873360504 -19.434430574842075, -47.44936834043094 -19.287019302945165, -47.20418371295301 -19.377056431819426, -47.161444574477684 -19.614523634810084, -46.91588184686506 -19.704061528918235, -46.71306639672332 -19.55611896663071, -46.75601977720851 -19.31847539719284, -47.00157556188313 -19.22894954282811, -47.04436796731457 -18.990642920272386, -46.841818085300986 -18.84168851852573, -46.59627311349297 -18.931201929560896, -46.393588946985574 -18.781572194765, -46.14771312476353 -18.870578945944928, -45.94491935670368 -18.72028261112162, -45.69874234074274 -18.80877949673397, -45.655327716454565 -19.047567300226323, -45.858291348593696 -19.1977111164792, -45.81492407576752 -19.435671802631237, -46.017969684389016 -19.58498842281358, -45.97465052822196 -19.82210501172127, -46.17777502205345 -19.970577749004367, -46.134504747300184 -20.20683374590345, -45.887905234446606 -20.29476719231917, -45.684609255707414 -20.146456016534394, -45.728083022982815 -19.910051090597523, -45.52487179963359 -19.76089198153858, -45.568392438958085 -19.523630539225522, -45.36526905573717 -19.37364000970107, -45.40883579770548 -19.13553871243435, -45.205803327394875 -18.984733752446758, -45.24941540236611 -18.745809745508414, -45.046476905539805 -18.59420781786473, -45.090133543711374 -18.35447872634321, -44.88729206848677 -18.20209776164104, -44.930992499967886 -17.961581685749824, -45.177342283513326 -17.87357222171711, -45.38004155404917 -18.026092764046393, -45.62614181223722 -17.93758793097253, -45.66949742513057 -17.696560035080058, -45.46695051410995 -17.54390114466705, -45.51035242872584 -17.30211390893748, -45.30789392227709 -17.14870434666588, -45.351341376281454 -16.906176949037363, -45.14897431422793 -16.752035897549383, -45.19246654508052 -16.508787971396448, -45.43813159800183 -16.419812219247305, -45.48147435035236 -16.175990952763218), (-47.44880389881202 -14.068411159868397, -47.491052159441836 -13.821234503400769, -47.73396681315295 -13.729354726289392, -47.77605223631341 -13.48179599643416, -47.57544058813944 -13.325925589288971, -47.33251906951715 -13.417719534751987, -47.29021719891817 -13.665468613728555, -47.04691901062452 -13.75698732254614, -47.00445700645117 -14.004346338342708, -47.20550578228374 -14.160005406740568, -47.16309623759451 -14.406775181643535, -47.364199284236065 -14.561764080109391, -47.607493542975604 -14.4700954023193, -47.64968746745686 -14.223513376188578, -47.44880389881202 -14.068411159868397)))",Pointedbelly Frog
138,22963,22923,Leptodactylus ventrimaculatus,species,20978,Amphibia,2.32,"MULTIPOLYGON (((-78.5404207432235 -3.5594392741357854, -78.5173013945204 -3.8123609736057222, -78.2859873398309 -3.921017143557395, -78.26266632140091 -4.174152123268299, -78.47096113664068 -4.318855987873272, -78.44774009384184 -4.57240979067788, -78.65649418422325 -4.717433927097506, -78.6333743165308 -4.97138148920771, -78.40119584533527 -5.080080847693207, -78.37787250509552 -5.334178311193909, -78.1455489086277 -5.44271404008848, -77.93691717161185 -5.297081743509174, -77.96054254721092 -5.043217648529023, -78.19249860627708 -4.9347512707176096, -78.215922021615 -4.681029003649356, -78.00769007402394 -4.5360119523550555, -78.03121235954897 -4.282690095116612, -77.82344815370396 -4.138009521576793, -77.84706810799331 -3.885113005811104, -77.63977403618979 -3.740792554640862, -77.66349046144863 -3.48834601487548, -77.89420531386841 -3.379973875687589, -77.91772269829552 -3.127750550561326, -77.71082053618126 -2.98414925025099, -77.73443431790639 -2.7324181279327813, -77.52800112449917 -2.589230507696459, -77.55171011790522 -2.3380153956668206, -77.34574817377053 -2.1952639552566633, -77.36955119704479 -1.944588311867979, -77.59902585562787 -1.8364080229486526, -77.62263273074012 -1.5860342999602985, -77.41705493542679 -1.4441003122390288, -77.4407557807267 -1.1943062723672984, -77.23564799304881 -1.052859082395501, -77.25944163882896 -0.8036672245802046, -77.48805574797744 -0.6956633898301829, -77.51165499928366 -0.4468324451745525, -77.30692715339092 -0.3062675016540184, -77.33061915092408 -0.058077290418739, -77.1263600497256 0.081952526206855, -77.15014363577131 0.3294805490572494, -76.9463554001826 0.4689550165235676, -76.97022942102507 0.7157998175322842, -77.19760956084954 0.8234367245072045, -77.40149287416479 0.6843504227496076, -77.37790194734575 0.4372402672339354, -77.58225059714334 0.2975925695657111, -77.55875235960492 0.0498042588509923, -77.76356416673148 -0.0903847815671853, -77.74015977199981 -0.3388300450611227, -77.94543250264613 -0.4795399533035101, -77.92212310790718 -0.7286205485645607, -78.12785447326753 -0.8698304373160402, -78.10464123923927 -1.119524334769975, -78.31082889517923 -1.2612129143384165, -78.28771298598053 -1.5114976865070302, -78.0581141072264 -1.6198567621501967, -78.03480007901221 -1.8704771124554052, -78.24138059390962 -2.0129721201484068, -78.21816398026434 -2.2641433736476846, -78.42520180678076 -2.4070663222599467, -78.40208378351034 -2.6587650754066403, -78.60957646695196 -2.802093389032649, -78.58655821308015 -3.0542958846405233, -78.3557466700128 -3.1629428284351784, -78.3325274475951 -3.4154028282185975, -78.5404207432235 -3.5594392741357854)), ((-80.28055630781003 -3.9534186845834123, -80.49073491345034 -4.097810282886857, -80.46896370580211 -4.351915610955273, -80.2366960355668 -4.461466549489862, -80.02651270289154 -4.316780494524754, -80.0486009083922 -4.062839280763379, -79.83884393314341 -3.9184320194766626, -79.86103990017065 -3.664907739843563, -80.09267888525298 -3.5556183543218074, -80.3024374507702 -3.6997233566435814, -80.28055630781003 -3.9534186845834123)), ((-80.23339278138926 0.6018504283783153, -80.44063801885738 0.461716412673035, -80.41913075174199 0.213130763223617, -80.6267826515134 0.0725366255449236, -80.60538321553443 -0.1766875685563593, -80.3760209867748 -0.2851560140329318, -80.35441836050236 -0.534839700571414, -80.56248930233636 -0.6762130879898315, -80.54099469636675 -0.9264967176207366, -80.74947256688438 -1.0682796197714515, -80.72808711935122 -1.3191402638333212, -80.93696891717802 -1.4613100939210344, -80.91569376739488 -1.7127244504220454, -80.68522079929794 -1.8218183817733775, -80.66373979677154 -2.0736174672144347, -80.43304258381526 -2.182762724907717, -80.41135588922957 -2.434921193965365, -80.18044296258843 -2.5440941998101483, -79.97152769974839 -2.400954037197381, -79.74072498414417 -2.5099878927157873, -79.71852107142466 -2.7623037862926236, -79.92743072207023 -2.9057635369454244, -79.9053332282765 -3.15856384429616, -79.67401474180663 -3.267721155518445, -79.46511915460277 -3.1239439158467537, -79.48752710865367 -2.8713281643639252, -79.2790664371587 -2.7279015556505644, -79.3015786208942 -2.475776780728, -79.09355560334477 -2.332724127197367, -79.11617084392797 -2.0811143677731714, -78.90858816170058 -1.9384586591357482, -78.93130528876839 -1.687387609614776, -79.16130212077402 -1.5787671341732, -79.18381828802785 -1.3280481479421498, -78.97664021080986 -1.1861583270570053, -78.99925813630671 -0.9360183549279105, -79.22875200654612 -0.8275651345038085, -79.25116968790022 -0.5778191700727161, -79.04439524144505 -0.4367328599180306, -78.81523817731421 -0.5450390099863783, -78.60894185554879 -0.4040683371681328, -78.63175982264225 -0.1551542082603571, -78.42590817520174 -0.0146753465254598, -78.44882443115465 0.2335927453416937, -78.67729677666806 0.3416025251370545, -78.70001589227586 0.5894278156019305, -78.49455785829605 0.7290198559359885, -78.26643330940519 0.6211593574578789, -78.06147832746655 0.7605921191172366, -78.0845877120625 1.0075039663250398, -77.88008461163767 1.1463832674711851, -77.90328884234133 1.39258576055859, -77.69923991667075 1.5308918950424637, -77.7225378524399 1.7763647966508143, -77.5189453407067 1.9140784943721703, -77.54233584398345 2.1588020151819993, -77.33920193163846 2.2959044496541128, -77.36268386847323 2.539859255741851, -77.58901736490888 2.6469627628310244, -77.61230850805336 2.8903843442449815, -77.40954820017573 3.0264493292637584, -77.43293071996746 3.2690692471229026, -77.65879187244104 3.3758715023755177, -77.86163127877793 3.240214907739861, -77.83853136839271 2.9973489620038807, -78.04182055052617 2.8610525001128027, -78.26827612196826 2.9680272079117995, -78.47207281981123 2.8315076659566016, -78.69873601500697 2.9384880024659092, -78.90301858720032 2.801753898887182, -78.88059257898568 2.5576466548931904, -79.0853066299178 2.4203171839664024, -79.06297959775846 2.175441339149941, -79.26812261604273 2.03753548177629, -79.24589568318291 1.7919105918543912, -79.45146510386333 1.6534477667023653, -79.42933939591458 1.4070938406656166, -79.63533260022352 1.2680938963775865, -79.86346730294684 1.3758217962705068, -80.06989060962658 1.2366715495476783, -80.04817106319291 0.9894282336750938, -80.25500675151523 0.8497756468748247, -80.23339278138926 0.6018504283783153)), ((-82.0360459210554 3.807172090415273, -81.80941587640083 3.7011032741133194, -81.6031550116879 3.8376658759359303, -81.62357836354442 4.079924298243746, -81.84995116846997 4.185739511259188, -82.0561571529901 4.049548402957074, -82.0360459210554 3.807172090415273)))",Bulun White-lipped Frog
139,22964,22923,Leptodactylus didymus,species,20978,Amphibia,2.32,"MULTIPOLYGON (((-67.75448855021018 -15.942054167258604, -67.52711520881722 -16.031182187984935, -67.330987032468 -15.877548709578702, -67.10447779099098 -15.966141787881737, -66.90942141503939 -15.812478450494657, -66.68379521267445 -15.900540954936707, -66.65260682973077 -16.14193729240607, -66.42725717863743 -16.229136149320404, -66.23372215213243 -16.075275833111267, -66.00928707784018 -16.161944836468365, -65.97775918762133 -16.402127763116024, -65.75362249788952 -16.487917439915936, -65.72194498363831 -16.727388239327997, -65.49811528692898 -16.812287141047907, -65.46628960027087 -17.051028293407107, -65.24277545227734 -17.135025439701195, -65.2108030598243 -17.373019860655283, -64.98761296155521 -17.45610474000562, -64.79704250095517 -17.301573332869328, -64.57483463309343 -17.384122050375016, -64.3854212000688 -17.229598582365202, -64.16421126331949 -17.311616975434017, -64.13176289335645 -17.547764533273163, -63.91090950850224 -17.628856729930863, -63.72316235974196 -17.474202927417487, -63.503333576378054 -17.55476909103732, -63.31677111551862 -17.400151523321036, -63.34952831639899 -17.165121542429045, -63.56869765615073 -17.084146006987666, -63.60132161370831 -16.848348462492584, -63.82086246712689 -16.766452608450297, -63.85335165228909 -16.529903332571326, -64.07325610441225 -16.447096520381717, -64.10560899971317 -16.209811778560486, -64.32586907130418 -16.12610382785666, -64.35808417128376 -15.888100315675453, -64.57869182048246 -15.803501505731365, -64.61076763208284 -15.564796345305204, -64.83171475608835 -15.479317414993263, -64.86364979904695 -15.239928150828408, -64.674803170254 -15.086581550450255, -64.70676299688384 -14.847088154391969, -64.9274037942356 -14.760379152171884, -64.95922284767943 -14.520235868913565, -65.18019057479452 -14.432678228666955, -65.21186740162725 -14.191903629078006, -65.43315386609285 -14.103509623359345, -65.46468702649769 -13.862122678372897, -65.68628398129424 -13.772905030300263, -65.71767204943956 -13.530925104278774, -65.93957119473468 -13.440896984567763, -65.97081275914657 -13.198343828118851, -66.19300574411558 -13.10751885155528, -66.22409940804597 -12.864412593798074, -66.44657783271803 -12.772804815143878, -66.47752221450821 -12.52916595542724, -66.70027763163729 -12.436789864755319, -66.73107136507636 -12.192639263830815, -66.53929562573921 -12.041413706425715, -66.57012476261148 -11.797318130237946, -66.79254357471191 -11.703902282994742, -66.82322215932467 -11.45933386711843, -67.04590533765415 -11.365189840999447, -67.0764320332933 -11.120170266198466, -67.29937107651216 -11.025313944765184, -67.32974456261086 -10.779865214420642, -67.55293092887844 -10.684312886545952, -67.74633415166616 -10.834466017559285, -67.97034630160752 -10.73848055475783, -68.00036686523417 -10.492096122597296, -68.22460443899067 -10.395438096029432, -68.25446650080843 -10.14867411493782, -68.47892077444361 -10.051360882936446, -68.50862308595612 -9.804240451737947, -68.73328530398611 -9.706289749973116, -68.76282663480971 -9.458836239433364, -68.9876880122476 -9.360266171129174, -69.1835735238662 -9.509356357843187, -69.40918695995015 -9.41038104456264, -69.43835187328159 -9.16212035538546, -69.66414169183254 -9.062552234790013, -69.69314063400311 -8.81401153530934, -69.91909790740985 -8.713869680510445, -69.9479297295827 -8.465073255451877, -70.17404551025813 -8.364377069795097, -70.20270908349285 -8.115349415539606, -70.42897440599963 -8.014118620377705, -70.45746862151752 -7.764884429674166, -70.68387450470048 -7.6631390516571285, -70.7121982741415 -7.413723197978144, -70.9387357232655 -7.311483555877654, -71.13747651989435 -7.458792948028498, -71.3646593243983 -7.356201192802001, -71.39257728747273 -7.106179141193841, -71.61986799886888 -7.003123550980988, -71.64761101208322 -6.752976737364969, -71.87500055083291 -6.649478402387832, -71.90256761857464 -6.399232292610294, -72.13004690155678 -6.295312546022515, -72.33046165936986 -6.441730017492459, -72.55851949274928 -6.337489715403274, -72.58566346514873 -6.086753408116384, -72.81378694811492 -5.982123950223776, -72.84075079209356 -5.731346770855578, -73.06893079323781 -5.626350131826997, -73.09571361208447 -5.37555794710212, -73.32394100657163 -5.27021628991048, -73.35054192651091 -5.019435017199206, -73.57880759824052 -4.91377067675598, -73.78094271444753 -5.058925357486056, -74.00970290529625 -4.952986664882082, -74.21258137160184 -5.0982392561448675, -74.441811980123 -4.992028560669904, -74.46770641025263 -4.740549640719023, -74.69693541182146 -4.634062172233547, -74.90071640761704 -4.779061813263268, -75.13037577468015 -4.672316755737807, -75.3348465306434 -4.8173965485677845, -75.3094937716825 -5.069556030681026, -75.51448211389886 -5.215036233841671, -75.74497574483965 -5.10802465509218, -75.95062595742394 -5.253558452315798, -75.92563762909948 -5.506426448992869, -76.13179643746119 -5.652321736673758, -76.10689634297319 -5.905553702161071, -75.87555406393669 -6.012584247548587, -75.85045869371483 -6.265854222269279, -76.05698924053677 -6.412395484506048, -76.28875120276578 -6.305357533243466, -76.31356184662401 -6.051786796699927, -76.54525482538324 -5.944475450081093, -76.75254570653657 -6.090718829374163, -76.72802403833592 -6.3445759905671855, -76.49592144353568 -6.451904449673524, -76.47120147223356 -6.70578850967075, -76.678874433812 -6.852624976775256, -76.65424636200436 -7.1067966790980535, -76.42165463087939 -7.21384551890239, -76.39682762520475 -7.467998304873617, -76.16416241956378 -7.5747282600554735, -76.1391370765653 -7.82883536204228, -75.90640778406326 -7.935223160619923, -75.88118472655285 -8.189257868143917, -75.6484007714214 -8.295280404513965, -75.62298064843333 -8.549216083008837, -75.8306298728602 -8.697433523603019, -75.80529794004126 -8.951554197423203, -75.57203106686545 -9.057147906067518, -75.54650147161907 -9.311123793188711, -75.3131920288215 -9.416295568197064, -75.28746545820927 -9.670100253088071, -75.4953323294983 -9.819044862290985, -75.46969264512715 -10.072969786782053, -75.23590178029528 -10.177633411022684, -75.21006453551074 -10.43134167659608, -74.97624339575785 -10.535527724554438, -74.76871593533518 -10.38607917211663, -74.53533624423456 -10.489851272917866, -74.32854101198981 -10.340323347590756, -74.095628760936 -10.443680574657552, -74.06904133463121 -10.696469321470904, -73.83614122889152 -10.79930563477695, -73.80936200836221 -11.051812570907042, -74.01575381974425 -11.201836043434847, -74.24913219240693 -11.099105998942752, -74.456284690342 -11.249042135690516, -74.42985922306006 -11.501944803705442, -74.19600528481268 -11.604567688458824, -73.98905359502837 -11.45439410342237, -73.75569039470554 -11.556571304856528, -73.5495135255532 -11.406306545885082, -73.31666663629426 -11.508037824940137, -73.28950642008016 -11.759905241527784, -73.49545953781774 -11.910406851767702, -73.46837557333495 -12.162287697458352, -73.23507183372936 -12.263297174043464, -73.20779732818735 -12.514802095220956, -72.97453790576553 -12.615197367529246, -72.76905866908618 -12.464235678802508, -72.79659625603995 -12.213107340783026, -72.59169863772601 -12.06228848812191, -72.3595171861384 -12.16236765565898, -72.15546210009532 -12.011477528215584, -71.92387858534794 -12.111092340989297, -71.89582994817776 -12.361428226503545, -71.66433866095 -12.460401603695464, -71.63610760953976 -12.710320150204023, -71.40471813271313 -12.808633162794804, -71.37630571594879 -13.058110670225059, -71.14502762870774 -13.155744774673371, -71.11643491877116 -13.404757858680957, -70.88527779423342 -13.501694907406842, -70.68326218412538 -13.34982671133154, -70.452788887668 -13.446267534860496, -70.25170487543878 -13.294343596536903, -70.02193801183863 -13.390290118365067, -69.99269590785802 -13.63793198463719, -69.76308996804889 -13.733149094476822, -69.56329508112773 -13.58096090490501, -69.33443251916553 -13.675678865407473, -69.304793131853 -13.922337412024412, -69.07611564209792 -14.01630259908811, -68.87765853590739 -13.86386477777769, -68.64976027237448 -13.957326919745979, -68.6197355970641 -14.202960599579503, -68.39204609330194 -14.295647889587533, -68.36185650274133 -14.54071095928458, -68.13438490138405 -14.632608133859831, -68.104031686673 -14.877079771995582, -68.30135952991598 -15.030141590306627, -68.27105202816514 -15.274491578936534, -68.0432072753579 -15.3652900487795, -68.01273596015331 -15.609011320782164, -67.78512235426649 -15.698981443046977, -67.75448855021018 -15.942054167258604)))",Madre de Dios Thin-toed Frog
140,22967,22923,Leptodactylus elenae,species,20978,Amphibia,2.32,"MULTIPOLYGON (((-63.038760962859214 -25.110749693001395, -63.22963229720757 -25.266312753409526, -63.195885131871506 -25.487241098122645, -62.97111209412128 -25.55215518440237, -62.93722648898711 -25.772033143051356, -63.12826810450258 -25.92744086225031, -63.09439814088128 -26.146703033861755, -62.869332686870194 -26.210116408298965, -62.83532438974184 -26.428312750995754, -63.02653505972867 -26.583529507977154, -62.9925418405586 -26.801085099656817, -62.76718475294024 -26.86299311481938, -62.73305331309024 -27.079468706239304, -62.92443179087783 -27.234459885632372, -62.89031485868519 -27.45027090502368, -62.66466694001795 -27.510670300095807, -62.63041190659513 -27.725388405253188, -62.40519251279791 -27.78471494067422, -62.370801114937024 -27.9983350847888, -62.14601864728418 -28.05658886519065, -62.111492632863786 -28.26910639950094, -61.887155408874364 -28.326287892912315, -61.85249653637206 -28.537698559640987, -61.6286127881319 -28.59380858899894, -61.593822826135465 -28.804108514137873, -61.37040069866458 -28.859148248704575, -61.335481425381914 -29.068333934663737, -61.11252897504821 -29.12230488136381, -61.07748217781632 -29.330373199499377, -60.85500737079607 -29.383277194192715, -60.819834845589526 -29.590225377229245, -60.59784555637526 -29.642064575933723, -60.56254910731434 -29.847890210294914, -60.34105311727063 -29.89866708037275, -60.30563455612952 -30.103368098434522, -60.0846395520974 -30.15308540975592, -60.049100697812634 -30.356660082035525, -60.234675276421996 -30.510907031976053, -60.199134471880285 -30.713739877383368, -59.97790110194126 -30.761940590701126, -59.79295694894233 -30.607767825426016, -59.57298659267721 -30.655375494645973, -59.38942246049183 -30.50100291642655, -59.42519049967382 -30.298947215373957, -59.23256922975855 -30.196638479090705, -59.00359607617389 -30.296675885823397, -58.81022193779671 -30.19351939321022, -58.846399877843936 -29.99003668717651, -58.65285910721646 -29.88574159562151, -58.422570204771546 -29.985215341563638, -58.22830010195473 -29.88006592925662, -58.26488394925006 -29.675158410818234, -58.07045710741281 -29.568868669732055, -57.8388904430858 -29.66776819033508, -57.64375860936143 -29.56061840853594, -57.411188601245726 -29.658976633852102, -57.21536947576115 -29.550962091314442, -56.98181607547298 -29.648767996352102, -56.78532781554571 -29.539884219347996, -56.822922355426215 -29.332923497452487, -56.626302477051624 -29.222898616605004, -56.39156856498795 -29.320103078965325, -56.19430585726184 -29.20920509926998, -56.23229064329507 -29.000836166152826, -56.03490701722188 -28.88879821376504, -55.79903524593419 -28.98539334484243, -55.60103583279425 -28.87247940997583, -55.63940542864353 -28.66270847418797, -55.44129600051241 -28.548656769719063, -55.2043302693654 -28.644635612612916, -55.00563280886746 -28.529706064636695, -55.04438146089649 -28.31854049765214, -54.845585080478656 -28.202476496499063, -54.88441843947136 -27.990215976293346, -54.685526225018236 -27.873019893948445, -54.724443697185166 -27.659668806126067, -54.52545873972801 -27.541343402818494, -54.28709690889397 -27.636622894448905, -54.08756876369284 -27.517423310465134, -54.12685523838363 -27.302693280201826, -53.92724568780423 -27.182370164155763, -53.966613658635126 -26.966558703926832, -54.20530787243217 -26.871363326773555, -54.244474081155744 -26.654770872570545, -54.04522948801528 -26.533078066203714, -54.08447739480377 -26.31541664469507, -53.885152468478 -26.192609594265022, -53.92448145984622 -25.97388565435542, -53.72507931276317 -25.84996917495945, -53.48591452955529 -25.945025105880024, -53.28601064915699 -25.82025039581876, -53.04607745140959 -25.914739673212825, -52.845693363064754 -25.789106635512027, -52.88565610028627 -25.568743564454145, -53.125728751677514 -25.474299987905603, -53.165494842519806 -25.253175965127152, -53.40495458652916 -25.158221887568814, -53.60450182450634 -25.284341043392782, -53.8431882071842 -25.18883746145109, -53.88247823081444 -24.96727381370006, -53.683361167707076 -24.840907944907517, -53.44452311332711 -24.9363534412444, -53.24490801115054 -24.809141922360848, -53.00530643138259 -24.904042400106917, -52.805214741549094 -24.775985682460597, -52.56487456413166 -24.87033296005913, -52.36432809308438 -24.741431839230692, -52.40451939742664 -24.517948059338348, -52.64498763751743 -24.423651380894956, -52.6849849822202 -24.19943127645805, -52.484783803494864 -24.069220234742374, -52.24419130683037 -24.163464681228955, -52.203925121318406 -24.38797135051486, -51.96275381703984 -24.481711825443803, -51.76173550549987 -24.350897412025727, -51.80226698444602 -24.126113368655922, -51.60121264160796 -23.994236885504236, -51.64181673083445 -23.76844017914738, -51.883212397366776 -23.674795475298094, -51.923626364293455 -23.44827183315178, -51.72290764932109 -23.31511617081048, -51.76339451034511 -23.087599388729494, -52.0043369023893 -22.99352142139965, -52.04463350725166 -22.76530545420643, -51.84425111630483 -22.630883313473884, -51.884620893754345 -22.40169513543372, -52.125109473754094 -22.307219743609014, -52.325112040168676 -22.441867499737835, -52.56490683062822 -22.346882680566104, -52.604819801728866 -22.11732462469671, -52.84402701844718 -22.021916772888584, -53.04318884706191 -22.155988913314957, -53.281661845020494 -22.060091940951125, -53.32110987815972 -21.83021041372604, -53.55897151294991 -21.733923967103117, -53.59822356132581 -21.503428517954422, -53.83546528262988 -21.406773382872178, -53.874520501739 -21.175683949774008, -54.11113392902547 -21.07868108189635, -54.149991511807954 -20.847017890078085, -54.38596843487329 -20.749688400959844, -54.582922064261936 -20.883907444497154, -54.8180837565356 -20.786148998028178, -54.85646180105033 -20.55429591709634, -54.65995999092857 -20.419837094495325, -54.69842002863473 -20.187088153115955, -54.933099996103834 -20.089169308499816, -54.971360198882735 -19.855908892852046, -55.20538005750092 -19.757727553901372, -55.24343976590734 -19.523976921658736, -55.47679199033843 -19.42555467941567, -55.51465058121528 -19.191335315467857, -55.319441607182824 -19.055149266529337, -55.35738379433545 -18.82008610796306, -55.59025028692048 -18.72160505615298, -55.784984703979916 -18.85802744738856, -56.016979770639935 -18.759188488478944, -56.054434400751774 -18.52409695937979, -56.28574028704594 -18.425082307786322, -56.322992145071225 -18.189587733558028, -56.55360201193122 -18.09041922153218, -56.59065061698524 -17.854543863185217, -56.8205577964884 -17.75524334527505, -56.85740270247052 -17.519009623382665, -57.0866006975092 -17.419598961144366, -57.27873486928472 -17.556221644298123, -57.50699406517279 -17.456512760679615, -57.54334187796243 -17.22039164142137, -57.77087459930435 -17.12060723001271, -57.807017034614844 -16.884181148024222, -58.03381737778422 -16.78434294477845, -58.22423886472653 -16.920707413882084, -58.450060521725334 -16.820604164477892, -58.48570083581032 -16.58436980711968, -58.710774296533685 -16.484246950665618, -58.89995888902395 -16.620121231798898, -59.12402629019893 -16.519753586088978, -59.31249552188103 -16.654895380833985, -59.53554012554412 -16.554290787459863, -59.72327893845522 -16.688699092948948, -59.94528456070631 -16.58786546744316, -59.97981797997343 -16.35287925045448, -60.20104284381691 -16.252084143749958, -60.387460144752566 -16.386015925751128, -60.607622064301054 -16.285011784191326, -60.64164419500055 -16.050344629886876, -60.861012868445115 -15.94941188115721, -61.046074767931174 -16.082873966950796, -61.264358080614684 -15.981751877241681, -61.29786738792777 -15.747449301334662, -61.51534598801072 -15.646430927733707, -61.69902065723885 -15.779430043692784, -61.91303149671032 -15.698682171507908, -61.946115719379634 -15.464203747759372, -62.16053876672402 -15.38255422377452, -62.193501380271954 -15.1473673630112, -62.40832944060281 -15.064825250609738, -62.44116891314454 -14.828946253388292, -62.65639472064832 -14.74552105979157, -62.83943523557416 -14.89838136223535, -63.05570397697299 -14.814481449300724, -63.088278362311826 -14.577322803175644, -63.30492705260467 -14.492551870594976, -63.48965010750737 -14.645330880642588, -63.70731805867396 -14.560082520334287, -63.73961475885383 -14.32167226586299, -63.957644189049745 -14.235566160977987, -64.14401958596717 -14.388245937449007, -64.36304328377375 -14.301660453637005, -64.39504969129777 -14.062028320358454, -64.61441574058317 -13.974599598959102, -64.80241130678984 -14.127162511945784, -65.02274531909617 -14.039253245979372, -65.05444883811822 -13.798430657477862, -65.27510543287916 -13.709693907807512, -65.46468702649769 -13.862122678372897, -65.68628398129424 -13.772905030300263, -65.71767204943956 -13.530925104278774, -65.93957119473468 -13.440896984567763, -66.1307027161455 -13.59317472362404, -66.35351333713442 -13.502666187344328, -66.3845734478788 -13.25956373045559, -66.60766526535427 -13.168263000138314, -66.8003086745642 -13.320373246242083, -67.02428182325372 -13.228593438087243, -67.05500154878453 -12.984404935291922, -67.27923432109257 -12.891852479419075, -67.47334966119247 -13.04377923521775, -67.69843238554415 -12.950749915483511, -67.72879940001985 -12.705513513729183, -67.9541196217659 -12.61173236011217, -68.149665048576 -12.763460127176035, -68.37580263820541 -12.669205214149382, -68.5723628478631 -12.820962126162149, -68.79929811413103 -12.72623094344855, -68.99685847850199 -12.878003524409364, -69.2245711919722 -12.782793686348784, -69.42311653921723 -12.934568363316766, -69.39359416147687 -13.181785179444573, -69.5927643238803 -13.333778718025037, -69.8218026613387 -13.23832441975295, -70.02193801183863 -13.390290118365067, -69.99269590785802 -13.63793198463719, -69.76308996804889 -13.733149094476822, -69.56329508112773 -13.58096090490501, -69.33443251916553 -13.675678865407473, -69.13561487488174 -13.523460400400158, -68.90751702418532 -13.617681690638133, -68.87765853590739 -13.86386477777769, -68.64976027237448 -13.957326919745979, -68.6197355970641 -14.202960599579503, -68.39204609330194 -14.295647889587533, -68.19497364492743 -14.14297566925325, -67.96809807412932 -14.23515696180962, -67.93770029188609 -14.479725861908532, -68.13438490138405 -14.632608133859831, -68.104031686673 -14.877079771995582, -67.87678709818302 -14.968172013840828, -67.84627156940944 -15.212031789406163, -68.0432072753579 -15.3652900487795, -68.01273596015331 -15.609011320782164, -67.78512235426649 -15.698981443046977, -67.58858655579712 -15.545532613585342, -67.36182318484303 -15.634972348940614, -67.1663483313015 -15.481495300148136, -66.94045441375309 -15.570408770136332, -66.90942141503939 -15.812478450494657, -66.68379521267445 -15.900540954936707, -66.65260682973077 -16.14193729240607, -66.42725717863743 -16.229136149320404, -66.39591481369196 -16.469840559849025, -66.17085050401337 -16.556163553471066, -65.97775918762133 -16.402127763116024, -65.75362249788952 -16.487917439915936, -65.72194498363831 -16.727388239327997, -65.49811528692898 -16.812287141047907, -65.46628960027087 -17.051028293407107, -65.24277545227734 -17.135025439701195, -65.2108030598243 -17.373019860655283, -64.98761296155521 -17.45610474000562, -64.79704250095517 -17.301573332869328, -64.57483463309343 -17.384122050375016, -64.54254888385297 -17.620815720520845, -64.32068569406002 -17.702440074961398, -64.13176289335645 -17.547764533273163, -63.91090950850224 -17.628856729930863, -63.87832342295741 -17.86422271845306, -63.65783467860818 -17.944379716118814, -63.625112410213774 -18.17894877910269, -63.4049963300659 -18.258162036802887, -63.372139423436664 -18.49191926194493, -63.55955077602427 -18.647011748947428, -63.52671131349109 -18.88049126869321, -63.71480646972988 -19.035714133191714, -63.68198543081675 -19.268894207761, -63.46091485560757 -19.346310948623564, -63.42795776344428 -19.57863715688885, -63.20726905905559 -19.655081123642947, -63.17417748573226 -19.886539961721446, -63.36192561055469 -20.04208799140188, -63.32885045294674 -20.273199118580333, -63.51728929616334 -20.428818793252876, -63.48423153744588 -20.659561174234177, -63.67336267638325 -20.815230034903756, -63.896068510874954 -20.74006403729204, -64.08640695641758 -20.895673994490682, -64.0535275314045 -21.126535124817742, -63.83014829303315 -21.201278342639544, -63.79712833061578 -21.43122076177219, -63.57412513980752 -21.50495990534047, -63.54096623234247 -21.733971649794242, -63.73096844605007 -21.88974451212849, -63.697828422758704 -22.118313444742302, -63.88852957348625 -22.274061815203673, -63.855409456549296 -22.502167857683574, -64.04681106181812 -22.65786935867598, -64.01371188598046 -22.885492643149835, -64.20581543004296 -23.041124921495832, -64.17273824268464 -23.26824580196418, -63.94739208005197 -23.339260974761178, -63.914171345851884 -23.56539459530537, -63.68920342319214 -23.635373829401146, -63.65584076728473 -23.86051027686752, -63.43125961087213 -23.92944959257272, -63.39775667131691 -24.153579406306626, -63.5889935950932 -24.309234405234335, -63.555508975956684 -24.53281147906556, -63.330629009156524 -24.60027123385686, -63.29700418508453 -24.82282292914909, -63.07252432657023 -24.88923165857332, -63.038760962859214 -25.110749693001395), (-54.8021579889065 -27.23109487916221, -54.84095486174022 -27.01587921405543, -54.6423412306901 -26.896172395531146, -54.404469023657896 -26.991937499514297, -54.36538512265792 -27.20745496370586, -54.564459727229185 -27.326906531706857, -54.8021579889065 -27.23109487916221)))",Marbled White-lipped Frog
141,22968,22923,Leptodactylus notoaktites,species,20978,Amphibia,2.32,"MULTIPOLYGON (((-48.189619125533 -24.003572605926937, -48.39319329109071 -24.140992421777415, -48.639018424293766 -24.051949862203728, -48.8423569210164 -24.18855687001205, -48.80013898845499 -24.414003572140153, -49.00350033030941 -24.54958809208452, -48.96134417834401 -24.774011048472968, -49.16472514183161 -24.908563379103587, -49.12263150643744 -25.13195280712863, -49.32602886221062 -25.26546372538788, -49.283998477469424 -25.48781031793643, -49.48740899062955 -25.620271075222703, -49.44544258865551 -25.841565996352756, -49.19982265041904 -25.93060971960917, -49.15767719408029 -26.151054035077664, -49.36139435379246 -26.28224641554845, -49.31931250561735 -26.501623729222544, -49.52304215241202 -26.631748661670244, -49.4810246474965 -26.850051370706097, -49.684763524948266 -26.979101651317222, -49.93021262726438 -26.890060181467945, -50.13364332048391 -27.018242139010752, -50.09194012878203 -27.235251266299603, -49.846555943087054 -27.32429148291693, -49.64281109631767 -27.196322605733457, -49.39687376511341 -27.284697792580626, -49.192835949597765 -27.15585708946307, -48.946374217490074 -27.24356097978852, -48.90399843894929 -27.46009288688189, -48.65707737059884 -27.54710291576014, -48.6145246516426 -27.76272906095354, -48.819131650893894 -27.89115866164269, -48.77664063015041 -28.105685833735496, -48.98127123401946 -28.23303219328445, -49.22810829445356 -28.146054780464848, -49.43246762015977 -28.27251700368234, -49.390282600768046 -28.485750389520366, -49.59465305271186 -28.61111822622028, -49.55253310460964 -28.823241029267724, -49.75691139353276 -28.947509316554275, -49.71485725568655 -29.158516703977348, -49.91924008749143 -29.281680699912496, -49.87725249666238 -29.491568251227914, -49.63063184742683 -29.578482839443403, -49.425939719047335 -29.455524043235727, -49.468176445950434 -29.245446710273495, -49.263494753141856 -29.121383682048247, -49.30579617479165 -28.910186641985113, -49.101128218258594 -28.785023996326753, -48.85386984590096 -28.871261655938454, -48.64893699702256 -28.745206361182422, -48.691543308351186 -28.532712739864962, -48.486636727445045 -28.405568122371122, -48.52930433456095 -28.19196486614765, -48.324427308979466 -28.06373667828895, -48.36715545321067 -27.849029318728675, -48.162311263376864 -27.719723746892814, -48.20509918440095 -27.503918247571562, -48.00029110350579 -27.373541918281635, -48.04313803942753 -27.15664468135375, -48.29056095136684 -27.070300871448843, -48.33323480374017 -26.852495991922325, -48.58022379069888 -26.76545249765556, -48.62272301014548 -26.546753613924842, -48.41846846356884 -26.414912091555554, -48.46102827843103 -26.19514066859405, -48.25680447481108 -26.062244935911536, -48.29942413280651 -25.841408881484078, -48.09523431895883 -25.707467221799174, -48.13791306620726 -25.48557490672058, -47.933760481681276 -25.350596070482453, -47.68668376156032 -25.437709138798894, -47.48233336199604 -25.301899153351975, -47.52529677304159 -25.078780565894306, -47.32099599252757 -24.94195065017276, -47.36401502831629 -24.71779585151973, -47.15976708250179 -24.579956019960235, -46.9122824898308 -24.66646413904224, -46.70788014932245 -24.52781490899763, -46.75117161303024 -24.302468824090617, -46.54683446588314 -24.162829142285283, -46.29901027816709 -24.248723679658532, -46.09455315306451 -24.108289658541562, -46.13810731730885 -23.881777583709503, -45.933727712481726 -23.740374002186947, -45.68562055382401 -23.825665513236952, -45.64186085693001 -24.05231999093457, -45.39343442802016 -24.136926461346558, -45.18881360603265 -23.99492360824843, -45.23277367730901 -23.768136926242708, -45.028248641034565 -23.62518461890423, -45.07225389408896 -23.397404214520474, -45.32058718414464 -23.31270395637899, -45.52496244468986 -23.455832736074285, -45.7730322522512 -23.37050124097283, -45.97733117843006 -23.51286228442524, -46.22510693370435 -23.426902680916488, -46.429304150403766 -23.568488893931526, -46.67675547124921 -23.481904645922473, -46.880825710518934 -23.622709324434606, -47.127922424484325 -23.53550422807266, -47.33184054400667 -23.67552105873902, -47.57855271000324 -23.58769923882863, -47.78229371131113 -23.726922299101094, -48.02859164087852 -23.638488205061204, -48.23213068728995 -23.776911962743924, -48.189619125533 -24.003572605926937)), ((-44.61926172529141 -23.337581412402866, -44.41481025638157 -23.192939997182744, -44.459050844541196 -22.964062555457193, -44.70755328911264 -22.879940579028364, -44.9118774093819 -23.024753123242128, -44.86782776276573 -23.253515181784486, -44.61926172529141 -23.337581412402866)))",Iporanga White-lipped Frog
142,22973,22923,Leptodactylus fuscus,species,20978,Amphibia,2.32,"MULTIPOLYGON (((-43.0470796213757 -9.142366806254055, -43.090958821559326 -8.889730714937327, -43.33491412237254 -8.800405888560473, -43.535082345796695 -8.963683997042828, -43.49137063071606 -9.216279693647712, -43.24732190562031 -9.305638851569196, -43.0470796213757 -9.142366806254055)), ((-75.10443622898191 -2.771271217207997, -74.87613157302357 -2.878395115756122, -74.85063909246934 -3.1285660793209193, -74.62231832029556 -3.2355039698365924, -74.5966391881152 -3.4858414063638445, -74.79954741795844 -3.629584523833121, -74.77394809536422 -3.8804131270592945, -74.5451736933551 -3.987149043464335, -74.51938720223464 -4.238100254064695, -74.29060843082442 -4.34459329365485, -74.26463551593719 -4.595641085465391, -74.0358614752854 -4.701868346428539, -74.00970290529625 -4.952986664882082, -73.78094271444753 -5.058925357486056, -73.75459928181105 -5.310088137798977, -73.52586207656685 -5.415715601642287, -73.49933459740181 -5.666896786987508, -73.70180312813964 -5.8128272133162415, -73.67535027834553 -6.064384041826281, -73.44616988195297 -6.169628037795725, -73.41953251714233 -6.421158588938376, -73.1903872565245 -6.5260354058710695, -73.16356622869965 -6.777513633789787, -72.93446532466626 -6.882001097907524, -72.90746150935082 -7.133401030327049, -73.1098133815095 -7.2807061633965064, -73.08288143320817 -7.5324007900964665, -72.85334264458662 -7.636392224402665, -72.8262274665093 -7.88796380695505, -72.59674541664526 -7.991511108071545, -72.56944792044422 -8.242933860155912, -72.340031904258 -8.346015540064103, -72.31255302490597 -8.597263813276646, -72.5147406859375 -8.745837444765838, -72.48733081869324 -8.997298563903257, -72.2574826087873 -9.099774000009507, -72.22989094346588 -9.351016239349198, -72.43239826106421 -9.500190160222608, -72.40487544109077 -9.751600923973186, -72.17459437611627 -9.853425838241774, -72.14688934489658 -10.104573544222811, -71.91669025575847 -10.205848263791939, -71.88880399786608 -10.456707871724092, -71.6586962982369 -10.55741215700948, -71.630629821423 -10.807958853151012, -71.83291726487056 -10.958220177945316, -71.80491666038164 -11.20885337533851, -71.57438226577216 -11.308801996948658, -71.54620105802469 -11.55907904498629, -71.31577095536274 -11.658407185927382, -71.2874101887488 -11.908303864089708, -71.05709384133745 -12.006992402196929, -71.02855458309557 -12.256484771946301, -70.79836144746889 -12.354514957899987, -70.76964478744577 -12.603579376580456, -70.53958431104537 -12.70093284479058, -70.51069136144785 -12.949545979029073, -70.71209521970283 -13.101244671981243, -70.68326218412538 -13.34982671133154, -70.452788887668 -13.446267534860496, -70.25170487543878 -13.294343596536903, -70.02193801183863 -13.390290118365067, -69.99269590785802 -13.63793198463719, -69.76308996804889 -13.733149094476822, -69.56329508112773 -13.58096090490501, -69.33443251916553 -13.675678865407473, -69.304793131853 -13.922337412024412, -69.07611564209792 -14.01630259908811, -68.87765853590739 -13.86386477777769, -68.64976027237448 -13.957326919745979, -68.6197355970641 -14.202960599579503, -68.39204609330194 -14.295647889587533, -68.36185650274133 -14.54071095928458, -68.13438490138405 -14.632608133859831, -68.104031686673 -14.877079771995582, -68.30135952991598 -15.030141590306627, -68.27105202816514 -15.274491578936534, -68.0432072753579 -15.3652900487795, -68.01273596015331 -15.609011320782164, -67.78512235426649 -15.698981443046977, -67.75448855021018 -15.942054167258604, -67.52711520881722 -16.031182187984935, -67.330987032468 -15.877548709578702, -67.10447779099098 -15.966141787881737, -67.07348336534 -16.208047416828737, -66.84723721345648 -16.295780853005365, -66.65260682973077 -16.14193729240607, -66.42725717863743 -16.229136149320404, -66.39591481369196 -16.469840559849025, -66.17085050401337 -16.556163553471066, -66.13935557578924 -16.796157879430993, -65.91458534969429 -16.881593262278724, -65.88293929303344 -17.12085977775364, -65.65847184271203 -17.205396272130223, -65.46628960027087 -17.051028293407107, -65.24277545227734 -17.135025439701195, -65.2108030598243 -17.373019860655283, -64.98761296155521 -17.45610474000562, -64.79704250095517 -17.301573332869328, -64.57483463309343 -17.384122050375016, -64.54254888385297 -17.620815720520845, -64.32068569406002 -17.702440074961398, -64.2882592215178 -17.9383530952466, -64.06674894842449 -18.019043800046187, -64.03418327420955 -18.25416061437919, -63.81303409379248 -18.333908847673452, -63.78033075217101 -18.56821434595918, -63.96893427402837 -18.723311887857513, -63.93625084870686 -18.957331872731537, -64.12553765210045 -19.11254423896247, -64.09287514457061 -19.346256870418518, -64.28284664076207 -19.501561331395393, -64.25020606454616 -19.734944891888333, -64.02743153287405 -19.812499791515325, -63.99465032787353 -20.045016234062107, -64.18480582006288 -20.20049463350519, -64.15204604957701 -20.43264716170298, -64.3428911890424 -20.58816533847134, -64.31015388103627 -20.819932757204924, -64.50169004689374 -20.975467945156588, -64.46897624160835 -21.206829228444253, -64.24455921349019 -21.28215562975951, -64.21170175020434 -21.512598120032415, -64.4034280825911 -21.66820651709091, -64.37059362369737 -21.898209775699108, -64.56301598586987 -22.053783410279046, -64.5302055864933 -22.283327045653184, -64.72332532282354 -22.43884327808148, -64.69054005061261 -22.667907110710704, -64.88435846951072 -22.823343330056964, -64.85159940469897 -23.051907404228935, -64.62484748539843 -23.124569552543356, -64.59194008420789 -23.35215639137107, -64.78595875889192 -23.507539469250602, -64.75307706825224 -23.734595930306803, -64.94779947546563 -23.889848405366532, -65.1759022156525 -23.817999823409703, -65.37182416014531 -23.973060830598182, -65.33915032566553 -24.20000830292088, -65.11037200013345 -24.271454882122313, -65.07754503070464 -24.497393263545323, -65.27367867221096 -24.652317768495262, -65.2408807391658 -24.87766898031312, -65.43772180447594 -25.032396304317125, -65.4049540422433 -25.25714196476562, -65.17516037499486 -25.326738101045258, -65.1422378295849 -25.550445783479443, -65.33929352991994 -25.704972456824684, -65.3064006640378 -25.928047323391112, -65.50416887609282 -26.08232841330999, -65.47130684054437 -26.30475296764092, -65.24048942307446 -26.372492085705534, -65.20747093197946 -26.59385257720514, -65.40545676701666 -26.747871365033294, -65.372468611493 -26.968556070891267, -65.14130791825578 -27.03482697159483, -64.94382586517328 -26.88080809270176, -64.97699918048207 -26.660519251038505, -64.78023630366816 -26.506224849098952, -64.5508126371115 -26.57222071563615, -64.35528423344222 -26.417668392253116, -64.38866137278761 -26.197124570293383, -64.19385196630722 -26.042334864261303, -64.22725276234553 -25.82114937936926, -64.03316090059405 -25.66614357807806, -64.0665842597714 -25.44433364930862, -63.873208453801396 -25.289133164567204, -63.646938644280766 -25.3557313454919, -63.45481036897445 -25.20034096727965, -63.22963229720757 -25.266312753409526, -63.195885131871506 -25.487241098122645, -62.97111209412128 -25.55215518440237, -62.780789388466815 -25.396581403028765, -62.55713487566885 -25.46088092355403, -62.523099475848326 -25.680308535837277, -62.29987004532478 -25.743550688501053, -62.26570117151391 -25.96192239938683, -62.0429049899451 -26.02410587328245, -62.00860435239656 -26.241415119680926, -61.786249504708124 -26.302538992825315, -61.75181882374642 -26.518779627027154, -61.529913311515315 -26.578843358468937, -61.34315637398535 -26.423129421372597, -61.122427363242366 -26.482599638672287, -61.08773749051659 -26.697316414897713, -60.867476272671595 -26.755729604981223, -60.832663107176955 -26.969368979480834, -60.61287732577179 -27.026725536104394, -60.57794261743268 -27.23928269148081, -60.35863982663375 -27.295583358964603, -60.1749987600229 -27.13980636695309, -59.95691435566354 -27.195534989538775, -59.921744505325336 -27.406557292670826, -59.6956921202469 -27.50846146945134, -59.66030647499417 -27.718810932842114, -59.43345042452749 -27.820340915905867, -59.39784905050803 -28.030002354998555, -59.17019434035673 -28.1311395217961, -59.13437733667712 -28.340098034173298, -58.90592915020969 -28.440823917105558, -58.71303568168295 -28.332526539466496, -58.48354134964394 -28.43276390807738, -58.28992024627476 -28.323619363699546, -58.05939809756232 -28.423357055920636, -58.02274750086195 -28.632295276306845, -57.791458224356745 -28.731576894150308, -57.5965782664596 -28.621864785352475, -57.36429119607618 -28.720622495161233, -57.168728226031206 -28.610049999555045, -56.935463277260226 -28.708272953212226, -56.897990053146 -28.917114958434507, -56.66398721398588 -29.01483752895754, -56.46723868555145 -28.903672089589513, -56.23229064329507 -29.000836166152826, -56.03490701722188 -28.88879821376504, -56.072980248687756 -28.67933000064719, -55.875478715240035 -28.566153206981067, -55.63940542864353 -28.66270847418797, -55.44129600051241 -28.548656769719063, -55.2043302693654 -28.644635612612916, -55.00563280886746 -28.529706064636695, -55.04438146089649 -28.31854049765214, -54.845585080478656 -28.202476496499063, -54.60757049557321 -28.297833066937397, -54.40821452307374 -28.180890424259537, -54.44733616345272 -27.968338801659844, -54.24789254564226 -27.850266175706526, -54.008875376316496 -27.94499550107, -53.808901263459035 -27.826044537280822, -53.84838951402824 -27.61211667888594, -53.648339197218434 -27.49204139382602, -53.40836682920016 -27.58613954998376, -53.207815740341616 -27.465187369189103, -53.24766391723523 -27.249894377886662, -53.0470482191657 -27.12782476677695, -52.80616910446818 -27.221288912442954, -52.60508295064224 -27.0983450205474, -52.64528406967125 -26.881699319561136, -52.44414504084685 -26.757646152052235, -52.48442249168939 -26.539923508296756, -52.72556698820219 -26.44652324103546, -52.76564882703863 -26.228000661295294, -52.56485833162809 -26.102606824734032, -52.323586900754464 -26.19597316113486, -52.122351695113096 -26.069717197583763, -52.162779824642755 -25.849860834703474, -51.961501318453145 -25.72251222723373, -52.002003788437506 -25.501599972294546, -51.80068517394909 -25.37316515188462, -51.841261314291984 -25.15120491583469, -51.639905783633424 -25.021690767156127, -51.397605271780236 -25.114366001904628, -51.356766305916494 -25.336587259783762, -51.1139157245064 -25.428701764629494, -50.91181043284189 -25.298565968127996, -50.66833166149928 -25.39007957271415, -50.46586776932952 -25.25909608012221, -50.221788178786426 -25.35000188758768, -50.01898923106518 -25.21817305661891, -49.77433659038775 -25.308464461880376, -49.73255064056704 -25.530594707498967, -49.48740899062955 -25.620271075222703, -49.283998477469424 -25.48781031793643, -49.038329556407035 -25.57685429667189, -48.9961212289968 -25.798357552631085, -49.19982265041904 -25.93060971960917, -49.15767719408029 -26.151054035077664, -49.36139435379246 -26.28224641554845, -49.31931250561735 -26.501623729222544, -49.52304215241202 -26.631748661670244, -49.4810246474965 -26.850051370706097, -49.23503331070543 -26.938432857570028, -49.192835949597765 -27.15585708946307, -48.946374217490074 -27.24356097978852, -48.90399843894929 -27.46009288688189, -48.65707737059884 -27.54710291576014, -48.6145246516426 -27.76272906095354, -48.819131650893894 -27.89115866164269, -48.77664063015041 -28.105685833735496, -48.52930433456095 -28.19196486614765, -48.324427308979466 -28.06373667828895, -48.36715545321067 -27.849029318728675, -48.162311263376864 -27.719723746892814, -48.20509918440095 -27.503918247571562, -48.452497253131696 -27.417596398682914, -48.49511091653147 -27.200877536879663, -48.29056095136684 -27.070300871448843, -48.33323480374017 -26.852495991922325, -48.58022379069888 -26.76545249765556, -48.62272301014548 -26.546753613924842, -48.41846846356884 -26.414912091555554, -48.46102827843103 -26.19514066859405, -48.25680447481108 -26.062244935911536, -48.29942413280651 -25.841408881484078, -48.09523431895883 -25.707467221799174, -48.13791306620726 -25.48557490672058, -47.933760481681276 -25.350596070482453, -47.97649756278102 -25.127656333631116, -47.77238543956494 -24.99164954276509, -47.52529677304159 -25.078780565894306, -47.32099599252757 -24.94195065017276, -47.36401502831629 -24.71779585151973, -47.15976708250179 -24.579956019960235, -46.9122824898308 -24.66646413904224, -46.70788014932245 -24.52781490899763, -46.75117161303024 -24.302468824090617, -46.54683446588314 -24.162829142285283, -46.29901027816709 -24.248723679658532, -46.09455315306451 -24.108289658541562, -45.846412574390996 -24.19354186721114, -45.64186085693001 -24.05231999093457, -45.39343442802016 -24.136926461346558, -45.18881360603265 -23.99492360824843, -44.94013204961979 -24.07888127376619, -44.73546769432289 -23.93610471541741, -44.77962289508122 -23.70919607647396, -44.575063434946856 -23.56548056907282, -44.326224641965865 -23.648847951038405, -44.1216563688358 -23.504377204219168, -44.1660423491914 -23.27636974985298, -43.96159112646788 -23.130984207871172, -43.712652346989245 -23.213775373961756, -43.5082269856706 -23.06765434338128, -43.2591484279489 -23.149805157211354, -43.0547745554845 -23.002957655373294, -42.805587386915164 -23.084466694867544, -42.76067117557932 -23.312735931835594, -42.51129122390043 -23.3935080758389, -42.30694428460288 -23.246103655351355, -42.057507150615294 -23.326223991217603, -41.85327964173908 -23.178109861553665, -41.898521290210994 -22.949719005453943, -41.69445548244886 -22.80074992549786, -41.739726513255675 -22.571404365981973, -41.535825296467664 -22.4215956641364, -41.28664075290044 -22.501286825570098, -41.08290198631963 -22.350804508507238, -41.12835133271082 -22.120482192785204, -40.92478870235499 -21.96918941281808, -40.970263641915096 -21.737945066935612, -40.76687995945477 -21.585858365582297, -40.8123796975072 -21.353706817899194, -40.609177755139626 -21.20084319435006, -40.65470149890879 -20.967799759449512, -40.451684069191174 -20.814176666284407, -40.203170357268874 -20.893736989435503, -40.000374823876655 -20.739507469910652, -40.04605691331125 -20.505583842033865, -39.843457065262726 -20.35062743756208, -39.889159390544904 -20.115849541766384, -39.68675791525868 -19.960184850476605, -39.73247969234623 -19.724569586386444, -39.53027925657398 -19.56821563735698, -39.57601970377959 -19.331780374782372, -39.37402295346698 -19.17475662101089, -39.41978129151968 -18.937519194896296, -39.667411453671804 -18.857285281521687, -39.713062698138515 -18.61923898185265, -39.5112094482007 -18.46145027510928, -39.55687920763799 -18.22263262832815, -39.355229315189376 -18.064218829675795, -39.10797657022857 -18.144734446256617, -38.90660654191487 -17.98582211729946, -38.65952776826208 -18.065805480144604, -38.45846178664351 -17.906408421004386, -38.50438312489473 -17.666926117972583, -38.751257932187116 -17.586789528521095, -38.797080091342536 -17.34653088880715, -39.04394198678443 -17.265727137479455, -39.08966264955106 -17.02471161888, -38.88863840523405 -16.864549206873292, -38.9343744970065 -16.62284123652587, -38.733563923702235 -16.462139431879873, -38.779314679452085 -16.219759798692852, -38.578720302553165 -16.058540941978265, -38.6244849599515 -15.81551084222945, -38.8707305325367 -15.73364028506786, -38.916395567102995 -15.489916351461243, -38.71592924552385 -15.328126676175666, -38.7616088100217 -15.083788835597261, -39.007639696746566 -15.001180703234846, -39.05321873016197 -14.756185494629271, -38.8528826246293 -14.593862894890556, -38.89847681216534 -14.348291567969664, -38.69835360306246 -14.185533137365969, -38.74396218757366 -13.939408592242517, -38.54405437143606 -13.776238262742835, -38.589676598455014 -13.529583747783965, -38.38998665063892 -13.366025732125268, -38.43562176843099 -13.118864830488581, -38.23615214300821 -12.954943607007692, -37.99115291591485 -13.038226452296293, -37.7920182760636 -12.874001997301239, -37.83776919198982 -12.62646064144066, -37.63886496122501 -12.461915826462603, -37.68462515788431 -12.213923665126252, -37.48595369591055 -12.049083547811858, -37.53172243523767 -11.800665136010137, -37.333286079798455 -11.635554980142958, -37.08921762013085 -11.71888272896473, -36.891161880118005 -11.553539220557424, -36.9370299680898 -11.304857873212473, -36.73921903012058 -11.139288190464466, -36.78509210178845 -10.890238144896081, -36.58752820549478 -10.724467963060922, -36.34425321343247 -10.807749870705667, -36.147106973058385 -10.64179859926188, -36.19306589319061 -10.392572928279202, -35.996176057545824 -10.226465483321602, -35.75350919056643 -10.309575329384078, -35.557066097946944 -10.143320752690837, -35.603100242253475 -9.893974313637214, -35.40692265225448 -9.727608031593405, -35.45295550685515 -9.477985020280647, -35.25704547819305 -9.31153307909399, -35.015308835366966 -9.394677683703941, -34.8198807992446 -9.228131054074176, -34.86597558898359 -8.978475974404759, -34.67082385733684 -8.811888234827618, -34.71691394185166 -8.562016297217879, -34.52204046849411 -8.39541356199106, -34.56812516598913 -8.145350928378969, -34.37353188136191 -7.978759325953164, -34.419610514040244 -7.728532258980461, -34.66022596675032 -7.644654131110506, -34.70624198516782 -7.394039650092584, -34.51169983292908 -7.227551671959234, -34.557710433699214 -6.976817931212732, -34.798205047158945 -6.892328037297363, -34.844152006847196 -6.641250824602403, -34.64966330548447 -6.474913284857083, -34.69560549201509 -6.223762374029641, -34.93597657510031 -6.1387036405224915, -34.9818541007437 -5.887253783426942, -34.78742115633651 -5.721113593575024, -34.83329455059942 -5.469635892521252, -35.07353942896586 -5.384052028477568, -35.119347149587526 -5.132320397848265, -35.35973413470566 -5.046392432560741, -35.40547386025517 -4.7944328516022665, -35.64599101781758 -4.708182139257334, -35.84102933074533 -4.874017937101752, -36.08192091411041 -4.787580569190139, -36.27739495500208 -4.953451130689907, -36.518633964927915 -4.8668266280863435, -36.56415022755198 -4.614228801402547, -36.8054711331402 -4.527323800976766, -37.00151264145725 -4.693110593045571, -37.2431353629446 -4.606028555705816, -37.288483164282525 -4.353079341177942, -37.53015729944832 -4.265749496350292, -37.57541941316143 -4.012672399757597, -37.81713282126873 -3.9251170767652392, -37.86230700487641 -3.671938913179274, -38.104047545309925 -3.5841805785343097, -38.30082257126446 -3.7496488234826653, -38.54278176146937 -3.6617457938604785, -38.587760888704565 -3.4083398637911366, -38.82971651795992 -3.320267468718912, -38.87459976032591 -3.066821674535974, -39.11653968743414 -2.9786026840076625, -39.16132486800046 -2.7251440770597877, -39.403236968426654 -2.636801333672596, -39.60054367847658 -2.8019198361470385, -39.842590489588645 -2.713466156503881, -39.887154589040506 -2.4599051699125387, -40.12914285790572 -2.3713619746023133, -40.32673056482284 -2.5363598528471187, -40.56880654698912 -2.4477174985875476, -40.76659845597385 -2.612707034894516, -41.00873367546188 -2.5239659986764447, -41.20670665747767 -2.688932753280246, -41.44887256835932 -2.6000935547526383, -41.647003394511415 -2.7650230914559053, -41.88917140100776 -2.6760862953120177, -41.933078732653684 -2.4222866145349635, -42.17510172398357 -2.333329267961073, -42.373334565487994 -2.498096331343753, -42.61531248762401 -2.4090535837255302, -42.658944457344234 -2.155332840241437, -42.90074701502354 -2.066304172275584, -43.099018034742244 -2.2308986256441496, -43.34072852166585 -2.14179684331235, -43.539056726623244 -2.3063192118782188, -43.780646655922965 -2.2171450619370665, -43.97900863867642 -2.381581096883692, -44.220449580703956 -2.292335370117643, -44.26345257387595 -2.0387865835847063, -44.06518844482804 -1.8744567997911437, -44.10822966746491 -1.6210644292088026, -44.34936065650908 -1.532033554373724, -44.39226572382029 -1.2788498104615749, -44.6331500576992 -1.1899246925524691, -44.67591719395199 -0.9369760794542998, -44.916543525885004 -0.8481792839359643, -45.114456327542996 -1.0121669894992684, -45.3548615999774 -0.92334464022745, -45.55272470020029 -1.0872487677692093, -45.79288103339198 -0.9984016392440116, -45.835135023049844 -0.7458384108673082, -46.07498672672588 -0.6571646606548208, -46.27261124922484 -0.8208579544999031, -46.512168814949746 -0.7321714968418326, -46.55407929991853 -0.4800010570064784, -46.79330396835948 -0.3915212021622275, -46.99062839092406 -0.5549944287857523, -47.229514347773545 -0.466513776362245, -47.27106990078374 -0.2147901952627305, -47.509595237759584 -0.1265488860910602, -47.706558821613015 -0.2897929307115726, -47.94470157619793 -0.2015625308000317, -48.14148057707237 -0.3646802877205484, -48.37921413967655 -0.2764615194863144, -48.42018910369947 -0.0253860320431801, -48.657518431364764 0.0625504611671308, -48.85384046579736 -0.1003197557674149, -49.09071797450687 -0.0124063049891231, -49.131310021763255 0.2380961768881014, -49.36775718113972 0.3256960032978797, -49.40818379403498 0.5757633604037294, -49.64419088653591 0.6630291771717585, -49.68445081066011 0.9126373274571863, -49.48893026501494 1.0751616075306825, -49.52925013698342 1.3244735463004387, -49.76486364432154 1.4110755717163221, -49.80501656957969 1.6598869185590401, -50.040177030889 1.7461055344866856, -50.08016180509571 1.9943930917912231, -50.314859841732414 2.0802090449812956, -50.35467529323495 2.3279499799448615, -50.58890165822362 2.4133443694416155, -50.628546648099416 2.660516226082401, -50.86229222760312 2.7454705139446913, -50.9017656496855 2.992051224510423, -50.707729033724604 3.1538796314883917, -50.74726645128595 3.400053529523714, -50.98060471677857 3.4841941428342387, -51.01997038533477 3.729738950980072, -50.82623379131212 3.8913421596663547, -50.865663736287644 4.1364397039420835, -51.09859405218634 4.219732353007379, -51.13785207471 4.46416402315332, -51.370286624326525 4.546946467884226, -51.409371684619316 4.7906919560927435, -51.641301786820634 4.872947587298548, -51.83404965824823 4.711836352959246, -52.065364752596125 4.793936682558282, -52.10403318601587 5.036759398103966, -52.3348212717288 5.118308688946805, -52.37331299950911 5.3604016348698265, -52.603565869152504 5.441384337162146, -52.64187999752576 5.682728715438516, -52.87158958472058 5.763129708321556, -53.062862307141074 5.602596935494258, -53.29189328588433 5.682820517962414, -53.32977821734582 5.923156768787389, -53.558244860436616 6.002776755736769, -53.74868985326415 5.842486908918664, -53.97644330673981 5.921923759765648, -54.013892364094175 6.1612148894377805, -54.241061280897156 6.240027314951779, -54.430630794836276 6.079990327636735, -54.65705316039774 6.158614447543549, -54.84612555534619 5.99866582376541, -55.07178106262239 6.077103308107575, -55.10852655430935 6.315030820305955, -55.33356638965185 6.392817839618975, -55.52168909334864 6.233141845118113, -55.74593070884069 6.310737788425452, -55.93351116723986 6.151172994547661, -56.156935452955935 6.228579717298526, -56.34395694821305 6.069139054724971, -56.566545248936194 6.1463584250517815, -56.75299141249101 5.9870546999461185, -56.97472553367565 6.064088595198673, -57.01021199848326 6.299930674025949, -57.23128061660789 6.376279053727945, -57.266576327535944 6.611265076112395, -57.486973821564504 6.686916958485374, -57.52207845461089 6.921032385521358, -57.74179935134879 6.995977238212138, -57.926200117816336 6.837318863664738, -58.145019793123424 6.912064989679056, -58.17965759384961 7.144950197127303, -58.39778601546094 7.218974645510197, -58.432231489053024 7.450960279237968, -58.24882507861878 7.609269268071796, -58.28335482479804 7.840690455301929, -58.50101456102465 7.913455500876761, -58.683916650927415 7.755326780467815, -58.90064783200751 7.827880120529231, -58.934708100356204 8.058028289144746, -59.15073358495977 8.129833082330192, -59.18460103049776 8.35904430718908, -59.39991629340787 8.430092476031485, -59.43359080562078 8.658355244967899, -59.64819146475162 8.728639145987524, -59.82887157933098 8.571207549903752, -60.04250398254953 8.64127208027536, -60.07570540289652 8.868215219779247, -60.28861126062313 8.93750524402648, -60.321619241847884 9.1634781335178, -60.53379466907643 9.231987086975487, -60.56660922063733 9.456979769624587, -60.77805047142516 9.524701505793859, -60.81067162790521 9.74870448033647, -61.021375094263234 9.815633265776572, -61.05380291498312 10.038637482331154, -60.875808777571024 10.195073669020752, -60.908324841701 10.417429954755482, -60.730154954211045 10.573775368907802, -60.76275894218941 10.795466116382945, -60.5844154294943 10.951700194995352, -60.37292918893445 10.886460273303177, -60.19387880726693 11.042785793412039, -60.22684980190947 11.264127072337295, -60.43859201529267 11.328810423844907, -60.47137087618343 11.549118502031574, -60.68238528783435 11.6129923052003, -60.86036122220875 11.457116290882645, -61.07038147544765 11.52073806953983, -61.24763719530684 11.36494896310338, -61.215418522377746 11.145314944757212, -61.39249459131469 10.989403422036323, -61.60123752109348 11.053348648176817, -61.77757697615972 10.897551156481352, -61.98529594300955 10.961258870428146, -62.16088785241669 10.805587641648295, -62.36757153707086 10.869062075160501, -62.39894466387 11.087624539949779, -62.60486882983767 11.150282134042229, -62.77913314122142 10.99496419966203, -62.98400575637274 11.05739161701876, -63.15749644514747 10.902221629562872, -63.36130742462248 10.964423160720711, -63.534014926676434 10.809412869862978, -63.736754644329366 10.871392770374792, -63.76708580893137 11.087782075438643, -63.594960653683 11.242578611411313, -63.62538296875883 11.458314650359497, -63.827647341305635 11.518870240596815, -63.9991878261129 11.364290888514772, -64.20037189122118 11.42462363833553, -64.37111077968707 11.270211003590143, -64.57120595443322 11.330325340703583, -64.74113490003042 11.17609079876939, -64.7115621593694 10.961529986393929, -64.51177725712287 10.900804243660433, -64.48201309722646 10.68520918428663, -64.65231734173138 10.530746809267939, -64.85179005286447 10.59208695160572, -65.02127653091806 10.437829577600601, -65.2196439918986 10.498964696535001, -65.39472979218984 10.388781181617386, -65.59940219936408 10.493897293247779, -65.77543543271163 10.383241159536777, -65.9809005869322 10.48835262101156, -66.00979917734122 10.704058855316562, -66.21551498915505 10.809094322151603, -66.392859969571 10.698488296828883, -66.59934523381101 10.803502469537591, -66.77761173665304 10.692422662691847, -66.98485257660415 10.797409421815455, -67.16403077269642 10.685856371925698, -67.37201290206114 10.7908095885468, -67.55209255930524 10.678783971714656, -67.76080128374183 10.783697511215275, -67.94177176639703 10.671200144344763, -68.15119198550397 10.776067870222143, -68.17913141372401 10.99334102862257, -67.99782666052475 11.10532609463293, -68.02580418595728 11.321519678606819, -68.2349103845831 11.426141389494674, -68.41654334210745 11.314666759565085, -68.6263391029526 11.419220646189528, -68.65399941387962 11.635143644666336, -68.47204435597895 11.746109858988795, -68.26275001981469 11.641660675113389, -68.08165962309327 11.75214829791554, -67.87305944094071 11.647626585528066, -67.69284496394032 11.757635002846143, -67.4849542153195 11.653047105124752, -67.30562651798974 11.76257584594873, -67.0984600836817 11.65792811226319, -67.07010783512406 11.443661557413748, -66.86316164342415 11.33887403257141, -66.68508731779231 11.448440057387915, -66.71360198709881 11.66227562702714, -66.53607883494851 11.770844156953071, -66.3304040654941 11.66609580380561, -66.15379788320082 11.774184068393385, -65.94888965697459 11.669394923889213, -65.77320971394285 11.777002990178893, -65.80206293102876 11.988878222704713, -66.00644511568701 12.093587348799149, -66.18249906791903 11.98650063532287, -66.38765127066422 12.091164720322466, -66.5646237957246 11.983595849402079, -66.77053254591736 12.088208481433115, -66.94841416355537 11.980157318384144, -67.15506558752453 12.084712079467721, -67.33384642220477 11.976178619619203, -67.5412262445136 12.080669089698121, -67.72089602450218 11.971653461904134, -67.92898956964443 12.076073222931534, -67.9569050554718 12.289403943628747, -68.1651944317015 12.393638216854034, -68.34607007927544 12.284649322559279, -68.55504724150907 12.38879552444359, -68.7367812979254 12.279322808230853, -68.9464305910971 12.38337448453111, -68.97385054060874 12.596778891294996, -69.18366660999521 12.700605925060561, -69.36655098652457 12.591151330224529, -69.33931677364075 12.377369149996934, -69.52273226445142 12.266930402602197, -69.73367730390291 12.370773745092114, -69.76072161479651 12.584926584837268, -69.9718106494366 12.688523152088083, -70.15633317902439 12.578098934896921, -70.12948292377664 12.363582673123219, -70.31453005412097 12.252181048287529, -70.28772875622825 12.036554407341155, -70.47330025150087 11.92417914442494, -70.44654885466957 11.707447274912328, -70.63264444189414 11.594102540813422, -70.6059438968263 11.376271008114145, -70.79256326537345 11.261961374408482, -71.0061492398023 11.365977445607856, -71.1935535716364 11.251200539693786, -71.4077098241776 11.355105395004763, -71.43399724037083 11.57364654499954, -71.24633808249213 11.687933032413193, -71.03264528975805 11.584167758310564, -70.84576091050896 11.697984220049767, -70.8723099217125 11.915074099787677, -71.08553783644888 12.018698768144805, -71.11193443530793 12.235031982627772, -70.92530857511521 12.34739208219108, -70.95175831859453 12.562612987779431, -71.164628538827 12.665815824603529, -71.35150961303049 12.553944220374376, -71.5649378906803 12.65700316606769, -71.75257729910604 12.544651622992609, -71.96654520419271 12.647560433711279, -72.15492839481503 12.534730490707316, -72.12911012025022 12.31850991140425, -72.31799816277822 12.204723205585072, -72.29223934643646 11.987388583528857, -72.48163153938286 11.872650162328283, -72.69700372742682 11.975727315717375, -72.88711559220366 11.860522048687153, -73.10297591262852 11.96344717646382, -73.29379176285731 11.847777395673702, -73.26854298424392 11.628707239791947, -73.45985256698309 11.512102078394513, -73.67660613270259 11.615041644711788, -73.86859851859371 11.497980256747567, -74.08579286502481 11.600761505524506, -74.27845145640777 11.483246809109795, -74.25373800153704 11.262482501761276, -74.44687868002102 11.144051190830245, -74.66490096299746 11.246851845558128, -74.85868527425974 11.127976839410575, -75.07709887943903 11.230613533287919, -75.27150934573423 11.111298345507565, -75.24735615139862 10.888885531246645, -75.44223583276153 10.768674971635503, -75.6614087889572 10.871337421810418, -75.85689070118204 10.750697634840465, -75.83306612176952 10.526939003146346, -76.02900956724714 10.405419822044262, -76.00526431394317 10.180587728365536, -76.20166768106608 10.05819833341955, -76.17800280023953 9.832301968201543, -75.95767697826582 9.729052749700545, -75.93383478064362 9.502359002544754, -76.13057620818218 9.378655926126985, -76.35128097258055 9.4821010343027, -76.54859915937946 9.358000609480015, -76.52509817959442 9.130005186992038, -76.72287116912969 9.005064883478783, -76.69945372616417 8.776035642212276, -76.89767971625052 8.650266514147553, -77.11942192826854 8.753973421337834, -77.14257278489701 8.98324523285243, -77.36422433147659 9.08660714460839, -77.3871927476784 9.31508207789708, -77.608745614747 9.418080882041158, -77.807678394712 9.292819358059553, -78.02946765805875 9.39565940809723, -78.05198021923047 9.623537399530006, -78.2736487146422 9.725984985812657, -78.47313746023151 9.60078199467556, -78.69500470698016 9.703054468018074, -78.8949590509046 9.577477273507261, -79.11700133829495 9.67956991197502, -79.13877063371494 9.906996873636787, -79.36065600433194 10.008656953212641, -79.56107936210616 9.883136674599701, -79.78310176115686 9.984601024038685, -79.98393640164622 9.858714593854256, -79.96273844792347 9.630943976043703, -80.16396537843183 9.504280165894155, -80.14286703379648 9.275479605922444, -80.34448366249333 9.14805108037719, -80.5671917382145 9.24983973155584, -80.7691821459266 9.122072181909674, -80.7484785013368 8.892104955017333, -80.95084760336198 8.763596700425904, -81.17389459169816 8.865465676821469, -81.3766073932924 8.736636251893263, -81.59968790049372 8.83831721694093, -81.61979490543906 9.068547836061118, -81.84263479213722 9.169751445076685, -82.04561644136123 9.04100812899962, -82.02581184157864 8.810662633482217, -81.80272251140397 8.70917375668947, -81.7827228033955 8.477949443556467, -81.98611597032955 8.348102035947507, -81.96622458189073 8.115897191352015, -81.7426359590381 8.013655514464812, -81.72254870503923 7.78059647917258, -81.49871374577656 7.677906057404391, -81.47843067625811 7.444009231129969, -81.25435699035438 7.340887676130406, -81.05083246116756 7.471933428885202, -81.07141713882493 7.705698714783082, -81.29522545321792 7.808551328590021, -81.31561522261184 8.041485990192188, -81.53919146899328 8.143901306913776, -81.55938624099737 8.375988827175387, -81.35630613360543 8.50553373810017, -81.13299256065653 8.403392247187128, -80.93024754710895 8.532627334014562, -80.7069817014448 8.430309122678931, -80.68618842796683 8.198490750863552, -80.46271141347502 8.095740648809759, -80.44172506683661 7.863089569512244, -80.64451183746415 7.733039492099792, -80.62362840142768 7.499417488374652, -80.82679976121378 7.368661277794516, -80.80602028707777 7.134082331287637, -80.58177094920417 7.0304087512615965, -80.37858439254498 7.161570731338016, -80.15441541044284 7.0577626186829825, -79.95161737181398 7.188631936206841, -79.97298934202021 7.42289776913818, -79.77058999186679 7.553052687338337, -79.79206203158598 7.786353170144284, -80.01564141841254 7.889666791002448, -80.03692164434118 8.122158791194947, -79.83491409540606 8.251168151545492, -79.85629423890259 8.482671790835997, -79.65468495484625 8.610934999809169, -79.43170979438231 8.508112483863362, -79.41004079801517 8.276783130909603, -79.18689741987343 8.173563420771881, -79.16503869283281 7.941423794133487, -78.94173500910385 7.8378249745815864, -78.74061119126947 7.966598835724138, -78.51748187843415 7.862864297322106, -78.4951505169067 7.630132348987334, -78.27188327153964 7.526049005739128, -78.24936406989464 7.292549163529595, -78.02596694349678 7.188135833069438, -78.00326026500296 6.9538860735110015, -77.77974135503365 6.849161866623414, -77.75684758558378 6.6141805720437485, -77.53321503386015 6.50916488218894, -77.51013458199746 6.273470833149958, -77.71096351719976 6.142558293217917, -77.6879730972557 5.905929676774961, -77.4638765434404 5.800453242801774, -77.44069883550375 5.563142367519962, -77.64189518237269 5.431069187192103, -77.61880756564993 5.192850302182536, -77.39424573824937 5.086948892691636, -77.37097022692114 4.84807957364534, -77.5725347082108 4.714868488635401, -77.54934934493228 4.475119158982294, -77.75136465652551 4.341212607930663, -77.72827054847208 4.100599800107349, -77.5028804418748 3.9941384034509846, -77.47959677875087 3.752921175239483, -77.25410059147325 3.646281832907734, -77.23062781752287 3.404481686346244, -77.43293071996746 3.2690692471229026, -77.65879187244104 3.3758715023755177, -77.86163127877793 3.240214907739861, -77.83853136839271 2.9973489620038807, -77.61230850805336 2.8903843442449815, -77.58901736490888 2.6469627628310244, -77.79223294288482 2.510262965127355, -78.0188141974938 2.617389382874644, -78.22255091168854 2.4804710590376176, -78.19963924112487 2.2360295244024084, -77.97270296230866 2.1287418813551744, -77.94959795437444 1.8837731792212733, -78.15371745441821 1.7458587835403454, -78.13070721196767 1.5001455509572537, -77.90328884234133 1.39258576055859, -77.69923991667075 1.5308918950424637, -77.47206453377828 1.4233849523335975, -77.26855628487185 1.5614949823161783, -77.29213820269788 1.8067143640373073, -77.08909403713035 1.9442186040811755, -76.86256482748841 1.8369030711176755, -76.6600900572618 1.9741892109791874, -76.68404028346198 2.218383408778079, -76.91018829765214 2.325563806463204, -76.93394978115292 2.569255886810054, -76.73183995428072 2.705493327480436, -76.75568952357428 2.948393482829372, -76.5540498461303 3.0839708297912107, -76.32867346101946 2.977063318405211, -76.12762491302057 3.1123847664816733, -76.15183269907898 3.354191141423889, -76.37681876407031 3.46096091176301, -76.40084113168916 3.702223016057916, -76.20014745121372 3.8364291172729956, -76.22425454002708 4.076846049686269, -76.02403660340944 4.210341944252373, -75.79983990814462 4.1038502246625885, -75.60023384555514 4.237054975599896, -75.62468911228842 4.4763154303695885, -75.84848686973815 4.582666851989329, -75.87276006745216 4.821343563719458, -75.67349885301137 4.953372267208129, -75.69785344771645 5.1911549060108895, -75.49907311027383 5.322427588943914, -75.52350800335066 5.559300834249716, -75.32521015330845 5.689803192235303, -75.10262555682463 5.583877678455979, -75.07793275947611 5.34730819514256, -75.27608145717471 5.216359276956538, -75.25146673942879 4.978877501493802, -75.02844616501662 4.872655756616325, -75.00365224861541 4.634586193238788, -75.20213626541288 4.5024278428347, -75.17742038913461 4.263473663533646, -75.37639509652736 4.130567249726801, -75.35175836280615 3.8907443891593445, -75.55122221667578 3.757105078825405, -75.52666573310908 3.516429958600657, -75.72661713896046 3.3820734008176716, -75.70214201821707 3.140562926671845, -75.47745112328552 3.0337158876156045, -75.45279287489976 2.7916918217062916, -75.65309011296554 2.656209260000638, -75.87818669047468 2.7631768084298307, -76.07910821315676 2.6274346179026096, -76.05479917587576 2.3843060718656903, -75.82929973225448 2.2772190885851895, -75.8048052907785 2.033605287675292, -76.0060794169998 1.8967807862174972, -75.98166857118714 1.6523998142057215, -76.18342855597905 1.5149306997950933, -76.40972505522167 1.6222533278654414, -76.61208851062842 1.484561925870106, -76.5880370647483 1.2391449378701866, -76.79087742360258 1.1008401173716356, -76.76691411756057 0.854699141023087, -76.97022942102507 0.7157998175322842, -77.19760956084954 0.8234367245072045, -77.40149287416479 0.6843504227496076, -77.37790194734575 0.4372402672339354, -77.58225059714334 0.2975925695657111, -77.55875235960492 0.0498042588509923, -77.33061915092408 -0.058077290418739, -77.30692715339092 -0.3062675016540184, -77.51165499928366 -0.4468324451745525, -77.48805574797744 -0.6956633898301829, -77.25944163882896 -0.8036672245802046, -77.23564799304881 -1.052859082395501, -77.0069333257665 -1.1608412526969372, -76.80239825036645 -1.0195296210297269, -76.57398345373598 -1.1273764199532603, -76.54971313634697 -1.376624220984601, -76.32122209880009 -1.4844132872615836, -76.29676007654572 -1.733963567653822, -76.06820167259112 -1.8416717353090972, -76.04354852049002 -2.091499171427645, -75.81493165990894 -2.1991032457860875, -75.79008797741643 -2.4491823605674106, -75.56142160328702 -2.556659135827008, -75.53638801424894 -2.806964316175645, -75.30768110094756 -2.914290593050581, -75.10443622898191 -2.771271217207997), (-73.3526552488995 4.971347974617917, -73.32686864189705 4.73462883534618, -73.52261571755005 4.603774074684628, -73.49689812821201 4.36615968825736, -73.6931597186521 4.234515500643061, -73.91533678074627 4.340940613993968, -74.11230407081563 4.208970849091554, -74.08690306726241 3.9701271394814412, -73.86428722500423 3.8636014149105913, -73.83871092550409 3.624242595990656, -74.03599816757716 3.4910619524201856, -74.2590504828009 3.597686882582594, -74.45703183334021 3.4642015217744766, -74.68051708508334 3.5708645013297353, -74.70559169814292 3.8109048003823327, -74.50743503408238 3.9439482218228905, -74.53258538241478 4.183129859065946, -74.33493042400912 4.315418625356039, -74.36015540796151 4.553725549597438, -74.58278387366978 4.6600741788313185, -74.60783213573123 4.897822932773724, -74.41050323745027 5.028892053600767, -74.43562620136349 5.265738013013508, -74.23879699371474 5.396020086399155, -74.01702537014182 5.289909254815119, -73.82088329306833 5.419848570661492, -73.84632564333063 5.655439923036182, -74.06766534344673 5.761430095409784, -74.09293445448198 5.996426644376588, -73.8971084452795 6.125094877207289, -73.67620293200004 6.019226533052286, -73.48107543044613 6.1475331829070825, -73.26063679404491 6.041646022350604, -73.0662251363875 6.169585572507736, -73.09204415565416 6.4029435482688495, -72.8981467568169 6.5300395997270435, -72.92403170640901 6.762435161087132, -73.14358019265674 6.86808907175512, -73.16929732383501 7.099864598600803, -72.97569972433134 7.225632431288705, -73.00148290528641 7.456422431920218, -73.22063009444267 7.561791866147264, -73.24624584674763 7.79193217611823, -73.05294789205158 7.916356630939645, -72.83424541748711 7.811114795052748, -72.80839723252285 7.581321974800711, -72.58974687525699 7.4759064126275145, -72.39739768981443 7.600405779763799, -72.17926463891528 7.494949414417386, -72.15302469211248 7.264881455014968, -72.34514301374422 7.139902939021721, -72.3189646839614 6.9088470267951445, -72.10044268641663 6.803143245316246, -72.07410051718259 6.5714846268572344, -72.2665057635662 6.445155346880255, -72.24022506175788 6.212531520668472, -72.43315455835047 6.085342048961533, -72.40693636716342 5.851765590371892, -72.60038934049739 5.723727162603536, -72.57423470983767 5.489211132019997, -72.76821034169731 5.3603354678097785, -72.98856339288442 5.466444959077611, -73.18327829863874 5.337209012562241, -73.1574237504831 5.101399825650654, -73.3526552488995 4.971347974617917), (-46.31105253122658 -10.059452733645116, -46.51121117391201 -10.219777906297072, -46.46870805748201 -10.4711210982106, -46.66893386533709 -10.630970698837231, -46.62648041992506 -10.881925515861322, -46.826770399994885 -11.041275655019323, -47.06931592143875 -10.949728936478293, -47.26946240468586 -11.108622567047854, -47.511641406105035 -11.016786397810375, -47.55367436855996 -10.766170898136057, -47.79547076014597 -10.674170783754661, -47.83734193709234 -10.423338690497399, -48.07874490847464 -10.331197822597249, -48.12045280710845 -10.080175427106148, -47.92097663577357 -9.921100505391065, -47.9627401607846 -9.669714103227568, -48.20376057621981 -9.57760165394605, -48.24536045201702 -9.326070062824591, -48.48597277234606 -9.233874284352945, -48.52740755843188 -8.98222404857034, -48.32845220049776 -8.822567219196975, -48.36994407938204 -8.570615968698082, -48.61016878228106 -8.478529467808405, -48.65149522825553 -8.226505189035253, -48.45281986303245 -8.066364044868031, -48.49420377487083 -7.814083547315354, -48.73403980990528 -7.722153022884312, -48.77525795464804 -7.469845353921162, -49.0146677456417 -7.377923154572685, -49.055718753501 -7.125615009847488, -49.294692116638494 -7.033724199167524, -49.33557465166663 -6.781442231177198, -49.1377121919006 -6.620832211489161, -49.17865463431546 -6.36837789445943, -48.980807411596246 -6.2073971797228005, -49.02180908579916 -5.954796848939144, -48.82398007344461 -5.793470491937238, -48.865040302134446 -5.540750620835197, -48.66723246825583 -5.379103875637735, -48.7083505724937 -5.126291057459883, -48.94705294004565 -5.0353277591530095, -48.98800535972967 -4.782645207456868, -48.79047931972841 -4.620728391239929, -48.831489972073 -4.367998993467554, -48.6339856788476 -4.2058212922297855, -48.67505388764407 -3.9530718139887138, -48.47757428924969 -3.790658976213925, -48.23877849272036 -3.880954879912097, -48.04108494071747 -3.7182825226952474, -47.80187000215726 -3.8084960969719086, -47.603985087760435 -3.6455772535032627, -47.36437795256651 -3.7357070258789635, -47.16632442722618 -3.5725548857115044, -46.92635228510211 -3.66259945410743, -46.72815304528644 -3.4992273549381387, -46.48784331226564 -3.5891853867962107, -46.445720980085774 -3.8426972837363538, -46.205078103245526 -3.9327400064966254, -46.16280511453533 -4.1863852140942805, -45.92184005788586 -4.276489739739581, -45.72317895617647 -4.112786637681512, -45.481939237389795 -4.202779946740058, -45.439325351546195 -4.456625235456104, -45.197792365853964 -4.5466455623557085, -45.155033964061076 -4.800562940390591, -44.91321900256779 -4.890587151561126, -44.87031781022934 -5.1445495343838745, -44.62823225757462 -5.234554429691695, -44.429109264533075 -5.070479083303854, -44.18683147287646 -5.160336128441625, -44.14361103812462 -5.414372651126974, -43.90109244806962 -5.504175296370047, -43.85773580294593 -5.758194988405547, -43.61498807749607 -5.847919959495691, -43.57149707283943 -6.101895616353243, -43.32853195454184 -6.191519639456689, -43.28490846860565 -6.445424068955725, -43.0417377763709 -6.534923889582988, -42.997983714385065 -6.7887299315930365, -42.75461934024857 -6.878082333509693, -42.71073663396494 -7.131762879607315, -42.467190539792064 -7.220944703700265, -42.4231811470139 -7.474472716744641, -42.179465361150925 -7.563460879808532, -42.13533126524637 -7.816809413400244, -42.33506775945118 -7.981167444832289, -42.290963801202366 -8.23431363990081, -42.046969181631006 -8.323098998714924, -42.00274123254367 -8.576019622865655, -42.202661448425516 -8.740152631770117, -42.158463091487754 -8.992825110367118, -41.91419161769165 -9.081361731889137, -41.86986999161038 -9.333763012466944, -42.06997211181324 -9.497625530589024, -42.02567952772741 -9.749733398376469, -42.2259338411464 -9.913293517137532, -42.18167105339749 -10.165081936660263, -41.93700026901751 -10.253314609949918, -41.89261363411104 -10.504768165557525, -42.09305083602992 -10.667979845207322, -42.048693445088624 -10.919069707636313, -42.249282908736404 -11.081920624240142, -42.49419206802386 -10.993708363678921, -42.69488637677143 -11.156208691258964, -42.65071751613602 -11.406884871996983, -42.85155290755547 -11.568981845376697, -42.807416872350935 -11.819236839176803, -43.00839052852548 -11.980905842039794, -43.25343539898927 -11.89236498568706, -43.454472680830364 -12.053635114440937, -43.699399379768245 -11.96474527623515, -43.900475905231175 -12.125603427845387, -44.14525480503837 -12.036365890582019, -44.346346193185624 -12.196799192943857, -44.59094774401575 -12.107215438539253, -44.63438859495843 -11.85722997702749, -44.87872592736986 -11.767342190709924, -44.92202305248832 -11.517005020777678, -44.72116878154855 -11.356457956699412, -44.76450809685862 -11.105690572132293, -45.00851521158531 -11.015573308078437, -45.05171022737855 -10.764498100386007, -45.29543650840634 -10.674133026386418, -45.338485439547846 -10.422776060934211, -45.581919256993245 -10.33218611604194, -45.62482034882485 -10.08057361886508, -45.867950171008715 -9.989781848786738, -46.06821131941776 -10.150518966685786, -46.31105253122658 -10.059452733645116), (-74.8040781395838 2.713111426694514, -75.02841238341648 2.819984444244887, -75.0533322045898 3.0616919793186526, -74.85417630645512 3.1961990564463703, -74.63026529262996 3.089430413081697, -74.6050879926739 2.8480514149194316, -74.8040781395838 2.713111426694514), (-43.121329062110874 -12.641270267284177, -43.32257073131905 -12.802010622104639, -43.27853773524135 -13.050854783629958, -43.479909121860764 -13.211095070156398, -43.72523165077649 -13.122557243424223, -43.7690925606532 -12.873779049977724, -43.567804342622416 -12.713471503241754, -43.611702408436024 -12.464192224386318, -43.41053821916284 -12.303391462454664, -43.165397165911635 -12.391931595502856, -43.121329062110874 -12.641270267284177), (-72.01396857607207 7.848112943600218, -72.23164269564126 7.953454689450086, -72.257780915392 8.181880955858968, -72.06646795684918 8.304598829034509, -71.84925450134166 8.199373080731869, -71.6587034159601 8.32167214186431, -71.44204086007716 8.216398304235282, -71.41546311720275 7.98871663214873, -71.60576450485806 7.865930883627991, -71.82289440681816 7.9713144623368555, -72.01396857607207 7.848112943600218), (-62.12932183525423 10.58599565097776, -61.92188136634221 10.521707937302878, -61.89012226770571 10.301093575193415, -62.06608639343893 10.145141077794722, -62.273246079218815 10.210011845431092, -62.30472228218957 10.43025123149055, -62.12932183525423 10.58599565097776), (-71.41156480614613 9.689751882832642, -71.19621035070294 9.58500375043463, -71.16962211660521 9.361084269336908, -71.35860042740846 9.241542830998243, -71.57442198726068 9.346412394014513, -71.60079706856098 9.57070097754387, -71.81670922743312 9.675371414684475, -71.84292583248798 9.898963252834971, -71.65344651224466 10.017525218737994, -71.4379965888303 9.91298327032682, -71.41156480614613 9.689751882832642), (-73.38420460769807 10.849704834365797, -73.35892273640418 10.627659459928445, -73.5510238223018 10.508729171413037, -73.76860076677208 10.612319536425668, -73.79364946531108 10.83467334445916, -73.60135539752159 10.953129535221217, -73.38420460769807 10.849704834365797), (-49.17182669565519 -7.790207138666626, -48.932457123953974 -7.8823221902342935, -48.89129749908226 -8.13439283199258, -49.08973483778491 -8.294125411063836, -49.32906051608583 -8.201819006131224, -49.369991728888586 -7.949972381844457, -49.17182669565519 -7.790207138666626), (-70.71248670978515 8.926453756051263, -70.68558823092121 8.701210037860449, -70.87403804701583 8.580683358054497, -70.84719274277647 8.354408936507374, -71.03617461111561 8.232958442805355, -71.25226693693729 8.338274848844042, -71.27890103356665 8.564935643260856, -71.08965509084538 8.685894590053282, -71.11634453925375 8.911524794335227, -70.92762705175281 9.031558208813562, -70.95437085697183 9.25614857578051, -70.76618225891362 9.375248977789603, -70.5515199914227 9.27025290059562, -70.36413537266779 9.388909451643372, -70.39113725140625 9.612064964458991, -70.20428569884183 9.72977609737457, -69.99071596891757 9.624829746559868, -69.96351364053488 9.402068812588231, -70.15008041305167 9.283858760661223, -70.12292714408828 9.060049777256895, -70.31003035511227 8.940895646510711, -70.52456932345737 9.046048971253956, -70.71248670978515 8.926453756051263), (-68.86397222856948 11.739513967183747, -69.04678029092774 11.628069921528517, -69.25741551592272 11.73235506435665, -69.44106452866335 11.620434096983873, -69.65234570670526 11.724627760524026, -69.67948939849505 11.940620751511936, -69.49554285041371 12.052040372443468, -69.28474908626971 11.947967441796113, -69.10163417689043 12.058907661761365, -68.89149148228108 11.954738453595894, -68.86397222856948 11.739513967183747), (-75.81912606845269 6.372344305639477, -76.01769909590126 6.242734116728721, -76.24055400110538 6.348218658929089, -76.26444588359654 6.58314524143779, -76.06574682042273 6.712310101363036, -75.84328094086473 6.606992448197567, -75.64518221154013 6.735811808778455, -75.66941741820031 6.96949908926249, -75.47179461234794 7.097514667682177, -75.2500790825846 6.992293982855326, -75.22558692047913 6.758898774946724, -75.4230662563142 6.6304309516520945, -75.39865224320188 6.396072354453395, -75.17650266273338 6.29048089986266, -75.15191044914413 6.0554704306588, -75.3497242510215 5.925752216387335, -75.57227755923783 6.0314953757595084, -75.59661234138137 6.26680383723468, -75.81912606845269 6.372344305639477), (-73.14180547549485 10.523939396155427, -72.95040452457991 10.642425758270944, -72.73376725916494 10.538581739850354, -72.70809334860776 10.316098984240424, -72.89928298424502 10.197133351440996, -73.11635886974082 10.301130873693097, -73.14180547549485 10.523939396155427)), ((-61.151289158437294 13.41025693179878, -61.35989513163548 13.469730701928164, -61.53604659101475 13.315163322992674, -61.50413921953226 13.100875523493155, -61.68010845576491 12.946111966167921, -61.648289409202164 12.731072652825247, -61.82407439919412 12.576132060087357, -61.792343969242495 12.360356433281394, -61.96794270103409 12.205258122365064, -61.93630117538302 11.988761707899473, -61.72877984530527 11.927024133161403, -61.552625556975954 12.082355759932579, -61.34408496212856 12.020368009300505, -61.16719778557675 12.175782260219123, -61.19940049068475 12.392947928301874, -61.02233485745765 12.548194823263334, -61.054625377338624 12.764622125259283, -60.87738336416436 12.919682135389586, -60.90976138730052 13.135355618478815, -60.73234508159683 13.29020939577517, -60.764810292493806 13.505113943972095, -60.58722179223126 13.659742331221832, -60.61977387143327 13.87386317101469, -60.82963671994111 13.933060818704323, -60.86199800606728 14.146096239976282, -60.68477400661126 14.300222388977177, -60.71722213159464 14.512454131174339, -60.539827109212894 14.666313270334182, -60.57236175365048 14.877727551595234, -60.78201466898362 14.935005971901727, -60.814359150487476 15.145319976419723, -61.02328655349058 15.201763241879805, -61.05544093027706 15.4109732957759, -61.263639437926315 15.46658007828574, -61.295603791747766 15.674682886078172, -61.5030701521363 15.72945218809547, -61.67830425314935 15.576662592946622, -61.646617401142336 15.36883416343436, -61.4394187723515 15.313519838588283, -61.40754175740241 15.104585427058703, -61.199607857624684 15.048434500407872, -61.16754056079682 14.838397291542629, -61.343684900125 14.684794033982502, -61.311704986916794 14.473942876402146, -61.10330277799703 14.416408596137902, -61.07113222174195 14.204463200260301, -61.2476420142316 14.050344861508867, -61.21555888393182 13.837604360098787, -61.006687603899664 13.778686209018506, -60.97441347209937 13.564861242352022, -61.151289158437294 13.41025693179878)), ((-32.62038586205122 -4.149393340465708, -32.38321981848023 -4.234355266632558, -32.19240610258419 -4.069317586080915, -32.23846420275092 -3.819455397954852, -32.47530817935976 -3.7342957773453476, -32.66641476702296 -3.8991967987403915, -32.62038586205122 -4.149393340465708)), ((-65.68645367644974 11.137967286893899, -65.86231057683467 11.028834603589402, -65.8333851467076 10.814190695031085, -65.6284522533516 10.709140040374354, -65.45297819951173 10.818797421518546, -65.24884127928843 10.713737668562615, -65.07995445607338 10.867790638051359, -65.1092440636134 11.08194585794945, -65.30713748415948 11.141636466901554, -65.48205312778033 11.032980203685582, -65.68645367644974 11.137967286893899)), ((-64.43072294869141 11.698437601783246, -64.23031943684171 11.638931497418637, -64.05936584475229 11.793290286254528, -64.08940476474886 12.00693050474518, -64.29011466160833 12.065831724911634, -64.46047923893015 11.911696828246715, -64.66010053798104 11.97037469373382, -64.82965492626376 11.816402162959443, -64.80018124376058 11.603530778686855, -64.60087057103615 11.544243328295774, -64.43072294869141 11.698437601783246)), ((-65.7047137431184 -27.71497090880833, -65.90485589732712 -27.868048936774898, -65.8719658069659 -28.086608186355512, -65.63873828452056 -28.151720100495762, -65.60568667359792 -28.369177505715424, -65.37279614216772 -28.43319960189345, -65.17365230700184 -28.280148348488805, -65.20689429191812 -28.063060366532042, -65.43909130815348 -27.99865328598193, -65.47217510832202 -27.780464276090836, -65.7047137431184 -27.71497090880833)), ((-63.249713949576204 11.552266274148687, -63.21900866202968 11.336152766111859, -63.01490338923834 11.274546288650935, -62.84121132121939 11.429645908683812, -62.872199328962296 11.646129541049907, -63.076596768059176 11.707144261947434, -63.249713949576204 11.552266274148687)), ((-59.88762051934867 13.045713026712118, -59.85449592354044 12.828367619789264, -59.64175495791734 12.765874307914443, -59.46189554103097 12.92126517629615, -59.24820515117429 12.858491939196274, -59.067678618156506 13.013886243004803, -59.10135409797431 13.231802902218345, -59.315281562530174 13.29404489383095, -59.34876704509952 13.510891681837437, -59.561992110049815 13.572313852193199, -59.74149063149213 13.417421580004675, -59.70828046064088 13.200855987461951, -59.88762051934867 13.045713026712118)), ((-65.73763771168677 -27.495687154439622, -65.53821544163742 -27.342274610960082, -65.5711720941142 -27.12228225984444, -65.80335842926995 -27.05532211354904, -66.00327088058876 -27.208737799869766, -65.97050837304458 -27.42910958173737, -65.73763771168677 -27.495687154439622)), ((-61.74157567907024 15.990375971714462, -61.534844587903606 15.936444824965532, -61.3594298026768 16.088935288974373, -61.39129153019128 16.295079842595026, -61.59829112857679 16.348470414175388, -61.773160324472826 16.196255875667582, -61.74157567907024 15.990375971714462)))",Rufous Frog
143,22974,22923,Leptodactylus latinasus,species,20978,Amphibia,2.32,"MULTIPOLYGON (((-65.33929352991994 -25.704972456824684, -65.3064006640378 -25.928047323391112, -65.50416887609282 -26.08232841330999, -65.47130684054437 -26.30475296764092, -65.66978870994218 -26.458766928783472, -65.63695866872472 -26.68052398480776, -65.40545676701666 -26.747871365033294, -65.372468611493 -26.968556070891267, -65.5711720941142 -27.12228225984444, -65.80335842926995 -27.05532211354904, -66.00327088058876 -27.208737799869766, -65.97050837304458 -27.42910958173737, -65.73763771168677 -27.495687154439622, -65.7047137431184 -27.71497090880833, -65.90485589732712 -27.868048936774898, -65.8719658069659 -28.086608186355512, -66.07282889798644 -28.239331016087274, -66.30706765913611 -28.173504004011793, -66.33975781748754 -27.954582325305985, -66.13841072017678 -27.8018491249099, -66.17113766174967 -27.582194460033378, -66.40501003372437 -27.5149090899669, -66.60683291689844 -27.667648410534763, -66.84168703953371 -27.599645403506354, -67.04468942762789 -27.75202127744374, -67.01237518583312 -27.972393715685786, -67.21609029926208 -28.124383441734704, -67.18381873906107 -28.344006026503124, -66.9476180585677 -28.411293490556687, -66.91517504374323 -28.629812745644223, -66.67926678893458 -28.696006053137545, -66.64665390250316 -28.913415542206543, -66.85015978786403 -29.064970504650564, -66.81758741708695 -29.281601499704564, -67.02181452588748 -29.4327233703313, -67.2590776444116 -29.36723199815499, -67.46448509665159 -29.51792250731085, -67.43217264798682 -29.73408177964363, -67.19423300536623 -29.799230411375333, -67.16174549292214 -30.014261432127302, -67.36741719118933 -30.164458000996355, -67.3349740485639 -30.378668279903785, -67.5413690097703 -30.5283731372758, -67.5089715488652 -30.7417493367223, -67.26995659810696 -30.805117202042304, -67.23738215536697 -31.01734973559058, -67.44404502041351 -31.166512180329303, -67.68373989437474 -31.10347261599366, -67.71609034803264 -30.890943455217794, -67.95605514246512 -30.826788679068436, -67.98822526461741 -30.613115497503845, -68.2284492980865 -30.547846893321466, -68.43716906306543 -30.696569209995857, -68.40523271555969 -30.910531645588048, -68.61466900883792 -31.05870959564463, -68.5827859143841 -31.27180921618005, -68.79293896103995 -31.41942422281756, -68.7611105009604 -31.63164862891629, -68.51888729193733 -31.695985615211207, -68.48687162030085 -31.907056839717516, -68.24488973616137 -31.970271633676457, -68.21268839387757 -32.180185748353956, -67.97095880552952 -32.24227737958494, -67.93857335797519 -32.451030855303074, -67.69710699359304 -32.511998750002434, -67.66453903015817 -32.719588448976594, -67.42334677222905 -32.77943242168777, -67.39059790585266 -32.98585558958648, -67.14969058824734 -33.04457583482315, -67.11676245494317 -33.24983009275815, -67.32496625762546 -33.39662938792205, -67.29208333629269 -33.6009760544349, -67.05077211056934 -33.65826128818092, -67.0177097612833 -33.861434510091534, -66.77669941368741 -33.917595682565, -66.74345931370034 -34.119594043710805, -66.5027606198441 -34.174632552632104, -66.4693444685104 -34.37545498278585, -66.22896814525345 -34.429372568354744, -66.195377663519 -34.62901833486389, -65.95533436614228 -34.681817070939886, -65.92157129602492 -34.88028577032988, -65.6818716154406 -34.93196805557256, -65.64793771950256 -35.129259605126876, -65.40859217950111 -35.17982815410942, -65.37448924031361 -35.375942783438795, -65.13550829485054 -35.42540061774701, -65.10123811445094 -35.62033886035928, -64.86263214497444 -35.668689299688616, -64.82819654431641 -35.86245198457053, -64.58997585713773 -35.90969863783229, -64.55537667553487 -36.102286881053935, -64.31755149924295 -36.148433637501945, -64.28279059380606 -36.33984883385371, -64.04537107672812 -36.38489985424176, -64.0104503217969 -36.57514366891363, -63.77344652950629 -36.61910337669385, -63.73836781607554 -36.80817773700587, -63.50178972894847 -36.851050809577195, -63.301055623599666 -36.70517593947519, -63.065680820190465 -36.747295378656396, -63.03027414138248 -36.934960519142074, -62.79534874514232 -36.976003892009686, -62.759791693509385 -37.16250635410632, -62.525325297067056 -37.20247897308683, -62.32719223442595 -37.0562848239321, -62.093972603814436 -37.09552936128318, -61.89725026558014 -36.94885965914214, -61.665292690111045 -36.98739027101152, -61.62927852181272 -37.17224430369319, -61.397814929573286 -37.20972190467095, -61.20314974181949 -37.06269772642569, -60.97297481755115 -37.0994818417675, -60.77974434764414 -36.952023003439706, -60.55087140754941 -36.98812793554758, -60.51444340857583 -37.17132925991222, -60.286096747179386 -37.20640001516886, -60.094967957387695 -37.058637760824716, -59.867946864692925 -37.09305016256474, -59.83126528803086 -37.274854452632034, -59.604789689413735 -37.308245744709325, -59.415788710877436 -37.160208903951556, -59.19066044656731 -37.192962897552164, -59.15374097429343 -37.37337567531601, -58.92917643572363 -37.40512205861921, -58.89213880517768 -37.58440496143367, -58.668145731600475 -37.61515070025938, -58.63099194694857 -37.79330778309336, -58.40757796364038 -37.823059992136315, -58.22211701940135 -37.675038561931466, -58.00008912296654 -37.70418861831062, -57.962724213148164 -37.880975054067605, -57.727053228825866 -37.97336661468294, -57.68946674604962 -38.14925389740118, -57.88786919874781 -38.232566756192185, -58.11010258735692 -38.20477970411088, -58.29564781962996 -38.35217525626652, -58.519277029204545 -38.32378568666417, -58.70631445582737 -38.4708103043113, -58.93133063630907 -38.44180357033488, -59.119857255324504 -38.58843902722824, -59.34625083264228 -38.55880042898407, -59.536263000955714 -38.7050284145113, -59.76402366405671 -38.67474320982469, -59.95551708230164 -38.82054534024284, -60.18463377068875 -38.78959875580347, -60.29660351539184 -38.94640323601673, -60.17818319555465 -39.13462222491352, -59.94751168407706 -39.16498713689368, -59.83682175971728 -39.0077175673549, -59.607891207056525 -39.0375349497047, -59.499193329493764 -38.88076918790886, -59.271995358655275 -38.910054476351185, -59.08267305643517 -38.76395132446825, -58.856852456578906 -38.79259708874281, -58.66902205616458 -38.646090562500824, -58.44458870838662 -38.67411158577684, -58.25825345660985 -38.52721994805813, -58.03521650932127 -38.55463096497044, -57.85037901828798 -38.407372390069604, -57.61416831606775 -38.49904311690206, -57.415200654483414 -38.41592121829557, -57.45300837242311 -38.24093873010065, -57.253892938368836 -38.156748470495195, -57.29179581370994 -37.980681419979696, -57.092535679092336 -37.895417560943265, -57.13053316795923 -37.71826155313147, -56.93113141443604 -37.63191900797459, -56.96922296794733 -37.453669804878714, -56.769682686644884 -37.36624364548175, -56.807867750959915 -37.18689717294269, -56.60819204218885 -37.09838263671049, -56.64647005855515 -36.91793499136429, -56.44666203152427 -36.8283274883058, -56.48503243632567 -36.64677494467252, -56.2850952088541 -36.55607006460236, -56.32355743365987 -36.373409082294344, -56.5616483157643 -36.28164850948786, -56.599893857564695 -36.098075067133905, -56.8372354230211 -36.005614448071924, -57.03610301893087 -36.096735431825316, -57.27245482315527 -36.00359362948575, -57.310171764222986 -35.81932628823655, -57.1118488987742 -35.72798806276778, -56.87526379203523 -35.8211355114353, -56.67626031380101 -35.72890929295251, -56.714381295849705 -35.543317763311364, -56.95119610130689 -35.4501657294977, -56.98910011066468 -35.263675883723515, -57.225156922663956 -35.16985216985031, -57.26284352595033 -34.982471796217204, -57.49813549461122 -34.88799029131615, -57.535604296850934 -34.69972748752542, -57.33809283763739 -34.60571250277484, -57.10256397368781 -34.700193822459916, -57.06478401209725 -34.88868924382791, -56.82849566493584 -34.982514694422036, -56.62975991784276 -34.887844186399406, -56.392496581323456 -34.98100218301277, -56.35419204716047 -35.16882714828091, -56.11618889432981 -35.26130324378995, -55.916277735796484 -35.16595651163545, -55.954887618729344 -34.97791683446989, -55.75485791697943 -34.8814519808251, -55.51571117779116 -34.97324167172789, -55.476798544397795 -35.16149095619731, -55.23693867930986 -35.252575089980176, -55.03579805504546 -35.15541394187165, -54.795044921171865 -35.245786015098275, -54.59332087292276 -35.147709422700984, -54.632830650235405 -34.95905637466021, -54.431013077609464 -34.8598576887641, -54.18921649698794 -34.9495147283879, -53.986845529534634 -34.84939455564212, -54.026733453115085 -34.6594153182047, -53.82428079988732 -34.558169749299374, -53.58148966854063 -34.647103866392094, -53.37851431856939 -34.54493167092565, -53.418773536421895 -34.353625629465306, -53.215728504967615 -34.25032559521788, -53.256068919302606 -34.05788212514531, -53.05295749436726 -33.95345258931006, -53.093378439763754 -33.75987044073116, -52.89020391168633 -33.65431001796166, -52.930704719018635 -33.45958821684295, -52.727470380155694 -33.3528958075071, -52.48332053380847 -33.441128008874536, -52.27962149267782 -33.33350578231761, -52.32047957110049 -33.137449573121906, -52.11673293857825 -33.02869532727396, -52.15766788888543 -32.83149691601747, -51.9538769779972 -32.721610374670405, -51.99488810782282 -32.523269754681195, -51.791056231774235 -32.412250957077084, -51.83214284548558 -32.212768434343786, -51.628273317340756 -32.10061774344886, -51.66943471610858 -31.89999394501684, -51.46553084846903 -31.786712055773542, -51.22009362438314 -31.87425919613508, -51.01579351456829 -31.76005209505822, -51.0572948479703 -31.55809412217309, -50.8529727916156 -31.442759080358478, -50.606798063759754 -31.529584752133864, -50.402112901122905 -31.41332576976851, -50.443945911387914 -31.210039988788754, -50.23925128370536 -31.09265745364407, -50.2811534194893 -30.888232944720837, -50.07645265343103 -30.76972911829522, -50.11842318217728 -30.56416810237766, -49.91371960087511 -30.444545619406895, -49.95575778756407 -30.237850686522474, -49.75105471029417 -30.117112562737297, -49.79315981751881 -29.90928668002935, -49.588460559385425 -29.787436319790174, -49.63063184742683 -29.578482839443403, -49.425939719047335 -29.455524043235727, -49.468176445950434 -29.245446710273495, -49.263494753141856 -29.121383682048247, -49.30579617479165 -28.910186641985113, -49.101128218258594 -28.785023996326753, -48.85386984590096 -28.871261655938454, -48.64893699702256 -28.745206361182422, -48.691543308351186 -28.532712739864962, -48.486636727445045 -28.405568122371122, -48.52930433456095 -28.19196486614765, -48.77664063015041 -28.105685833735496, -48.98127123401946 -28.23303219328445, -48.93884266348027 -28.44645457176493, -49.14349358845624 -28.572711802659445, -49.390282600768046 -28.485750389520366, -49.59465305271186 -28.61111822622028, -49.55253310460964 -28.823241029267724, -49.75691139353276 -28.947509316554275, -49.71485725568655 -29.158516703977348, -49.91924008749143 -29.281680699912496, -49.87725249666238 -29.491568251227914, -50.081636572723056 -29.61362362790314, -50.32768471552089 -29.525998776620106, -50.53173631283619 -29.647149999071356, -50.77718344298211 -29.558821852886087, -50.98087840914113 -29.67906856578044, -51.22569642510214 -29.590044414584945, -51.26691133354174 -29.380771661058716, -51.51117610854391 -29.29105983119152, -51.71412145348248 -29.410621224758657, -51.95771277375508 -29.32023258130018, -52.16023969145871 -29.438893570087664, -52.403130650475475 -29.347836177739573, -52.60521615326178 -29.465597583378212, -52.847380308462775 -29.373879795113677, -53.049001750559995 -29.490742788759157, -53.290413138148025 -29.39837323644286, -53.49154822883585 -29.514339331345234, -53.73218137778845 -29.421326916102306, -53.93280819392547 -29.53639795989362, -54.17263813920968 -29.44275184225017, -54.212001775423644 -29.23405782831417, -54.45117516020153 -29.13981248958305, -54.650813066223634 -29.25423716479675, -54.889144526431735 -29.159380068179352, -54.928014369097866 -28.950128893400976, -54.72884302315168 -28.83545372877913, -54.7677973992308 -28.62509855067188, -55.00563280886746 -28.529706064636695, -55.04438146089649 -28.31854049765214, -55.281535818403455 -28.222600615512047, -55.32007806861263 -28.010638588106797, -55.55654357295509 -27.914169100216267, -55.75427185984145 -28.029618725327094, -55.98984099722222 -27.932588668235486, -56.027881099922965 -27.72015894580164, -56.262740821696525 -27.62263033324622, -56.30057203644165 -27.409441782629187, -56.53471517284416 -27.31143295108086, -56.57233699356108 -27.09750056037457, -56.80575655656202 -26.999030060393103, -57.001334116585724 -27.114430246608105, -57.23379847667013 -27.01544868160342, -57.27090955536906 -26.80113594438073, -57.502631791747376 -26.70172470827574, -57.539531587840884 -26.486707945029348, -57.34501153620623 -26.370744523056146, -57.38200250615586 -26.15467373500012, -57.613211232346856 -26.05493151783388, -57.64999114986843 -25.838180004068672, -57.88045015960665 -25.738052251567975, -57.917018699669796 -25.520636547552208, -58.1467219066692 -25.42014272094325, -58.18307877927086 -25.202079650154975, -58.41202027564174 -25.101239359110174, -58.448165225387854 -24.882546025066812, -58.676339280806886 -24.78137901596234, -58.86811377261475 -24.898801505148192, -59.09525605481218 -24.79721658238202, -59.13088222605859 -24.578320891995496, -59.357241642257264 -24.476442431662043, -59.392654874192004 -24.256960380817286, -59.618226310540166 -24.154808340356, -59.65342650084406 -23.934757797901604, -59.87820501696274 -23.83235222627413, -60.06750801201575 -23.94987038457963, -60.291209652548304 -23.847097121219, -60.47973779260704 -23.963809347590853, -60.69665463733611 -23.900421820680997, -60.73111760664986 -23.680235132258705, -60.94850258455598 -23.615813597842223, -61.13212944883463 -23.772060228373803, -61.350678918463814 -23.707083298893778, -61.38489644158048 -23.485383240400026, -61.60389664885457 -23.419371770231134, -61.78938011173676 -23.575530428157403, -62.009522833589344 -23.50895195973631, -62.196278589893325 -23.665036382740894, -62.41755129499559 -23.59788160301093, -62.45136939319676 -23.37418507990786, -62.67306372553372 -23.305994498977153, -62.706749492695906 -23.081303756879148, -62.928857433721134 -23.01208061086211, -63.11797010441532 -23.167994098027005, -63.34117214446917 -23.098182486639686, -63.374571485293046 -22.872017430880053, -63.598167421671675 -22.801175852092282, -63.63142796118635 -22.574035060110646, -63.4412496257182 -22.41822568318914, -63.474528525203695 -22.19061059634326, -63.28505113394439 -22.034770680795294, -63.318347381778906 -21.8067011170256, -63.54096623234247 -21.733971649794242, -63.57412513980752 -21.50495990534047, -63.79712833061578 -21.43122076177219, -63.83014829303315 -21.201278342639544, -64.0535275314045 -21.126535124817742, -64.24455921349019 -21.28215562975951, -64.21170175020434 -21.512598120032415, -64.4034280825911 -21.66820651709091, -64.37059362369737 -21.898209775699108, -64.56301598586987 -22.053783410279046, -64.5302055864933 -22.283327045653184, -64.72332532282354 -22.43884327808148, -64.69054005061261 -22.667907110710704, -64.88435846951072 -22.823343330056964, -64.85159940469897 -23.051907404228935, -65.0461177777537 -23.20724104203455, -65.01338601321933 -23.435285637281194, -65.2086055743289 -23.590494181176346, -65.1759022156525 -23.817999823409703, -65.37182416014531 -23.973060830598182, -65.33915032566553 -24.20000830292088, -65.53577580941119 -24.354899413512683, -65.50313263027824 -24.58126976668898, -65.70046276878897 -24.73596871686176, -65.66785138901602 -24.961743279435442, -65.43772180447594 -25.032396304317125, -65.4049540422433 -25.25714196476562, -65.60250368231651 -25.411650122832715, -65.56976723832521 -25.635772140616847, -65.33929352991994 -25.704972456824684), (-65.1035980042805 -32.937497870499676, -65.06966733415862 -33.140462864327134, -65.27236685282936 -33.28925689213315, -65.50952407954871 -33.235141994593604, -65.5432584333462 -33.031887830889424, -65.34003353811478 -32.88303663262332, -65.1035980042805 -32.937497870499676), (-65.64419632869063 -32.41803713208655, -65.61059449423409 -32.62333339663719, -65.81433637510042 -32.77223860468706, -65.7807690999937 -32.97666052734357, -65.9852604759498 -33.125026291578386, -65.95172903418432 -33.32856329256756, -66.15697100014295 -33.47637246181788, -66.39624795320962 -33.42069623569035, -66.4295698637842 -33.21688281560864, -66.22382602634832 -33.06902089296266, -66.25718686490059 -32.86431493002067, -66.05219025498391 -32.71589727469351, -66.08558872271315 -32.51030925422037, -65.88133833404436 -32.36135320580759, -65.64419632869063 -32.41803713208655), (-64.70377388851449 -31.253366090399773, -64.66988801235638 -31.460896126279987, -64.43633812791697 -31.516809048144015, -64.40229574608121 -31.723186053426808, -64.60198599630546 -31.873971805316902, -64.56796973719247 -32.07951266315025, -64.7684101751699 -32.22982695260951, -64.73442123252622 -32.434520188057434, -64.9356133065687 -32.58434520161006, -65.1713272006593 -32.52953088783031, -65.20512585115269 -32.324532915563275, -65.00340254228966 -32.174652928212154, -65.03723148270458 -31.96879942092, -64.83625700774019 -31.818431541346474, -64.87011501854822 -31.611733893257956, -65.10475831475682 -31.55508897550794, -65.13845632872977 -31.347236817041143, -64.93770053116295 -31.19635066866619, -64.70377388851449 -31.253366090399773), (-68.067848927676 -31.611923427455967, -68.3091594606275 -31.548401464442804, -68.34122798535988 -31.336450689342428, -68.1322211984922 -31.188301914739725, -67.89158305238341 -31.25213723800534, -67.85928094514088 -31.463806782215816, -68.067848927676 -31.611923427455967)), ((-60.644753236552035 -38.72601635930802, -60.87574627899511 -38.6933726525566, -60.99100565397623 -38.85017252121878, -61.223714242550045 -38.81694390870782, -61.34102785039474 -38.97420609276673, -61.224372724279334 -39.16519762112835, -60.99005938869202 -39.19786713690527, -60.87401276458269 -39.04010697866507, -60.64143870206962 -39.07218619386588, -60.527445210811464 -38.91489822418561, -60.644753236552035 -38.72601635930802)))",Oven Frog
144,22976,22923,Leptodactylus fragilis,species,20978,Amphibia,2.32,"MULTIPOLYGON (((-67.55668670610528 6.0872437489974685, -67.58533644030346 6.315627082850385, -67.4025431369483 6.43794180564427, -67.19145742733994 6.332379861286937, -67.16263388776416 6.10448615781103, -67.34506873664054 5.981664252660161, -67.31628005897515 5.752824314612347, -67.10488393071344 5.647303936133316, -67.07595742017179 5.418027532258907, -67.25859951377655 5.293772477765441, -67.47053126532442 5.399298335345564, -67.65410503865381 5.274626533509233, -67.6253888384376 5.043928243853435, -67.41292196530564 4.9384000615367105, -67.38406547091112 4.7072894204288795, -67.1718200154977 4.601858427620601, -67.14282434609736 4.370356274034524, -66.9308076823033 4.265042373056155, -66.74833065983583 4.391214733339489, -66.77749736495319 4.622201388237629, -66.59559777736392 4.747462117513595, -66.62479656876201 4.977550263726259, -66.4434738432071 5.10189049855118, -66.47270382233744 5.33106807920418, -66.29195735473795 5.454479414083812, -66.08236493399572 5.349220194014024, -65.90258154757963 5.472204870726245, -65.69379808115275 5.367043695896142, -65.66424804301396 5.138919224171284, -65.45573285536237 5.03388726389829, -65.42605440521405 4.8053919492911605, -65.6050454067652 4.681389742030431, -65.57539272161178 4.451997342542279, -65.75496605191667 4.327067092763989, -65.72533999451296 4.096789582298346, -65.90549644772328 3.9709397522153873, -65.87589788964301 3.7397895496951503, -66.05663823092632 3.613029056938018, -66.02706805259061 3.381019027503528, -65.81659710644848 3.276317125743353, -65.63625511269962 3.403574455740329, -65.42661388223004 3.2990179317993324, -65.24726436240162 3.4258668005639374, -65.27714855446924 3.6567733195383028, -65.0983864096193 3.7827094890440036, -64.89015309559717 3.6782393490684453, -64.86011869388855 3.4478959728629617, -64.65217792508541 3.3436414503255176, -64.47484010886734 3.469661996257235, -64.5050202127118 3.699434909331649, -64.32827172999676 3.8245323459249145, -64.35847189795848 4.05344715799599, -64.18579175018942 4.2076630296926325, -64.21608555690672 4.436248496567313, -64.41877022130113 4.510105429317317, -64.44886845816278 4.7378360525488095, -64.27657103369661 4.892214857225335, -64.30676278486249 5.119583098135944, -64.50896328584312 5.192068739427277, -64.68538519053234 5.069866874459005, -64.892221207503 5.174669400820569, -64.92207344070283 5.4017111040173384, -64.74523521203803 5.523398462229183, -64.77510947593557 5.749521560833092, -64.9816762470846 5.8545014455121365, -65.01142690342357 6.08023808554569, -64.83475671556361 6.200452458824638, -64.8645297734525 6.425248530183999, -65.0708269301304 6.530364900901684, -65.10047638352638 6.754743554210203, -65.30705481718135 6.859953049090931, -65.48453397688448 6.740776865529305, -65.69193504641261 6.846062694846552, -65.87038312766973 6.726442012005864, -66.07859340267932 6.831799225193466, -66.1078098230977 7.056769418204712, -66.31627438863521 7.16218037761285, -66.49606247037214 7.042633360299494, -66.46700677647918 6.817159848526686, -66.64736454432577 6.6966568899382715, -66.61833981139034 6.470216980223502, -66.79926785436102 6.348764803077705, -67.00959139568427 6.4542647526892685, -67.03844889053715 6.681201454761508, -66.85715120290602 6.80214189129641, -66.88604175481956 7.0281112758548145, -66.70531190633105 7.148100261964094, -66.73423462549152 7.37309246033227, -66.5540720801398 7.492123440591119, -66.34536016767498 7.386677784236219, -66.16614115299159 7.505262573575559, -65.95821784238974 7.399867522550575, -65.7799520546642 7.518004098323586, -65.8092236651404 7.741015415698765, -65.63152778370035 7.858180178072264, -65.42495178990858 7.752854944362094, -65.39552793195014 7.530351335704583, -65.1892230015916 7.425073058791901, -65.01289108500627 7.542307720382255, -65.04246283865425 7.7642968017016, -65.24821970950877 7.869566113828666, -65.27766787640323 8.091078717892794, -65.48369898641153 8.19638659703593, -65.51302240854716 8.417404321117376, -65.3364640427899 8.532610342063462, -65.3658121249025 8.752619317310414, -65.18982131444474 8.866839229548573, -64.98487994500557 8.761576026235483, -64.9553856164191 8.54206932231028, -64.75558921243149 8.476620751780919, -64.58497178035277 8.631299500873151, -64.38406873122054 8.565661315073072, -64.21263418420943 8.720592679081287, -64.24269911520773 8.940985495781316, -64.0710479076577 9.095980029095857, -63.86873972818448 9.030759996126093, -63.696283991865386 9.185983087712705, -63.72672605175998 9.406240096520168, -63.554059625280246 9.561492691334465, -63.58459327941614 9.781163859169858, -63.411718000160576 9.936425818737327, -63.44234301276896 10.155493567117768, -63.645559089601434 10.218894395200378, -63.675991323616415 10.436944619096298, -63.50349143725356 10.59199154240403, -63.299976861877184 10.529191835068787, -63.12668943912479 10.684412402990949, -62.92210841307774 10.621391941602509, -62.8911086263731 10.402555618693887, -63.064973440152215 10.247128299453577, -63.034064370479285 10.027662353720334, -63.20772657549233 9.872210392110363, -63.176908474453256 9.652132150970665, -63.35036618028077 9.496675704761518, -63.31963929541237 9.276002762954343, -63.11517003246817 9.210377223679878, -63.08424961431962 8.988710242821014, -62.87900678530974 8.922280251189944, -62.70439189203931 9.07811430068804, -62.73559701640568 9.300190749817608, -62.56078280284697 9.45603305248917, -62.59207855534521 9.677514943403814, -62.79790434829114 9.742754656494574, -62.82900663212962 9.963232369676083, -62.654567061631965 10.118862867506813, -62.44845308151578 10.054214447259005, -62.417066968123095 9.833345001114903, -62.210190335003176 9.767888301349222, -62.034416894403535 9.923887774088431, -61.82650026516845 9.858210296966778, -61.79463728741857 9.635950947817104, -61.58596663887485 9.569471273425494, -61.40888447422158 9.72582937212206, -61.19919136745614 9.65912699948912, -61.16685210566381 9.435492756424415, -60.95641446729161 9.367995198501207, -60.92388158952333 9.143371534889427, -60.71270281791897 9.07508431087435, -60.53379466907643 9.231987086975487, -60.56660922063733 9.456979769624587, -60.77805047142516 9.524701505793859, -60.81067162790521 9.74870448033647, -61.021375094263234 9.815633265776572, -61.05380291498312 10.038637482331154, -60.875808777571024 10.195073669020752, -60.908324841701 10.417429954755482, -61.11855374977752 10.482991504120976, -61.29599969435478 10.326764846789752, -61.505217313920184 10.392092155331154, -61.68192787913132 10.235996519957844, -61.89012226770572 10.301093575193415, -62.06608639343892 10.145141077794722, -62.27324607921881 10.210011845431092, -62.30472228218957 10.43025123149055, -62.12932183525423 10.58599565097776, -61.921881366342205 10.521707937302878, -61.74572856529626 10.677593069146706, -61.77757697615972 10.897551156481352, -61.98529594300955 10.961258870428146, -62.16088785241669 10.805587641648295, -62.36757153707086 10.869062075160501, -62.54240534349367 10.713529192008048, -62.748042893146234 10.7767745511376, -62.77913314122142 10.99496419966203, -62.98400575637274 11.05739161701876, -63.15749644514747 10.902221629562872, -63.36130742462248 10.964423160720711, -63.534014926676434 10.809412869862978, -63.736754644329366 10.871392770374792, -63.76708580893137 11.087782075438643, -63.594960653683 11.242578611411313, -63.62538296875883 11.458314650359497, -63.827647341305635 11.518870240596815, -63.9991878261129 11.364290888514772, -64.20037189122118 11.42462363833553, -64.37111077968707 11.270211003590143, -64.57120595443322 11.330325340703583, -64.74113490003042 11.17609079876939, -64.7115621593694 10.961529986393929, -64.51177725712287 10.900804243660433, -64.48201309722646 10.68520918428663, -64.65231734173138 10.530746809267939, -64.85179005286447 10.59208695160572, -65.02127653091806 10.437829577600601, -65.2196439918986 10.498964696535001, -65.39472979218984 10.388781181617386, -65.59940219936408 10.493897293247779, -65.77543543271163 10.383241159536777, -65.9809005869322 10.48835262101156, -66.00979917734122 10.704058855316562, -66.21551498915505 10.809094322151603, -66.392859969571 10.698488296828883, -66.59934523381101 10.803502469537591, -66.77761173665304 10.692422662691847, -66.98485257660415 10.797409421815455, -67.16403077269642 10.685856371925698, -67.37201290206114 10.7908095885468, -67.55209255930524 10.678783971714656, -67.76080128374183 10.783697511215275, -67.94177176639703 10.671200144344763, -68.15119198550397 10.776067870222143, -68.17913141372401 10.99334102862257, -67.99782666052475 11.10532609463293, -68.02580418595728 11.321519678606819, -68.2349103845831 11.426141389494674, -68.41654334210745 11.314666759565085, -68.6263391029526 11.419220646189528, -68.65399941387962 11.635143644666336, -68.47204435597895 11.746109858988795, -68.26275001981469 11.641660675113389, -68.08165962309327 11.75214829791554, -67.87305944094071 11.647626585528066, -67.69284496394032 11.757635002846143, -67.4849542153195 11.653047105124752, -67.30562651798974 11.76257584594873, -67.0984600836817 11.65792811226319, -67.07010783512406 11.443661557413748, -66.86316164342415 11.33887403257141, -66.68508731779231 11.448440057387915, -66.71360198709881 11.66227562702714, -66.53607883494851 11.770844156953071, -66.3304040654941 11.66609580380561, -66.15379788320082 11.774184068393385, -65.94888965697459 11.669394923889213, -65.77320971394285 11.777002990178893, -65.80206293102876 11.988878222704713, -66.00644511568701 12.093587348799149, -66.18249906791903 11.98650063532287, -66.38765127066422 12.091164720322466, -66.5646237957246 11.983595849402079, -66.77053254591736 12.088208481433115, -66.94841416355537 11.980157318384144, -67.15506558752453 12.084712079467721, -67.33384642220477 11.976178619619203, -67.5412262445136 12.080669089698121, -67.72089602450218 11.971653461904134, -67.92898956964443 12.076073222931534, -67.9569050554718 12.289403943628747, -68.1651944317015 12.393638216854034, -68.34607007927544 12.284649322559279, -68.55504724150907 12.38879552444359, -68.7367812979254 12.279322808230853, -68.9464305910971 12.38337448453111, -68.97385054060874 12.596778891294996, -69.18366660999521 12.700605925060561, -69.36655098652457 12.591151330224529, -69.33931677364075 12.377369149996934, -69.52273226445142 12.266930402602197, -69.73367730390291 12.370773745092114, -69.76072161479651 12.584926584837268, -69.9718106494366 12.688523152088083, -70.15633317902439 12.578098934896921, -70.12948292377664 12.363582673123219, -70.31453005412097 12.252181048287529, -70.28772875622825 12.036554407341155, -70.47330025150087 11.92417914442494, -70.44654885466957 11.707447274912328, -70.63264444189414 11.594102540813422, -70.6059438968263 11.376271008114145, -70.79256326537345 11.261961374408482, -71.0061492398023 11.365977445607856, -71.1935535716364 11.251200539693786, -71.4077098241776 11.355105395004763, -71.43399724037083 11.57364654499954, -71.24633808249213 11.687933032413193, -71.03264528975805 11.584167758310564, -70.84576091050896 11.697984220049767, -70.8723099217125 11.915074099787677, -71.08553783644888 12.018698768144805, -71.11193443530793 12.235031982627772, -70.92530857511521 12.34739208219108, -70.95175831859453 12.562612987779431, -71.164628538827 12.665815824603529, -71.35150961303049 12.553944220374376, -71.5649378906803 12.65700316606769, -71.75257729910604 12.544651622992609, -71.96654520419271 12.647560433711279, -72.15492839481503 12.534730490707316, -72.12911012025022 12.31850991140425, -72.31799816277822 12.204723205585072, -72.29223934643646 11.987388583528857, -72.48163153938286 11.872650162328283, -72.69700372742682 11.975727315717375, -72.88711559220366 11.860522048687153, -73.10297591262852 11.96344717646382, -73.29379176285731 11.847777395673702, -73.26854298424392 11.628707239791947, -73.45985256698309 11.512102078394513, -73.67660613270259 11.615041644711788, -73.86859851859371 11.497980256747567, -74.08579286502481 11.600761505524506, -74.27845145640777 11.483246809109795, -74.25373800153704 11.262482501761276, -74.44687868002102 11.144051190830245, -74.66490096299746 11.246851845558128, -74.85868527425974 11.127976839410575, -75.07709887943903 11.230613533287919, -75.27150934573423 11.111298345507565, -75.24735615139862 10.888885531246645, -75.44223583276153 10.768674971635503, -75.6614087889572 10.871337421810418, -75.85689070118204 10.750697634840465, -75.83306612176952 10.526939003146346, -76.02900956724714 10.405419822044262, -76.00526431394317 10.180587728365536, -76.20166768106608 10.05819833341955, -76.17800280023953 9.832301968201543, -75.95767697826582 9.729052749700545, -75.93383478064362 9.502359002544754, -76.13057620818218 9.378655926126985, -76.35128097258055 9.4821010343027, -76.54859915937946 9.358000609480015, -76.52509817959442 9.130005186992038, -76.72287116912969 9.005064883478783, -76.69945372616417 8.776035642212276, -76.89767971625052 8.650266514147553, -77.11942192826854 8.753973421337834, -77.14257278489701 8.98324523285243, -77.36422433147659 9.08660714460839, -77.3871927476784 9.31508207789708, -77.608745614747 9.418080882041158, -77.807678394712 9.292819358059553, -78.02946765805875 9.39565940809723, -78.05198021923047 9.623537399530006, -78.2736487146422 9.725984985812657, -78.47313746023151 9.60078199467556, -78.69500470698016 9.703054468018074, -78.8949590509046 9.577477273507261, -79.11700133829495 9.67956991197502, -79.13877063371494 9.906996873636787, -79.36065600433194 10.008656953212641, -79.56107936210616 9.883136674599701, -79.78310176115686 9.984601024038685, -79.98393640164622 9.858714593854256, -79.96273844792347 9.630943976043703, -80.16396537843183 9.504280165894155, -80.14286703379648 9.275479605922444, -80.34448366249333 9.14805108037719, -80.5671917382145 9.24983973155584, -80.7691821459266 9.122072181909674, -80.99195868788196 9.223669985356114, -81.19430130915742 9.09557018756001, -81.41712181520595 9.196972942816322, -81.43733509467417 9.42619719920114, -81.65992155829728 9.527117112091808, -81.86254748165896 9.39909489276335, -82.08513926060506 9.4998046868141, -82.10485759618562 9.728246144719337, -82.32719384883262 9.828446042239285, -82.530047366921 9.700498760909491, -82.75235040632013 9.800473924092232, -82.77156963747368 10.028093905690662, -82.99359595277147 10.12753294268216, -83.01262011938567 10.354216278970505, -83.23436251849965 10.453104063585172, -83.25319168580234 10.678837461708277, -83.47464305112008 10.777159265225416, -83.49327730570057 11.001929900286052, -83.7144305950714 11.099671395167798, -83.73287004468925 11.323466910485596, -83.53046407287536 11.449452475478854, -83.54901669709746 11.67219674037777, -83.34692572990805 11.797445425168084, -83.36559057226114 12.019128349159052, -83.16381782658031 12.143627757665946, -82.9432874315113 12.046835034703426, -82.74174961086989 12.170967150813164, -82.76082806328279 12.391496433852408, -82.9811425775441 12.487977906189085, -83.00002898242661 12.707509770241309, -83.22006434166023 12.803381940778122, -83.23875876164207 13.021905770763892, -83.45850800877247 13.117155928928875, -83.47701052719889 13.334661565219884, -83.2760663050958 13.45684359232529, -83.29467953844114 13.673251775036968, -83.09405154215109 13.794648040222768, -83.11277454692141 14.009951148626307, -82.91246588380601 14.130551383103024, -82.6933501709634 14.036239080135266, -82.4932860659177 14.156426215766809, -82.51241491941337 14.370531274133535, -82.73131144925809 14.464536614036101, -82.75025116294299 14.677608507218176, -82.96888005223984 14.770967956971997, -82.98763066599331 14.982998174855446, -83.205985043534 15.075700590967605, -83.22454661749978 15.286681058306835, -83.41146615941929 15.397769520203033, -83.39866545934971 15.627800245935337, -83.19827831189741 15.746095160314177, -83.18507255786739 15.976274968544724, -83.37292411723712 16.088807852719206, -83.57420704929282 15.970421878700586, -83.58674041662007 15.73959434787068, -83.78783450371094 15.620615625561395, -83.97728654639359 15.73236499573265, -83.96543415558024 15.963832180084975, -84.15605608579561 16.076267344861172, -84.35873402806473 15.95649508498479, -84.55073234516877 16.068867047535413, -84.75408582595443 15.948399935229931, -84.94745393887686 16.060699048490633, -84.93728485060285 16.294202309660463, -85.13184152987209 16.40715636609931, -85.33674350569912 16.285869172445942, -85.3461984735997 16.051752774639148, -85.55085683074968 15.929893559948205, -85.74694254334311 16.042017813116022, -85.73820992992562 16.276738060068414, -85.53266715826656 16.398730751395885, -85.52352146049572 16.63361361168684, -85.72064679007758 16.747107069315913, -85.9270771721051 16.62498275562983, -86.12556530499 16.738363262549697, -86.33261563018581 16.615523657846083, -86.53245760684801 16.72878093915583, -86.74011055289749 16.60522569711552, -86.74704094630786 16.368564093584165, -86.95440525525349 16.244452762716232, -87.15571066876312 16.356844102777025, -87.36364703440903 16.232026624138797, -87.5662734391072 16.344275165504282, -87.77476355542845 16.218751977928996, -87.97869998901412 16.33084758742095, -87.97405559579316 16.569195615089946, -87.76470326046272 16.694897422244175, -87.7596444585177 16.93343676319445, -87.54996976496918 17.05859104000566, -87.54449386584945 17.297298410428745, -87.33450175448608 17.42188419423414, -87.3286060847382 17.660736270946963, -87.5334793463124 17.775569819255526, -87.74435212246202 17.650828791256984, -87.9505669467481 17.76548301894448, -87.9458151648201 18.00559530974268, -87.7340595128499 18.130490218803242, -87.72888355478189 18.370717173652316, -87.51679895893933 18.495000507301476, -87.31078355334999 18.378913421303864, -87.09927469993148 18.502432982045892, -87.09288373833265 18.742170396500416, -87.29878762893834 18.858969518256508, -87.29275499992086 19.09935485790842, -87.08002796995248 19.22235311794743, -87.07356287853062 19.462782208253582, -87.28061973846769 19.580799439673964, -87.27451683500534 19.821842268137498, -87.06055756137094 19.94427495532839, -87.05401704434715 20.18532212126851, -86.83974137668375 20.30705037495524, -86.63293579180944 20.187634770592332, -86.419285056929 20.308554180632633, -86.41150628200917 20.548973243476127, -86.61817389578043 20.669082291453762, -86.61074985031725 20.910067301343936, -86.39585793839488 21.030327655656432, -86.38798801635214 21.271246337270718, -86.5958147236524 21.39251800119093, -86.58830330217529 21.63396686103874, -86.79744494036665 21.755693216485444, -87.01423456873867 21.63529034436651, -87.22482875226447 21.75677758300525, -87.44224003042282 21.63552715303319, -87.65427481923649 21.756761723814364, -87.87228676250913 21.634661462245738, -88.0857495066745 21.755629806950203, -88.30434060565831 21.632677729150263, -88.5192179412562 21.7533662935215, -88.7383661680466 21.629560713378908, -88.95464401388007 21.74995595848378, -89.17432682909832 21.62529549770622, -89.39199038422534 21.74538391150756, -89.61218474485258 21.619867508775414, -89.83121848697344 21.739635617898248, -90.05190085499856 21.613262537853167, -90.05264871474408 21.367266299858485, -90.27290531490448 21.240190706031456, -90.4933020045478 21.358957841187305, -90.71400768867446 21.23103573869075, -90.71343520222933 20.984513288949756, -90.49303781728827 20.86641645221768, -90.49290651078753 20.620401851452677, -90.71229705197426 20.4919866110234, -90.71173136111526 20.24600019098601, -90.93068182146638 20.11694831770886, -90.92968522165569 19.871015047557886, -91.14819103943142 19.741348977562026, -91.14676701214799 19.495493852146264, -91.36482372917165 19.365236234859704, -91.36297576110466 19.119484258499973, -91.58057902208725 18.988657941460513, -91.80085869920518 19.103364236343985, -92.01882433859718 18.971760879443003, -92.24032543202823 19.086142012049645, -92.45862898629626 18.95376396757558, -92.68133258368414 19.06780850058811, -92.89994920288486 18.934658466645875, -92.89506217243998 18.68771693904036, -93.11317919653935 18.554059752062937, -93.33696944122941 18.667083716947914, -93.55536042595362 18.532671070763715, -93.78029673942758 18.645340397842514, -93.99893616116773 18.51017601410332, -94.2249975890033 18.622479888795993, -94.44385959071273 18.48656784629608, -94.67102456166894 18.59849559445641, -94.67947519166535 18.846992163542186, -94.90788516017957 18.95918627342203, -95.1276817960774 18.822229215994128, -95.35716741780637 18.93402073047174, -95.57712069387547 18.79631540392178, -95.80765867284252 18.90769385937253, -95.81843515493708 19.157416912146353, -96.05020989622146 19.26900694125663, -96.06151164174833 19.519246315754305, -96.29452669872512 19.631024707610365, -96.30636067747028 19.881756847763775, -96.54061944653161 19.99369998782867, -96.5529926803223 20.244900959183084, -96.78849839495815 20.356984840468517, -96.80141795650141 20.608630342090756, -97.03817368126653 20.720830576975693, -97.05164669291239 20.972895953935783, -97.28965531727985 21.0851877866232, -97.30368894970677 21.33764804303663, -97.07875738601352 21.477531013667473, -97.09239573665407 21.730081350174544, -97.3319282687028 21.843029951294756, -97.3461346563888 22.095932109403833, -97.58693716032754 22.20891384186382, -97.60171893091103 22.462142064572834, -97.37472266233647 22.602109852203913, -97.38910499896257 22.85536575491665, -97.63146536226645 22.968927987965003, -97.64643077483571 23.22246588879133, -97.41804815749576 23.3621622215883, -97.43260971554571 23.615682956015682, -97.6765478963966 23.729781897751014, -97.69170037583488 23.983540078686676, -97.46191465231693 24.12291970842468, -97.47665878550993 24.376615790783777, -97.24617602543431 24.51536211405595, -97.26050697540838 24.768969398158955, -97.50633229114489 24.884113436348937, -97.52126243695831 25.137894999861246, -97.28934947237728 25.276244619180325, -97.30386177590464 25.52989258082523, -97.07124419899993 25.667548876939712, -97.08533370462055 25.921036791080017, -96.85201410884285 26.05797508745986, -96.86567583777595 26.311276661404747, -97.113691925157 26.42793886620756, -97.12796139799221 26.68133310840493, -97.37734926141569 26.797836366995753, -97.39223470138867 27.051296070642433, -97.15668298762441 27.187958271298644, -97.17113588170596 27.44116933595893, -97.4221967261794 27.558006768636385, -97.65850705712755 27.421110169698817, -97.64299737115886 27.167612339643167, -97.87856920392896 27.029944185932667, -98.13038997835126 27.14553087371657, -98.36594736615343 27.006861188170326, -98.34895714613052 26.752861005674372, -98.58375824566863 26.613459278278302, -98.83625637466496 26.72779508311683, -99.07099310621844 26.587412318917814, -99.32446238198222 26.701001213867325, -99.55910004130517 26.559643304696216, -99.81350662202266 26.67247372600231, -100.04801036572364 26.53014710715688, -100.3033198247346 26.642207899852583, -100.5376547001316 26.498919551776574, -100.51604695384314 26.243875553517224, -100.26115520008327 26.132300458860776, -100.24020628820163 25.877283744121954, -100.47310451772049 25.733666059556143, -100.45176869206153 25.478520993571227, -100.1985724911762 25.367175320787677, -100.17788651004894 25.112104026388057, -99.92596184031564 25.000529512419646, -99.90591808686149 24.74555987988986, -99.65526467840463 24.633784513375158, -99.63585556147724 24.37894428550873, -99.38647288733583 24.266995880870795, -99.36769084391395 24.012312634752824, -99.59727914389343 23.869372986043544, -99.57811084973433 23.614662218022033, -99.33036011274176 23.50310110800799, -99.31181046841192 23.248593058915123, -99.54001163714481 23.10544110729251, -99.52107974921785 22.850950980453735, -99.74853620153118 22.707292381348594, -99.7292269367077 22.452847308749543, -99.48344901567745 22.342261972696168, -99.46474922385924 22.08808317707091, -99.690845319847 21.944293736936267, -99.67177200940414 21.690205273917208, -99.42757845306564 21.580107011800987, -99.40910655048809 21.326329554697082, -99.16612900508852 21.21620143776614, -99.14825144922148 20.962761303949048, -98.90648899698746 20.8526293906182, -98.68227371208981 20.995370670587306, -98.44140707761609 20.884683728247417, -98.42507366075587 20.631834346475543, -98.18543154386458 20.52118679085466, -98.1696720050312 20.268734384258035, -97.93125266757177 20.158151500950407, -97.91605999227797 19.906121283719678, -97.67886149896367 19.795628017795615, -97.45657866788824 19.936566644275658, -97.22033365480898 19.825579957145113, -97.20663625542043 19.574264052301217, -96.97161882766356 19.463408467924015, -96.95846763864293 19.212571359222956, -97.17940573300037 19.072313600780706, -97.16587195759395 18.82169774976489, -96.93232250622764 18.711619399427917, -96.91932794006374 18.46152304314379, -96.68698974311738 18.351630420654924, -96.67452758072412 18.10207693525273, -96.44339780846545 17.99239309019828, -96.4314612902225 17.743405448875645, -96.20153695158747 17.633953017677165, -96.19011936490436 17.385553780299922, -95.96139731311362 17.27635497639442, -95.95049199353825 17.02856627973488, -95.72296893161091 16.91964288442223, -95.71256926387055 16.672486433020296, -95.92880938281482 16.533947594699207, -95.91803159316785 16.28713480553849, -96.13369983025886 16.14829422055295, -96.12254778667149 15.901849942884875, -96.33764163154008 15.762732632574643, -96.56455322699593 15.869691790025085, -96.77972658408565 15.729944076879368, -97.00758063107834 15.836548703138146, -97.02048825282358 16.08354733556559, -97.24950372018779 16.190430479809073, -97.46536937669573 16.049671761455087, -97.69529571727796 16.15617690428065, -97.70960980343041 16.404074075887394, -97.94069177201663 16.510821029601143, -97.95553736770684 16.759341126896135, -98.187776907859 16.866307862228712, -98.40489108199044 16.724131211837896, -98.63799908422826 16.830680716026553, -98.85506967717338 16.687869357066294, -99.08902006494023 16.793993468216648, -99.10620756486753 17.04353398540804, -99.3412980066929 17.149823830040923, -99.55887681040024 17.005972165562948, -99.79477274057481 17.11181283079643, -100.01223697216894 16.9673349765395, -100.2489109479936 17.072718727979627, -100.26847277644508 17.32316179714955, -100.50626575797159 17.428656029204795, -100.72412792230372 17.283130337899028, -100.96265941620334 17.388144151361015, -100.98370896696142 17.639248665687074, -101.22334737395897 17.744332886991966, -101.44153879305733 17.597752551057432, -101.68187448177258 17.70233299514823, -101.70442737373195 17.954041569185705, -101.9458564525333 18.058651768407486, -102.16430651591541 17.911010929272983, -102.40638998180141 18.015094215943176, -102.43046062086867 18.26734816585735, -102.67362250824357 18.371420060685264, -102.8922587619652 18.22271387896714, -103.13603051831323 18.326236027843358, -103.1616320310039 18.578975468079786, -103.406465783991 18.682444673436773, -103.43268396414712 18.935575838448436, -103.67857722515072 19.038966527189945, -103.89775572668304 18.888730351785654, -104.14419736439137 18.9915325525908, -104.1719679799184 19.245053064695895, -104.4194505940216 19.347734594171637, -104.63863676797223 19.19642007857085, -104.88661932564203 19.298491206105364, -104.91595227261115 19.55233848531988, -105.16495580203973 19.65424662428484, -105.19493021971144 19.908387690041582, -105.44495066413559 20.010106552660226, -105.47557225600144 20.264514134791483, -105.2552380884238 20.417226572223928, -105.28557294215584 20.67190427743585, -105.06438105484038 20.824434696700177, -105.09442446832534 21.07935556357977, -104.87237345003605 21.23167608953554, -104.9021206710637 21.486813019803577, -105.15487458824224 21.58961778354507, -105.1852827280591 21.844938685121058, -104.96197623045022 21.997461710763428, -104.99208600010938 22.252952936758295, -105.24646879239262 22.35590870370565, -105.27724818372944 22.611537188164217, -105.53268856199885 22.714181198982477, -105.56414362740878 22.969918594380776, -105.82063690106 23.072223460665672, -105.85277366396977 23.32804128132787, -106.11031483860258 23.429979552929527, -106.33509536060419 23.275705428811442, -106.30198414362205 23.01993114201044, -106.52584945598086 22.865379467403407, -106.49245642936229 22.60972804476713, -106.23616299507177 22.50857410734105, -106.01263876504508 22.662681827057607, -105.75675381935353 22.560780444198073, -105.72500596191304 22.30517604139455, -105.94817795437886 22.151513487833313, -105.91614220305145 21.896069503141874, -105.66189381133515 21.794253270309305, -105.6305280145954 21.53895555759819, -105.37730970981843 21.43684889944936, -105.34660803531625 21.181725619289246, -105.56817326208281 21.02873890270575, -105.82080445326203 21.130422195902824, -105.8524562045963 21.3855135669857, -106.10610391845793 21.486917114876952, -106.13842271999889 21.742173338413657, -106.39308189181074 21.84327015779594, -106.61480357610534 21.688707780459815, -106.58153681320515 21.433511321955457, -106.32749482560206 21.332815485600445, -106.29489776319615 21.0777742645094, -106.0418536769076 20.97678252740929, -106.00992073246732 20.721924656721413, -105.75787972852456 20.620663857211674, -105.72660528482481 20.366017266764242, -105.94643547761567 20.212678725972662, -105.91488169650641 19.95831093437939, -105.66442860052148 19.85723989166592, -105.6335249226092 19.603129238487572, -105.38407132707422 19.501852827618436, -105.3538121777434 19.248026668222934, -105.10536253296345 19.14657117527716, -105.07574231036607 18.89305661685431, -104.82830079501316 18.791448155573995, -104.60993956517635 18.942893600713457, -104.36298176707967 18.84068558727029, -104.33491456163594 18.587506653208035, -104.08898504689049 18.485187653248097, -103.87061155757094 18.63556640557115, -103.62521402949754 18.53266939788469, -103.5986904305876 18.279888358306813, -103.35433988964199 18.17692217507862, -103.32843097379099 17.924550071481285, -103.08513004681409 17.821540094026997, -102.86726792668506 17.970392067379237, -102.62456040876424 17.86684228635938, -102.60017425641692 17.614963674580764, -102.35853297709986 17.511411294994453, -102.1408362285351 17.659208631459844, -101.89983280264373 17.55513889448541, -101.87695678037423 17.30381332968612, -101.63703478093359 17.19978177978183, -101.41957552723052 17.346528899628595, -101.18033423795167 17.242002734760007, -101.15895443460896 16.991288566608418, -100.92080833208071 16.886840876035834, -100.70365690560097 17.032543212898737, -100.46623274068305 16.927623868781755, -100.44633403206342 16.67757814569453, -100.21001740037002 16.572776980153453, -99.99324225250989 16.71744091248185, -99.75768712190833 16.6121911980727, -99.73925323715504 16.36286957802864, -99.50481659036461 16.2577770832158, -99.2884842111319 16.40140986494974, -99.05484693710821 16.295891995393692, -98.83843192620637 16.438915697470332, -98.60562051972452 16.33298015154726, -98.5895261599604 16.084636006585622, -98.35785247778516 15.978911455959917, -98.14198710869306 16.120912171411344, -97.9111745378568 16.01479328994978, -97.89650222513474 15.767302908974868, -97.66683479389236 15.661432270523628, -97.4515803938252 15.802419352605067, -97.22280757091836 15.696177623993679, -97.20953732253759 15.44959136763275, -96.9819157454893 15.34363422203554, -96.76733145107029 15.483617656471997, -96.54063622786569 15.377312491737673, -96.3261191890515 15.516681527211452, -96.10037352294442 15.410036626178988, -95.88594933649199 15.548784314821264, -95.66117592505852 15.441808118038878, -95.4468699710151 15.579927831907233, -95.45665550304378 15.825382521942972, -95.24179761364786 15.963219221972937, -95.01785031793509 15.85524829561559, -94.80314840189679 15.992435440382248, -94.58023309395091 15.884145035574369, -94.36571214192955 16.020676891779253, -94.1438498593098 15.912076128911728, -94.13664416340706 15.667627884620588, -93.91597624401874 15.559413797925856, -93.70239212966564 15.694961716697021, -93.48280198957211 15.586460634198609, -93.4769069422829 15.343105817220877, -93.25851061671777 15.235024231361107, -93.25306786276924 14.992417073514583, -93.03586042933952 14.884773206451962, -93.0308636893871 14.642932013690245, -92.81484013079739 14.535743601188626, -92.60373229348768 14.669691734482429, -92.38881578415916 14.562265799658395, -92.38507762772072 14.321603407180312, -92.17134264768963 14.214663024972067, -92.16803097267183 13.974805292576471, -91.95547208278867 13.868366933011101, -91.74617439854028 14.001069697428226, -91.53474450362279 13.894427755705749, -91.53265256871212 13.65580601256289, -91.32239510608667 13.549694178528066, -91.11420088886358 13.681480319519638, -90.90508997194351 13.575185421543724, -90.6972624027697 13.706357841878715, -90.4893131709486 13.599888339495063, -90.28187283125682 13.730443311697204, -90.07509986736974 13.62380770790928, -90.07575814746058 13.387352861201501, -89.87015426101266 13.281296924601817, -89.66391177183226 13.410959788066233, -89.45949820328767 13.30475736687196, -89.25369023968972 13.433805158828385, -89.05048006788809 13.327464626075864, -89.05303528705514 13.09281979848733, -88.8509869911628 12.987094112587243, -88.6464358798421 13.115269760993298, -88.44560258814899 13.009424737682785, -88.24153017970508 13.13698857373559, -88.04192349990377 13.031032413639926, -88.04631481575053 12.79826223179487, -87.84786058065261 12.692953617543237, -87.85259081106419 12.461079333968181, -87.6347731973431 12.368692116737533, -87.4323053875835 12.49546214119769, -87.21416883995754 12.40274733056502, -87.1983990407011 12.182887356396389, -86.97985434592654 12.08947607252534, -86.96388909871538 11.868566891493124, -86.74494221394758 11.774470079355812, -86.72878110969586 11.552521270546308, -86.50943808236208 11.45775030122014, -86.49308073060043 11.234771912343417, -86.2733476979747 11.139338583558645, -86.25679372712553 10.915341133854835, -86.03667691586494 10.819257670083674, -86.01992597351408 10.594252152798019, -86.22361153154544 10.465326391043005, -86.20698320128935 10.239317095060692, -85.98634898092158 10.142239088453934, -85.96952282412268 9.915239861120684, -85.74851099893561 9.817541445291264, -85.73148668481063 9.589564560910153, -85.51010371577809 9.491259443323882, -85.49288093345216 9.262317656893249, -85.27113336987175 9.16341996853649, -85.06676872731032 9.293810148744157, -85.08431068724902 9.522728462676952, -84.88023124415605 9.652477844493616, -84.65846284220056 9.553679451071172, -84.64060356351592 9.324795817415474, -84.41849723050548 9.225424834644837, -84.21443258977258 9.355269667501556, -83.99218372636909 9.255666816821265, -83.97381149832798 9.025895001873899, -84.17800249946623 8.895672526789314, -84.15974692955713 8.664922770582013, -83.93698539915844 8.564451906430635, -83.9185314146336 8.332790575364173, -83.69545278295487 8.231793232821225, -83.49103059788375 8.362774381990208, -83.26785057297272 8.261576863222524, -83.24888471629234 8.029089674220302, -83.02540860903942 7.9273927913658975, -82.82111857150082 8.058487541663185, -82.59757998160154 7.956605176458941, -82.5781057390336 7.723332514727907, -82.35429243746867 7.620978740344032, -82.33462075622155 7.386854296812981, -82.1105401914741 7.284046410333024, -82.09067106538185 7.0490867981746606, -81.86633075921587 6.945842465774291, -81.6621109068572 7.077836860054168, -81.4377758245643 6.9744452477379975, -81.23387817794536 7.106169909275891, -81.00957344312313 7.002635188267926, -80.80602028707777 7.134082331287637, -80.58177094920417 7.0304087512615965, -80.37858439254498 7.161570731338016, -80.15441541044284 7.0577626186829825, -79.95161737181398 7.188631936206841, -79.97298934202021 7.42289776913818, -79.77058999186679 7.553052687338337, -79.79206203158598 7.786353170144284, -80.01564141841254 7.889666791002448, -80.03692164434118 8.122158791194947, -79.83491409540606 8.251168151545492, -79.61163501861274 8.148100519437856, -79.41004079801517 8.276783130909603, -79.18689741987343 8.173563420771881, -79.16503869283281 7.941423794133487, -78.94173500910385 7.8378249745815864, -78.74061119126947 7.966598835724138, -78.51748187843415 7.862864297322106, -78.4951505169067 7.630132348987334, -78.27188327153964 7.526049005739128, -78.24936406989464 7.292549163529595, -78.02596694349678 7.188135833069438, -78.00326026500296 6.9538860735110015, -77.77974135503365 6.849161866623414, -77.75684758558378 6.6141805720437485, -77.53321503386015 6.50916488218894, -77.51013458199746 6.273470833149958, -77.71096351719976 6.142558293217917, -77.6879730972557 5.905929676774961, -77.88924638883753 5.774282681976827, -77.866347092873 5.536734412212296, -77.64189518237269 5.431069187192103, -77.61880756564993 5.192850302182536, -77.82045149330725 5.060061666078636, -77.79745506739172 4.820950498519541, -77.5725347082108 4.714868488635401, -77.54934934493228 4.475119158982294, -77.75136465652551 4.341212607930663, -77.72827054847208 4.100599800107349, -77.5028804418748 3.9941384034509846, -77.47959677875087 3.752921175239483, -77.68198421837774 3.617921993125758, -77.65879187244104 3.3758715023755177, -77.86163127877793 3.240214907739861, -78.08773504089974 3.3470189589020665, -78.29108978716322 3.2111264015667347, -78.26827612196826 2.9680272079117995, -78.47207281981123 2.8315076659566016, -78.69873601500697 2.9384880024659092, -78.90301858720032 2.801753898887182, -78.88059257898568 2.5576466548931904, -79.0853066299178 2.4203171839664024, -79.06297959775846 2.175441339149941, -78.8356435568343 2.068104162940728, -78.81312041679959 1.822684664020373, -79.01822864794447 1.6843955985835866, -78.99580460373689 1.4382417432843067, -79.20134506040601 1.299401456104205, -79.42933939591458 1.4070938406656166, -79.63533260022352 1.2680938963775865, -79.61330924502523 1.021031388729471, -79.38499135968551 0.9131620569515201, -79.17902124349442 1.0525335370495972, -78.9508590592605 0.9447128397353062, -78.92833743157524 0.6973543672834507, -78.70001589227586 0.5894278156019305, -78.49455785829605 0.7290198559359885, -78.51737515766155 0.9761618241502165, -78.31236091647037 1.115214465191219, -78.0845877120625 1.0075039663250398, -77.88008461163767 1.1463832674711851, -77.90328884234133 1.39258576055859, -77.69923991667075 1.5308918950424637, -77.47206453377828 1.4233849523335975, -77.26855628487185 1.5614949823161783, -77.04164903528621 1.4540451921469226, -76.8387027155245 1.5919502726891657, -76.86256482748841 1.8369030711176755, -76.6600900572618 1.9741892109791874, -76.68404028346198 2.218383408778079, -76.48203902686667 2.3550323227555494, -76.50607623389764 2.598448938601048, -76.30455040219472 2.7344428004813595, -76.32867346101946 2.977063318405211, -76.12762491302057 3.1123847664816733, -76.15183269907898 3.354191141423889, -76.37681876407031 3.46096091176301, -76.40084113168916 3.702223016057916, -76.20014745121372 3.8364291172729956, -76.22425454002708 4.076846049686269, -76.02403660340944 4.210341944252373, -75.79983990814462 4.1038502246625885, -75.60023384555514 4.237054975599896, -75.62468911228842 4.4763154303695885, -75.42556725209384 4.608783053970509, -75.4501027946576 4.847161983651185, -75.67349885301137 4.953372267208129, -75.69785344771645 5.1911549060108895, -75.49907311027383 5.322427588943914, -75.52350800335066 5.559300834249716, -75.32521015330845 5.689803192235303, -75.10262555682463 5.583877678455979, -75.07793275947611 5.34730819514256, -75.27608145717471 5.216359276956538, -75.25146673942879 4.978877501493802, -75.02844616501662 4.872655756616325, -75.00365224861541 4.634586193238788, -75.20213626541288 4.5024278428347, -75.17742038913461 4.263473663533646, -75.37639509652736 4.130567249726801, -75.35175836280615 3.8907443891593445, -75.55122221667578 3.757105078825405, -75.52666573310908 3.516429958600657, -75.72661713896046 3.3820734008176716, -75.70214201821707 3.140562926671845, -75.47745112328552 3.0337158876156045, -75.45279287489976 2.7916918217062916, -75.65309011296554 2.656209260000638, -75.87818669047468 2.7631768084298307, -76.07910821315676 2.6274346179026096, -76.05479917587576 2.3843060718656903, -76.25620316052866 2.247896444726692, -76.23197885354487 2.003986129356871, -76.0060794169998 1.8967807862174972, -75.98166857118714 1.6523998142057215, -76.18342855597905 1.5149306997950933, -76.40972505522167 1.6222533278654414, -76.61208851062842 1.484561925870106, -76.5880370647483 1.2391449378701866, -76.79087742360258 1.1008401173716356, -76.76691411756057 0.854699141023087, -76.53983251327507 0.7471451649468805, -76.33710624467787 0.8858484879357233, -76.3613464903785 1.131706099197916, -76.15910244050117 1.2698016390488969, -75.93274463533714 1.1624412855593045, -75.73111737313738 1.300318845622782, -75.50511665423068 1.1930411626599078, -75.48033450729741 0.9477890631691023, -75.25429613694848 0.8405087250447982, -75.0534597277195 0.9785710672783327, -74.82781736313416 0.8713901311164848, -74.62765063894564 1.00922155934081, -74.40242790211893 0.9021440707546485, -74.20295011033093 1.0397361710876007, -74.22851420942656 1.2839853075035879, -74.02955176622656 1.4209064743980846, -73.80521658035407 1.314000837173192, -73.60696789274553 1.450662449262877, -73.38310677747529 1.343860031142319, -73.18559008771982 1.4802541826134656, -72.96222543146438 1.3735590091221752, -72.76545857854269 1.5096779380117162, -72.79183353555052 1.7520551366606665, -72.59560018285893 1.8874516868079567, -72.62204136750447 2.129051623418971, -72.42634241437437 2.263709949277086, -72.45284873307214 2.5045150439405344, -72.2576850314239 2.63841978051059, -72.28425539754559 2.8784129199137993, -72.08962775243566 3.0115491851994713, -71.86867500848794 2.9051452392533763, -71.67483465196405 3.037956814279132, -71.70169544500789 3.2767133048225645, -71.50839663976183 3.4087323122870417, -71.28849775449268 3.302455433287019, -71.09600685355527 3.4341338472707776, -71.12314796429932 3.671622752260747, -70.93120362775593 3.8024858559247825, -70.71239384251214 3.696327958003781, -70.52127704897033 3.8268355440758604, -70.54868838831727 4.063027657401044, -70.35812269719604 4.192698545538662, -70.38558698131567 4.428010223132735, -70.19557270564724 4.556832392407274, -69.97838780119281 4.450821420961582, -69.7892234883518 4.57926611702149, -69.81694467173355 4.813238282551582, -69.62833570332013 4.94081501083631, -69.41231296601853 4.834904443698976, -69.22457133163095 4.962091299050693, -69.25253944345044 5.1946991953755814, -69.06535662681817 5.321000172468979, -68.85052636117172 5.215184096815798, -68.66422728665951 5.341083775767495, -68.69243241676881 5.572304335621006, -68.50669518670648 5.697301550950664, -68.29308622474278 5.591574669652135, -68.10824818930048 5.716160127214466, -68.13668049939335 5.945971951824285, -67.95240689811031 6.069639668582255, -67.74004660656577 5.963997296106322, -67.55668670610528 6.0872437489974685), (-73.38420460769807 10.849704834365797, -73.35892273640418 10.627659459928445, -73.5510238223018 10.508729171413037, -73.76860076677208 10.612319536425668, -73.79364946531108 10.83467334445916, -74.01124677371222 10.9379568305258, -74.03612819138607 11.159523494893229, -73.84364828610201 11.277507779999645, -73.62647180471122 11.174396102022357, -73.60135539752159 10.953129535221217, -73.38420460769807 10.849704834365797), (-64.80246068848398 4.491031786517886, -64.59535580678862 4.386448063404962, -64.56527802042324 4.157834490887626, -64.74245007638945 4.033242510726347, -64.9501191102611 4.137771434692814, -64.98005080764192 4.366946965787814, -64.80246068848398 4.491031786517886), (-75.66941741820031 6.96949908926249, -75.47179461234794 7.097514667682177, -75.2500790825846 6.992293982855326, -75.22558692047913 6.758898774946724, -75.4230662563142 6.6304309516520945, -75.64518221154013 6.735811808778455, -75.66941741820031 6.96949908926249), (-91.12339090147418 15.357168552828032, -91.12206302459455 15.116631925907033, -90.91054977469136 15.007825699344181, -90.90963116558116 14.768072912627273, -91.11942240285782 14.636681418251689, -91.33091484986977 14.74476650036401, -91.54106806669326 14.612729929164347, -91.75371845337723 14.72060426938587, -91.75625234503669 14.961231597483195, -91.97009432596529 15.069600308517192, -91.9730524016319 15.311004897213696, -91.76134926970101 15.443614613586234, -91.76391241461467 15.685354915035914, -91.55176928453935 15.817576981178465, -91.33784825625622 15.707781206074271, -91.12606193232585 15.839326380186574, -90.91332670004937 15.729300325816597, -90.91239752177427 15.488447020647994, -91.12339090147418 15.357168552828032), (-72.57423470983767 5.489211132019997, -72.76821034169731 5.3603354678097785, -72.98856339288442 5.466444959077611, -73.18327829863874 5.337209012562241, -73.1574237504831 5.101399825650654, -73.3526552488995 4.971347974617917, -73.32686864189705 4.73462883534618, -73.52261571755005 4.603774074684628, -73.49689812821201 4.36615968825736, -73.6931597186521 4.234515500643061, -73.91533678074627 4.340940613993968, -74.11230407081563 4.208970849091554, -74.08690306726241 3.9701271394814412, -74.28437802093997 3.8373921975930654, -74.2590504828009 3.597686882582594, -74.45703183334021 3.4642015217744766, -74.68051708508334 3.5708645013297353, -74.70559169814292 3.8109048003823327, -74.50743503408238 3.9439482218228905, -74.53258538241478 4.183129859065946, -74.33493042400912 4.315418625356039, -74.36015540796151 4.553725549597438, -74.16300348174373 4.685245088759114, -74.18830200736097 4.922661735406235, -73.99165439103862 5.053397961982017, -74.01702537014182 5.289909254815119, -73.82088329306833 5.419848570661492, -73.84632564333063 5.655439923036182, -73.6506902869803 5.784569217560407, -73.67620293200004 6.019226533052286, -73.48107543044613 6.1475331829070825, -73.26063679404491 6.041646022350604, -73.0662251363875 6.169585572507736, -73.09204415565416 6.4029435482688495, -72.8981467568169 6.5300395997270435, -72.92403170640901 6.762435161087132, -73.14358019265674 6.86808907175512, -73.16929732383501 7.099864598600803, -72.97569972433134 7.225632431288705, -73.00148290528641 7.456422431920218, -73.22063009444267 7.561791866147264, -73.24624584674763 7.79193217611823, -73.05294789205158 7.916356630939645, -72.83424541748711 7.811114795052748, -72.80839723252285 7.581321974800711, -72.58974687525699 7.4759064126275145, -72.39739768981443 7.600405779763799, -72.17926463891528 7.494949414417386, -72.15302469211248 7.264881455014968, -72.34514301374422 7.139902939021721, -72.3189646839614 6.9088470267951445, -72.10044268641663 6.803143245316246, -72.07410051718259 6.5714846268572344, -72.2665057635662 6.445155346880255, -72.24022506175788 6.212531520668472, -72.43315455835047 6.085342048961533, -72.40693636716342 5.851765590371892, -72.60038934049739 5.723727162603536, -72.57423470983767 5.489211132019997), (-86.547066891785 16.256040074697946, -86.34029250044235 16.37944506574497, -86.14165958219338 16.266798467210947, -86.1496617243464 16.031483923981806, -86.35556034337978 15.908230846279016, -86.55433057099252 16.020141053063043, -86.547066891785 16.256040074697946), (-71.52157084027485 8.896106119925891, -71.33206772578995 9.01657468107452, -71.11634453925375 8.911524794335227, -70.92762705175281 9.031558208813562, -70.95437085697183 9.25614857578051, -70.76618225891362 9.375248977789603, -70.5515199914227 9.27025290059562, -70.36413537266779 9.388909451643372, -70.39113725140625 9.612064964458991, -70.20428569884183 9.72977609737457, -69.99071596891757 9.624829746559868, -69.96351364053488 9.402068812588231, -70.15008041305167 9.283858760661223, -70.12292714408828 9.060049777256895, -70.31003035511227 8.940895646510711, -70.52456932345737 9.046048971253956, -70.71248670978515 8.926453756051263, -70.68558823092121 8.701210037860449, -70.87403804701583 8.580683358054497, -70.84719274277647 8.354408936507374, -71.03617461111561 8.232958442805355, -71.25226693693729 8.338274848844042, -71.27890103356665 8.564935643260856, -71.4950946681669 8.670098247591461, -71.52157084027485 8.896106119925891), (-92.20172432234911 16.390620552953948, -92.41924260381442 16.501069866528294, -92.42311241763402 16.744990554136706, -92.20862003584918 16.878037822681943, -91.99104171974659 16.76688853575141, -91.9880144929418 16.523393309567414, -92.20172432234911 16.390620552953948), (-75.02841238341648 2.819984444244887, -75.0533322045898 3.0616919793186526, -74.85417630645512 3.1961990564463703, -74.63026529262996 3.089430413081697, -74.6050879926739 2.8480514149194316, -74.8040781395838 2.713111426694514, -75.02841238341648 2.819984444244887), (-69.49554285041371 12.052040372443468, -69.28474908626971 11.947967441796113, -69.10163417689043 12.058907661761365, -68.89149148228108 11.954738453595894, -68.86397222856948 11.739513967183747, -69.04678029092774 11.628069921528517, -69.25741551592272 11.73235506435665, -69.44106452866335 11.620434096983873, -69.65234570670526 11.724627760524026, -69.67948939849505 11.940620751511936, -69.49554285041371 12.052040372443468), (-71.41546311720275 7.98871663214873, -71.60576450485806 7.865930883627991, -71.82289440681816 7.9713144623368555, -72.01396857607207 7.848112943600218, -72.23164269564126 7.953454689450086, -72.257780915392 8.181880955858968, -72.06646795684918 8.304598829034509, -71.84925450134166 8.199373080731869, -71.6587034159601 8.32167214186431, -71.44204086007716 8.216398304235282, -71.41546311720275 7.98871663214873), (-71.4379965888303 9.91298327032682, -71.41156480614613 9.689751882832642, -71.19621035070294 9.58500375043463, -71.16962211660521 9.361084269336908, -71.35860042740846 9.241542830998243, -71.57442198726068 9.346412394014513, -71.60079706856098 9.57070097754387, -71.81670922743312 9.675371414684475, -71.84292583248798 9.898963252834971, -71.65344651224466 10.017525218737994, -71.4379965888303 9.91298327032682), (-73.14180547549485 10.523939396155427, -72.95040452457991 10.642425758270944, -72.73376725916494 10.538581739850354, -72.70809334860776 10.316098984240424, -72.89928298424502 10.197133351440996, -73.11635886974082 10.301130873693097, -73.14180547549485 10.523939396155427), (-75.39865224320188 6.396072354453395, -75.17650266273338 6.29048089986266, -75.15191044914413 6.0554704306588, -75.3497242510215 5.925752216387335, -75.57227755923783 6.0314953757595084, -75.59661234138137 6.26680383723468, -75.39865224320188 6.396072354453395), (-65.5149873802499 5.489598722214411, -65.54456354102088 5.716802526645678, -65.3663314290771 5.838411202927148, -65.15892530859179 5.733329648210285, -65.12919788159253 5.506662653498652, -65.30702672117779 5.38454011699087, -65.5149873802499 5.489598722214411)), ((-84.00367920315877 23.032055948111243, -84.0161796725201 22.793814718546955, -84.23028331196015 22.680116479905394, -84.43288589293094 22.804675480171234, -84.64775033971955 22.690127726473246, -84.65901557175708 22.451016921504998, -84.87363259947543 22.335620779680582, -84.88444201380193 22.096338231544475, -85.0988054814766 21.980110951449372, -85.10916154800313 21.74067923902863, -84.90593547927485 21.618131407920995, -84.69255016634393 21.734340046303235, -84.49082589017488 21.611620374366396, -84.27817686434965 21.727000631896736, -84.077962188262 21.604122408035916, -83.86606665104475 21.718678313125015, -83.66736872107431 21.59565474873267, -83.4562433265164 21.709390541833915, -83.25906863655595 21.5862347619572, -83.2727739811193 21.350021385935413, -83.07687330927956 21.22742339922634, -82.86751979025863 21.340361894260298, -82.6731414627417 21.21765639849758, -82.46459167935045 21.32979322978875, -82.27174059322964 21.20699287373595, -82.064009187701 21.31833273965662, -82.04814238520238 21.55243600071793, -81.840253176079 21.66293765814769, -81.64922369665973 21.53938224932565, -81.44217972047858 21.64908784577968, -81.42517112753741 21.88229145603612, -81.6159024788179 22.006513713240683, -81.82394322312676 21.896865628729056, -82.01622877377378 22.02100882913845, -82.22511375865464 21.910555585451807, -82.41894982412039 22.034606872373544, -82.40362013268684 22.26977566322516, -82.19373391121553 22.380178300858645, -82.17795439548989 22.61514035911352, -82.37278516489562 22.740412234517194, -82.58367805472511 22.63006228121952, -82.78007436910778 22.75521889453555, -82.99179394118683 22.64403973003461, -83.18975086267639 22.769067532771775, -83.17572697438035 23.0059310397747, -83.37498765650386 23.131474169845472, -83.5885261376955 23.019495872181636, -83.78934855994865 23.14488378250601, -84.00367920315877 23.032055948111243), (-82.62866474995178 21.923343182168473, -82.64354655840464 21.687989011750805, -82.8530838932 21.575879920840258, -83.04872949155076 21.699154886003043, -83.03457705418089 21.93521031965621, -82.82404703474538 22.047289574843603, -82.62866474995178 21.923343182168473)), ((-92.03790083219263 20.45304121603024, -92.03468973768375 20.20563184478125, -91.81179274476882 20.089567098338367, -91.5920565016754 20.220243678520543, -91.59437945351591 20.467192486553305, -91.81732527724665 20.58392652639256, -92.03790083219263 20.45304121603024)), ((-81.80941587640083 3.7011032741133194, -81.6031550116879 3.8376658759359303, -81.62357836354442 4.079924298243746, -81.84995116846997 4.185739511259188, -82.0561571529901 4.049548402957074, -82.0360459210554 3.807172090415273, -81.80941587640083 3.7011032741133194)), ((-60.22248927706363 8.483987244343306, -60.18937520528115 8.256453211352735, -59.975994795677025 8.185834227378297, -59.79547673591175 8.343304576604737, -59.82887157933098 8.571207549903752, -60.04250398254953 8.64127208027536, -60.22248927706363 8.483987244343306)), ((-80.0291039040574 19.748101741772786, -80.2110018834217 19.86852819246201, -80.41228759006927 19.759320595275923, -80.43071034907054 19.529636313719195, -80.24848829050369 19.40989756294158, -80.04816497772514 19.519155117987705, -79.86744206844062 19.39941738816907, -79.66798898221644 19.50794049857515, -79.64829953397573 19.736143485639722, -79.82868896493885 19.85656667253567, -80.0291039040574 19.748101741772786)), ((-82.15780332373932 12.760410507398499, -82.13831794688548 12.541061427708817, -81.91793579853238 12.444001130313273, -81.8982598048097 12.223666675636963, -81.67763265552487 12.126029597882226, -81.4769291783519 12.249021275280699, -81.4969001780063 12.46924366591689, -81.7172803095201 12.566588034882901, -81.73706149853753 12.785831267162319, -81.95720300992858 12.882595040611676, -82.15780332373932 12.760410507398499)), ((-64.82965492626376 11.816402162959443, -64.80018124376058 11.603530778686855, -64.60087057103615 11.544243328295774, -64.43072294869141 11.698437601783246, -64.23031943684171 11.638931497418637, -64.05936584475229 11.793290286254528, -64.08940476474886 12.00693050474518, -64.29011466160833 12.065831724911634, -64.46047923893015 11.911696828246715, -64.66010053798104 11.97037469373382, -64.82965492626376 11.816402162959443)), ((-65.30713748415948 11.141636466901554, -65.48205312778033 11.032980203685582, -65.68645367644974 11.137967286893899, -65.86231057683467 11.028834603589402, -65.8333851467076 10.814190695031085, -65.6284522533516 10.709140040374354, -65.45297819951173 10.818797421518546, -65.24884127928843 10.713737668562615, -65.07995445607338 10.867790638051359, -65.1092440636134 11.08194585794945, -65.30713748415948 11.141636466901554)), ((-87.40005803041232 5.82796121066152, -87.38409535044924 5.5900013653606715, -87.16100854020958 5.487537004016621, -87.14484195577056 5.248720244550889, -86.92133002204925 5.145731015720208, -86.71410409122643 5.2819199718873975, -86.73060415145797 5.520770400795479, -86.95399703946765 5.6233997947674785, -86.97029322451955 5.8613990692706155, -87.19326776053322 5.963497718796876, -87.40005803041232 5.82796121066152)), ((-92.04436164541504 20.948423434693254, -92.0476115192602 21.1963781623789, -92.27317927833909 21.313689947928246, -92.49543172977259 21.182388366648656, -92.49127685424489 20.933984251787354, -92.26577599313585 20.81732981212371, -92.04436164541504 20.948423434693254)), ((-77.40149287416479 0.6843504227496076, -77.37790194734575 0.4372402672339354, -77.58225059714334 0.2975925695657111, -77.55875235960492 0.0498042588509923, -77.33061915092408 -0.058077290418739, -77.1263600497256 0.081952526206855, -77.15014363577131 0.3294805490572494, -76.9463554001826 0.4689550165235676, -76.97022942102507 0.7157998175322842, -77.19760956084954 0.8234367245072045, -77.40149287416479 0.6843504227496076)), ((-79.81972356015108 0.8815145954865442, -80.04817106319291 0.9894282336750938, -80.25500675151523 0.8497756468748247, -80.23339278138926 0.6018504283783153, -80.00463638649316 0.493751438283745, -79.79780368762836 0.6337643978366092, -79.81972356015108 0.8815145954865442)), ((-63.249713949576204 11.552266274148687, -63.21900866202968 11.336152766111859, -63.01490338923834 11.274546288650935, -62.84121132121939 11.429645908683812, -62.872199328962296 11.646129541049907, -63.076596768059176 11.707144261947434, -63.249713949576204 11.552266274148687)), ((-80.00532785305731 14.509342737608076, -80.22406190606628 14.605293076297889, -80.42221594716283 14.48811057467385, -80.40163920842876 14.274567118082322, -80.18262617933114 14.178343153996632, -79.98446958817924 14.295937817869259, -80.00532785305731 14.509342737608076)), ((-83.89339882563108 17.358925703244246, -83.6892006783684 17.476926012310543, -83.67666595732217 17.710226834373252, -83.8690303596314 17.826181400095628, -84.07414747420877 17.708110593583132, -84.0859789306455 17.47415599463926, -84.2908862063499 17.355429214504763, -84.30229894074486 17.121554245583255, -84.1095106585975 17.007051851774097, -83.90551556458485 17.125696845516003, -83.89339882563108 17.358925703244246)), ((-60.85871052672937 8.692541104226386, -60.82607227026753 8.466345074403323, -60.61441745499167 8.39670971281762, -60.435139572589634 8.553835598836029, -60.46805988013577 8.780409611894862, -60.67997625003699 8.849480573091794, -60.85871052672937 8.692541104226386)), ((-81.20285939736071 19.548336732136832, -81.40572592048841 19.436848431390814, -81.42241722981089 19.205629899242044, -81.23690433096382 19.086618605742963, -81.03499450948962 19.198128647891828, -81.01764341005337 19.428628377037683, -81.20285939736071 19.548336732136832)), ((-81.55664186592341 13.125760103461145, -81.35669012422991 13.246732973807552, -81.37667875292534 13.463769634019206, -81.59632746224479 13.55994744992872, -81.79623518949121 13.439378808740667, -81.77653888237253 13.222229711053489, -81.55664186592341 13.125760103461145)))",Mexican White-lipped Frog
145,22977,22923,Leptodactylus poecilochilus,species,20978,Amphibia,2.32,"MULTIPOLYGON (((-82.75235040632013 9.800473924092232, -82.77156963747368 10.028093905690662, -82.99359595277147 10.12753294268216, -83.01262011938567 10.354216278970505, -83.23436251849965 10.453104063585172, -83.25319168580234 10.678837461708277, -83.47464305112008 10.777159265225416, -83.49327730570057 11.001929900286052, -83.7144305950714 11.099671395167798, -83.73287004468925 11.323466910485596, -83.53046407287536 11.449452475478854, -83.54901669709746 11.67219674037777, -83.34692572990805 11.797445425168084, -83.36559057226114 12.019128349159052, -83.16381782658031 12.143627757665946, -82.9432874315113 12.046835034703426, -82.74174961086989 12.170967150813164, -82.76082806328279 12.391496433852408, -82.9811425775441 12.487977906189085, -83.18259392947715 12.364239724434123, -83.40283873599925 12.460426728464764, -83.42142216813389 12.680035454269468, -83.22006434166023 12.803381940778122, -83.23875876164207 13.021905770763892, -83.45850800877247 13.117155928928875, -83.47701052719889 13.334661565219884, -83.69646677823769 13.42927740230802, -83.89761659479505 13.306707372655561, -83.8794181846051 13.089136084247931, -83.65976530557089 12.994198843651457, -83.64137444452064 12.775603829554653, -83.84294162116706 12.651882826980641, -83.82466335877297 12.432206970406048, -84.02653717672737 12.307733630302184, -84.00837245295054 12.086985930279662, -83.7880265987346 11.990772850646936, -83.76966799111455 11.76902131727203, -83.97196306576556 11.643422680449333, -84.19249938336715 11.739962195674755, -84.21054963002777 11.961772272645957, -84.43076720734638 12.057690933193788, -84.63311372849178 11.932130660156435, -84.61537386928723 11.710272130907056, -84.81801117566471 11.583994979127619, -85.03824538333642 11.67995549825646, -85.24102069208406 11.553350109200949, -85.46106786191858 11.649016974565633, -85.47818127234719 11.870942052332019, -85.69787043565476 11.96596078367669, -85.90059282842286 11.839404677684325, -86.12005820659422 11.934118354372968, -86.13666014904823 12.15503135183282, -86.35574838067905 12.249076251819467, -86.5583639657976 12.122567916880097, -86.77719213981648 12.216297012794406, -86.79328106402436 12.436168408097066, -87.01171341435467 12.529209102536655, -87.02760733709796 12.748026532709403, -87.24563787044177 12.840368074416919, -87.44788016630905 12.714263794719692, -87.4323053875835 12.49546214119769, -87.21416883995754 12.40274733056502, -87.1983990407011 12.182887356396389, -86.97985434592654 12.08947607252534, -86.96388909871538 11.868566891493124, -86.74494221394758 11.774470079355812, -86.72878110969586 11.552521270546308, -86.50943808236208 11.45775030122014, -86.49308073060043 11.234771912343417, -86.2733476979747 11.139338583558645, -86.25679372712553 10.915341133854835, -86.03667691586494 10.819257670083674, -86.01992597351408 10.594252152798019, -86.22361153154544 10.465326391043005, -86.20698320128935 10.239317095060692, -85.98634898092158 10.142239088453934, -85.96952282412268 9.915239861120684, -85.74851099893561 9.817541445291264, -85.73148668481063 9.589564560910153, -85.51010371577809 9.491259443323882, -85.49288093345216 9.262317656893249, -85.27113336987175 9.16341996853649, -85.06676872731032 9.293810148744157, -85.08431068724902 9.522728462676952, -84.88023124415605 9.652477844493616, -84.65846284220056 9.553679451071172, -84.64060356351592 9.324795817415474, -84.41849723050548 9.225424834644837, -84.21443258977258 9.355269667501556, -83.99218372636909 9.255666816821265, -83.97381149832798 9.025895001873899, -84.17800249946623 8.895672526789314, -84.15974692955713 8.664922770582013, -83.93698539915844 8.564451906430635, -83.9185314146336 8.332790575364173, -83.69545278295487 8.231793232821225, -83.49103059788375 8.362774381990208, -83.26785057297272 8.261576863222524, -83.24888471629234 8.029089674220302, -83.02540860903942 7.9273927913658975, -82.82111857150082 8.058487541663185, -82.59757998160154 7.956605176458941, -82.5781057390336 7.723332514727907, -82.35429243746867 7.620978740344032, -82.33462075622155 7.386854296812981, -82.1105401914741 7.284046410333024, -82.09067106538185 7.0490867981746606, -81.86633075921587 6.945842465774291, -81.6621109068572 7.077836860054168, -81.4377758245643 6.9744452477379975, -81.23387817794536 7.106169909275891, -81.00957344312313 7.002635188267926, -80.80602028707777 7.134082331287637, -80.58177094920417 7.0304087512615965, -80.37858439254498 7.161570731338016, -80.15441541044284 7.0577626186829825, -79.95161737181398 7.188631936206841, -79.97298934202021 7.42289776913818, -79.77058999186679 7.553052687338337, -79.79206203158598 7.786353170144284, -80.01564141841254 7.889666791002448, -80.03692164434118 8.122158791194947, -79.83491409540606 8.251168151545492, -79.61163501861274 8.148100519437856, -79.41004079801517 8.276783130909603, -79.18689741987343 8.173563420771881, -79.16503869283281 7.941423794133487, -78.94173500910385 7.8378249745815864, -78.74061119126947 7.966598835724138, -78.51748187843415 7.862864297322106, -78.4951505169067 7.630132348987334, -78.27188327153964 7.526049005739128, -78.24936406989464 7.292549163529595, -78.02596694349678 7.188135833069438, -78.00326026500296 6.9538860735110015, -77.77974135503365 6.849161866623414, -77.75684758558378 6.6141805720437485, -77.53321503386015 6.50916488218894, -77.51013458199746 6.273470833149958, -77.71096351719976 6.142558293217917, -77.6879730972557 5.905929676774961, -77.88924638883753 5.774282681976827, -77.866347092873 5.536734412212296, -77.64189518237269 5.431069187192103, -77.61880756564993 5.192850302182536, -77.82045149330725 5.060061666078636, -77.79745506739172 4.820950498519541, -77.5725347082108 4.714868488635401, -77.54934934493228 4.475119158982294, -77.75136465652551 4.341212607930663, -77.72827054847208 4.100599800107349, -77.5028804418748 3.9941384034509846, -77.47959677875087 3.752921175239483, -77.25410059147325 3.646281832907734, -77.23062781752287 3.404481686346244, -77.43293071996746 3.2690692471229026, -77.40954820017573 3.0264493292637584, -77.61230850805336 2.8903843442449815, -77.58901736490888 2.6469627628310244, -77.36268386847323 2.539859255741851, -77.16001068756826 2.6763320510113533, -77.18358292774091 2.9194992705617153, -76.98137255726996 3.0553245074852367, -77.0050339744083 3.297685736861436, -76.80328844065619 3.4328459587421176, -76.82703791235164 3.67438326791744, -76.62575918925019 3.808861485505851, -76.64959559717082 4.049557422861518, -76.44878560666199 4.183337118727001, -76.47270783666269 4.423174715222701, -76.27236844906857 4.55623984750232, -76.29637539129872 4.795202620226979, -76.52045258738055 4.901375720649468, -76.54427523000209 5.1397253124920645, -76.34428955526742 5.271625415446183, -76.3681968982765 5.509071935387816, -76.16868034823293 5.640222980043836, -76.19267129337858 5.876751237917243, -76.41591240860929 5.982402212982749, -76.4397206964756 6.218273070133202, -76.24055400110538 6.348218658929089, -76.26444588359654 6.58314524143779, -76.48723863805789 6.688394731956836, -76.51094841159205 6.922633247747756, -76.31213100471619 7.051353464228739, -76.33592436254087 7.284623137850287, -76.13757134492741 7.412546357255764, -75.91554732637029 7.307646287944874, -75.71778867043727 7.435210429436579, -75.49610907323691 7.3302278771715645, -75.47179461234794 7.097514667682177, -75.2500790825846 6.992293982855326, -75.05308202895597 7.119948454107854, -74.8317476460331 7.014662461996168, -74.80700244662668 6.781570127206502, -75.00384366633583 6.653459712446541, -74.97917442056581 6.419401637731007, -75.17650266273338 6.29048089986266, -75.15191044914413 6.0554704306588, -74.92973550617008 5.949688534579283, -74.90496571964051 5.714045988853108, -75.10262555682463 5.583877678455979, -75.07793275947611 5.34730819514256, -74.85532519233301 5.241220862982763, -74.83045433299036 5.004051361003987, -75.02844616501662 4.872655756616325, -75.00365224861541 4.634586193238788, -75.20213626541288 4.5024278428347, -75.17742038913461 4.263473663533646, -75.37639509652736 4.130567249726801, -75.35175836280615 3.8907443891593445, -75.55122221667578 3.757105078825405, -75.52666573310908 3.516429958600657, -75.30238328082115 3.409704502432907, -75.10306948077049 3.5437779705581156, -74.87917407897257 3.4370814818733715, -74.68051708508334 3.5708645013297353, -74.70559169814292 3.8109048003823327, -74.50743503408238 3.9439482218228905, -74.53258538241478 4.183129859065946, -74.33493042400912 4.315418625356039, -74.36015540796151 4.553725549597438, -74.58278387366978 4.6600741788313185, -74.60783213573123 4.897822932773724, -74.41050323745027 5.028892053600767, -74.43562620136349 5.265738013013508, -74.23879699371474 5.396020086399155, -74.26399357205958 5.63194848043874, -74.06766534344673 5.761430095409784, -74.09293445448198 5.996426644376588, -73.8971084452795 6.125094877207289, -73.92244901301889 6.359145792852005, -73.72712641603896 6.486988206543943, -73.75253737032448 6.720080191837347, -73.55771933128716 6.847084835079007, -73.33768876959438 6.74146363697042, -73.14358019265674 6.86808907175512, -73.16929732383501 7.099864598600803, -72.97569972433134 7.225632431288705, -73.00148290528641 7.456422431920218, -73.22063009444267 7.561791866147264, -73.24624584674763 7.79193217611823, -73.46543175590791 7.897115988127545, -73.49087931791418 8.12658794929272, -73.29737636684153 8.250538314657453, -73.07862980993082 8.145489712122481, -72.88584053464095 8.269033410029786, -72.66758472531605 8.16392030747119, -72.6416725757995 7.935135838561365, -72.83424541748711 7.811114795052748, -72.80839723252285 7.581321974800711, -72.58974687525699 7.4759064126275145, -72.39739768981443 7.600405779763799, -72.17926463891528 7.494949414417386, -72.15302469211248 7.264881455014968, -72.34514301374422 7.139902939021721, -72.3189646839614 6.9088470267951445, -72.10044268641663 6.803143245316246, -72.07410051718259 6.5714846268572344, -71.85565476780191 6.465666677416972, -71.8291496063619 6.233424994062784, -72.0213135694476 6.106618164788213, -71.99486868009176 5.873422529268536, -72.18756089627391 5.745758469939018, -72.16117732087733 5.511621761334284, -72.35439707585677 5.383111890269743, -72.57423470983767 5.489211132019997, -72.76821034169731 5.3603354678097785, -72.74212032812964 5.124893411620454, -72.93661775503374 4.995192716265739, -72.910593421727 4.758838667352106, -73.10561173441273 4.628325633057081, -73.32686864189705 4.73462883534618, -73.52261571755005 4.603774074684628, -73.49689812821201 4.36615968825736, -73.6931597186521 4.234515500643061, -73.66751222975043 3.996021059149082, -73.86428722500423 3.8636014149105913, -73.83871092550409 3.624242595990656, -73.61611400820463 3.5176602521509173, -73.41953895926984 3.6505292734456165, -73.4453598076077 3.8895302420203435, -73.24930263684313 4.021627926911855, -73.02763554457076 3.9151766226870226, -72.8323136748095 4.046945844636317, -72.61115347205201 3.9405386543675522, -72.4165839832162 4.071973069387503, -72.442945453215 4.309353257487131, -72.24890527946299 4.439982854682544, -72.02874227504695 4.333695182383093, -71.83547602169013 4.463974501969278, -71.86212785361701 4.700072989586539, -71.66939646155024 4.829525448582715, -71.45026723273843 4.723349366342493, -71.2583303443849 4.852437048933321, -71.28526257209033 5.087225597646708, -71.0938656172577 5.21546572477843, -70.87580530054844 5.109393904855585, -70.68522247465768 5.2372557320950754, -70.46777100248397 5.131225457977253, -70.27801707886381 5.258704054414209, -70.30542914343783 5.491728463481788, -70.11622365180706 5.618332535761229, -69.89989979268354 5.512397978860078, -69.71154123095756 5.638606691099081, -69.49586958991895 5.53271674807859, -69.30837166687598 5.658525754334677, -69.3362358808689 5.889731713926306, -69.14929358091068 6.014641917742081, -68.93480423640918 5.908840407448652, -68.74873900594572 6.033340161196322, -68.53494260030821 5.9275867617536315, -68.3497670790858 6.05167229908604, -68.13668049939335 5.945971951824285, -67.95240689811031 6.069639668582255, -67.98087836673382 6.2985045345017205, -67.79716893653224 6.421246049590561, -67.58533644030346 6.315627082850385, -67.4025431369483 6.43794180564427, -67.19145742733994 6.332379861286937, -67.00959139568427 6.4542647526892685, -67.03844889053715 6.681201454761508, -66.85715120290602 6.80214189129641, -66.64736454432577 6.6966568899382715, -66.61833981139034 6.470216980223502, -66.79926785436102 6.348764803077705, -66.77027496665053 6.121368646612959, -66.56018801615703 6.015929509207447, -66.37963560340347 6.1378930969759935, -66.40879338765107 6.364783972176312, -66.22881362322896 6.485800706583385, -66.25800116057357 6.711736234621903, -66.07859340267932 6.831799225193466, -66.1078098230977 7.056769418204712, -65.92897340041988 7.175872211971014, -65.95821784238974 7.399867522550575, -65.7799520546642 7.518004098323586, -65.57283121483717 7.412664850307552, -65.39552793195014 7.530351335704583, -65.1892230015916 7.425073058791901, -65.01289108500627 7.542307720382255, -64.80741507238287 7.4370955504429395, -64.63664107953544 7.591716560880144, -64.66642825116186 7.8136778066466235, -64.49543232449776 7.968422430525069, -64.29405029437395 7.901363376378685, -64.12223752638897 8.056376597523798, -63.91975680782866 7.989130536454949, -63.74713575539171 8.144401944946798, -63.54356516464526 8.076965819884318, -63.37014475644003 8.232484810338201, -63.165493569153796 8.164855524136854, -62.99128310791234 8.320611299055129, -62.785561062855976 8.25278571688541, -62.61057022727415 8.408767290288454, -62.4037875296965 8.340742242174823, -62.22802637601893 8.496938443512771, -62.02019370061669 8.428710727020647, -61.843672663878976 8.58511020536678, -61.63480115736186 8.51667658843796, -61.45753105227794 8.673267816964243, -61.489692265912765 8.89810725735619, -61.3122380199608 9.054691144208133, -61.10206863647585 8.986622196267332, -60.92388158952333 9.143371534889427, -60.95641446729161 9.367995198501207, -61.16685210566381 9.435492756424415, -61.19919136745614 9.65912699948912, -61.40888447422158 9.72582937212206, -61.441030218368994 9.948465296497867, -61.263765125727275 10.104767991246563, -61.05380291498312 10.038637482331154, -60.875808777571024 10.195073669020752, -60.908324841701 10.417429954755482, -61.11855374977752 10.482991504120976, -61.29599969435478 10.326764846789752, -61.505217313920184 10.392092155331154, -61.68192787913132 10.235996519957844, -61.64997553050148 10.014367368795291, -61.82650026516845 9.858210296966778, -62.034416894403535 9.923887774088431, -62.06608639343892 10.145141077794722, -62.27324607921881 10.210011845431092, -62.44845308151578 10.054214447259005, -62.654567061631965 10.118862867506813, -62.68575989127014 10.338719403880239, -62.51112223151469 10.49431116581322, -62.30472228218957 10.43025123149055, -62.12932183525423 10.58599565097776, -62.16088785241669 10.805587641648295, -62.36757153707086 10.869062075160501, -62.54240534349367 10.713529192008048, -62.748042893146234 10.7767745511376, -62.92210841307774 10.621391941602509, -63.12668943912479 10.684412402990949, -63.15749644514747 10.902221629562872, -63.36130742462248 10.964423160720711, -63.534014926676434 10.809412869862978, -63.736754644329366 10.871392770374792, -63.76708580893137 11.087782075438643, -63.96904864931042 11.148939539160768, -64.14037673725494 10.994311975669186, -64.34125482209522 11.055251438718996, -64.51177725712287 10.900804243660433, -64.48201309722646 10.68520918428663, -64.65231734173138 10.530746809267939, -64.62264518520986 10.314532735660851, -64.79272951492207 10.160074645029711, -64.99188813319225 10.222031999009738, -65.16115084628069 10.067792224666963, -65.36555623189498 10.172955985869482, -65.54120320124409 10.061774242971715, -65.74641106587407 10.166943823817965, -65.77543543271163 10.383241159536777, -65.9809005869322 10.48835262101156, -66.00979917734122 10.704058855316562, -66.21551498915505 10.809094322151603, -66.392859969571 10.698488296828883, -66.59934523381101 10.803502469537591, -66.77761173665304 10.692422662691847, -66.98485257660415 10.797409421815455, -67.16403077269642 10.685856371925698, -67.37201290206114 10.7908095885468, -67.55209255930524 10.678783971714656, -67.76080128374183 10.783697511215275, -67.94177176639703 10.671200144344763, -68.15119198550397 10.776067870222143, -68.17913141372401 10.99334102862257, -67.99782666052475 11.10532609463293, -68.02580418595728 11.321519678606819, -68.2349103845831 11.426141389494674, -68.41654334210745 11.314666759565085, -68.6263391029526 11.419220646189528, -68.65399941387962 11.635143644666336, -68.47204435597895 11.746109858988795, -68.49974508932512 11.960939307428365, -68.3183298210072 12.07091833312897, -68.10953762647293 11.96657569304464, -67.92898956964443 12.076073222931534, -67.9569050554718 12.289403943628747, -68.1651944317015 12.393638216854034, -68.34607007927544 12.284649322559279, -68.55504724150907 12.38879552444359, -68.7367812979254 12.279322808230853, -68.9464305910971 12.38337448453111, -68.97385054060874 12.596778891294996, -69.18366660999521 12.700605925060561, -69.36655098652457 12.591151330224529, -69.33931677364075 12.377369149996934, -69.12901139313493 12.273418434593825, -69.10163417689043 12.058907661761365, -68.89149148228108 11.954738453595894, -68.86397222856948 11.739513967183747, -69.04678029092774 11.628069921528517, -69.25741551592272 11.73235506435665, -69.44106452866335 11.620434096983873, -69.65234570670526 11.724627760524026, -69.67948939849505 11.940620751511936, -69.49554285041371 12.052040372443468, -69.52273226445142 12.266930402602197, -69.73367730390291 12.370773745092114, -69.76072161479651 12.584926584837268, -69.9718106494366 12.688523152088083, -70.15633317902439 12.578098934896921, -70.12948292377664 12.363582673123219, -70.31453005412097 12.252181048287529, -70.28772875622825 12.036554407341155, -70.47330025150087 11.92417914442494, -70.44654885466957 11.707447274912328, -70.63264444189414 11.594102540813422, -70.6059438968263 11.376271008114145, -70.79256326537345 11.261961374408482, -71.0061492398023 11.365977445607856, -71.1935535716364 11.251200539693786, -71.4077098241776 11.355105395004763, -71.43399724037083 11.57364654499954, -71.24633808249213 11.687933032413193, -71.03264528975805 11.584167758310564, -70.84576091050896 11.697984220049767, -70.8723099217125 11.915074099787677, -71.08553783644888 12.018698768144805, -71.11193443530793 12.235031982627772, -70.92530857511521 12.34739208219108, -70.95175831859453 12.562612987779431, -71.164628538827 12.665815824603529, -71.35150961303049 12.553944220374376, -71.5649378906803 12.65700316606769, -71.75257729910604 12.544651622992609, -71.96654520419271 12.647560433711279, -72.15492839481503 12.534730490707316, -72.12911012025022 12.31850991140425, -72.31799816277822 12.204723205585072, -72.29223934643646 11.987388583528857, -72.48163153938286 11.872650162328283, -72.69700372742682 11.975727315717375, -72.88711559220366 11.860522048687153, -73.10297591262852 11.96344717646382, -73.29379176285731 11.847777395673702, -73.26854298424392 11.628707239791947, -73.45985256698309 11.512102078394513, -73.67660613270259 11.615041644711788, -73.86859851859371 11.497980256747567, -74.08579286502481 11.600761505524506, -74.27845145640777 11.483246809109795, -74.25373800153704 11.262482501761276, -74.44687868002102 11.144051190830245, -74.66490096299746 11.246851845558128, -74.85868527425974 11.127976839410575, -75.07709887943903 11.230613533287919, -75.27150934573423 11.111298345507565, -75.24735615139862 10.888885531246645, -75.44223583276153 10.768674971635503, -75.6614087889572 10.871337421810418, -75.85689070118204 10.750697634840465, -75.83306612176952 10.526939003146346, -76.02900956724714 10.405419822044262, -76.00526431394317 10.180587728365536, -76.20166768106608 10.05819833341955, -76.17800280023953 9.832301968201543, -75.95767697826582 9.729052749700545, -75.93383478064362 9.502359002544754, -76.13057620818218 9.378655926126985, -76.35128097258055 9.4821010343027, -76.54859915937946 9.358000609480015, -76.52509817959442 9.130005186992038, -76.72287116912969 9.005064883478783, -76.69945372616417 8.776035642212276, -76.89767971625052 8.650266514147553, -77.11942192826854 8.753973421337834, -77.14257278489701 8.98324523285243, -77.36422433147659 9.08660714460839, -77.3871927476784 9.31508207789708, -77.608745614747 9.418080882041158, -77.807678394712 9.292819358059553, -78.02946765805875 9.39565940809723, -78.05198021923047 9.623537399530006, -78.2736487146422 9.725984985812657, -78.47313746023151 9.60078199467556, -78.69500470698016 9.703054468018074, -78.8949590509046 9.577477273507261, -79.11700133829495 9.67956991197502, -79.13877063371494 9.906996873636787, -79.36065600433194 10.008656953212641, -79.56107936210616 9.883136674599701, -79.78310176115686 9.984601024038685, -79.98393640164622 9.858714593854256, -79.96273844792347 9.630943976043703, -80.16396537843183 9.504280165894155, -80.14286703379648 9.275479605922444, -80.34448366249333 9.14805108037719, -80.5671917382145 9.24983973155584, -80.7691821459266 9.122072181909674, -80.99195868788196 9.223669985356114, -81.19430130915742 9.09557018756001, -81.41712181520595 9.196972942816322, -81.43733509467417 9.42619719920114, -81.65992155829728 9.527117112091808, -81.86254748165896 9.39909489276335, -82.08513926060506 9.4998046868141, -82.10485759618562 9.728246144719337, -82.32719384883262 9.828446042239285, -82.530047366921 9.700498760909491, -82.75235040632013 9.800473924092232), (-70.76618225891362 9.375248977789603, -70.5515199914227 9.27025290059562, -70.36413537266779 9.388909451643372, -70.39113725140625 9.612064964458991, -70.20428569884183 9.72977609737457, -70.23133781724638 9.951875018925277, -70.0450195908286 10.068634419422626, -69.83193626604141 9.963794104293155, -69.80468583913188 9.74208924058982, -69.59174696644294 9.637088518915247, -69.56434846010944 9.414730366015558, -69.75008392211119 9.29696929688817, -69.96351364053488 9.402068812588231, -70.15008041305167 9.283858760661223, -70.12292714408828 9.060049777256895, -70.31003035511227 8.940895646510711, -70.28292711382083 8.716047084215752, -70.47056652083427 8.595955795771925, -70.68558823092121 8.701210037860449, -70.87403804701583 8.580683358054497, -70.84719274277647 8.354408936507374, -71.03617461111561 8.232958442805355, -71.00938347419066 8.005662865749423, -71.19889697700721 7.883296665273806, -71.41546311720275 7.98871663214873, -71.60576450485806 7.865930883627991, -71.82289440681816 7.9713144623368555, -72.01396857607207 7.848112943600218, -72.23164269564126 7.953454689450086, -72.257780915392 8.181880955858968, -72.06646795684918 8.304598829034509, -71.84925450134166 8.199373080731869, -71.6587034159601 8.32167214186431, -71.68512205464924 8.548710326393257, -71.4950946681669 8.670098247591461, -71.52157084027485 8.896106119925891, -71.33206772578995 9.01657468107452, -71.11634453925375 8.911524794335227, -70.92762705175281 9.031558208813562, -70.95437085697183 9.25614857578051, -70.76618225891362 9.375248977789603), (-63.817849526127375 10.063830651551232, -63.78750877970235 9.845168571551874, -63.95958794473881 9.690107905245421, -64.16141836780322 9.75390570788471, -64.19147472530553 9.972154785485476, -64.3925208970849 10.035136051648617, -64.42238495685217 10.252370807646724, -64.25148698367299 10.407036316050371, -64.05013326031136 10.344665834319333, -63.87842997974384 10.499527679730699, -63.67599132361641 10.436944619096298, -63.645559089601434 10.218894395200378, -63.817849526127375 10.063830651551232), (-66.92784987088758 10.363737521323158, -66.89929862602455 10.146062860275341, -67.07867475020986 10.033003327334114, -67.2869579102344 10.138136817607078, -67.31534290254153 10.356257055189023, -67.135612068609 10.46879887957256, -66.92784987088758 10.363737521323158), (-83.60322371493353 9.742890456965497, -83.38106082304266 9.643375734287718, -83.36226179124138 9.414663197600094, -83.56593619498999 9.285395578423739, -83.78830295764034 9.385226956321873, -83.80679087590589 9.614007677459346, -83.60322371493353 9.742890456965497), (-73.14180547549485 10.523939396155427, -72.95040452457991 10.642425758270944, -72.73376725916494 10.538581739850354, -72.70809334860776 10.316098984240424, -72.89928298424502 10.197133351440996, -72.87367239260932 9.973577712277082, -73.06536611733125 9.8536931709382, -73.28287870084965 9.957843493231707, -73.30825983790866 10.181724424110627, -73.11635886974082 10.301130873693097, -73.14180547549485 10.523939396155427), (-71.65344651224466 10.017525218737994, -71.4379965888303 9.91298327032682, -71.41156480614613 9.689751882832642, -71.19621035070294 9.58500375043463, -71.16962211660521 9.361084269336908, -71.35860042740846 9.241542830998243, -71.57442198726068 9.346412394014513, -71.60079706856098 9.57070097754387, -71.81670922743312 9.675371414684475, -71.84292583248798 9.898963252834971, -71.65344651224466 10.017525218737994), (-83.13980178623508 9.314606748178747, -82.93635615601121 9.44357416479024, -82.71382757489975 9.343296213656659, -82.69452385982 9.11374777018729, -82.89805630607461 8.98438996089972, -83.12080626268202 9.084972592366116, -83.13980178623508 9.314606748178747), (-73.21794686684001 11.188671612730726, -73.19259941949984 10.967713978579875, -73.38420460769807 10.849704834365797, -73.35892273640418 10.627659459928445, -73.5510238223018 10.508729171413037, -73.76860076677208 10.612319536425668, -73.96138549994699 10.492948576657195, -74.17940149703794 10.596403556902379, -74.20421307740801 10.819056793957795, -74.01124677371222 10.9379568305258, -74.03612819138607 11.159523494893229, -73.84364828610201 11.277507779999645, -73.62647180471122 11.174396102022357, -73.4346694683338 11.291930212393876, -73.21794686684001 11.188671612730726)), ((-83.587463452288 14.62475428704883, -83.56912128654368 14.411530563531615, -83.3503577413346 14.318200658474156, -83.15013948771613 14.438411377320337, -83.16878153274016 14.651563579746483, -83.38734250658942 14.744578206815651, -83.587463452288 14.62475428704883)), ((-65.07995445607338 10.867790638051359, -65.1092440636134 11.08194585794945, -65.30713748415948 11.141636466901554, -65.48205312778033 11.032980203685582, -65.45297819951173 10.818797421518546, -65.24884127928843 10.713737668562615, -65.07995445607338 10.867790638051359)), ((-66.77053254591736 12.088208481433115, -66.94841416355537 11.980157318384144, -66.92002962737266 11.766976845208108, -66.71360198709881 11.66227562702714, -66.53607883494851 11.770844156953071, -66.5646237957246 11.983595849402079, -66.77053254591736 12.088208481433115)), ((-65.24790437104893 6.410669351598484, -65.0708269301304 6.530364900901684, -65.10047638352638 6.754743554210203, -65.30705481718135 6.859953049090931, -65.48453397688448 6.740776865529305, -65.69193504641261 6.846062694846552, -65.87038312766973 6.726442012005864, -65.84103721035667 6.5010182744980645, -65.63308813228164 6.395733875433429, -65.45503409228985 6.51587214660007, -65.24790437104893 6.410669351598484)), ((-81.8982598048097 12.223666675636963, -81.67763265552487 12.126029597882226, -81.4769291783519 12.249021275280699, -81.4969001780063 12.46924366591689, -81.7172803095201 12.566588034882901, -81.91793579853238 12.444001130313273, -81.8982598048097 12.223666675636963)), ((-67.69284496394032 11.757635002846143, -67.4849542153195 11.653047105124752, -67.30562651798974 11.76257584594873, -67.33384642220477 11.976178619619203, -67.5412262445136 12.080669089698121, -67.72089602450218 11.971653461904134, -67.69284496394032 11.757635002846143)), ((-86.95399703946765 5.6233997947674785, -86.97029322451955 5.8613990692706155, -87.19326776053322 5.963497718796876, -87.40005803041232 5.82796121066152, -87.38409535044924 5.5900013653606715, -87.16100854020958 5.487537004016621, -87.14484195577056 5.248720244550889, -86.92133002204925 5.145731015720208, -86.71410409122643 5.2819199718873975, -86.73060415145797 5.520770400795479, -86.95399703946765 5.6233997947674785)), ((-64.43072294869141 11.698437601783246, -64.46047923893015 11.911696828246715, -64.66010053798104 11.97037469373382, -64.82965492626376 11.816402162959443, -64.80018124376058 11.603530778686855, -64.60087057103615 11.544243328295774, -64.43072294869141 11.698437601783246)))",Brown Foam-nest Frog
146,22979,22923,Leptodactylus albilabris,species,20978,Amphibia,2.32,"MULTIPOLYGON (((-67.11151094556921 18.651074503451987, -67.31355158249686 18.751579595935052, -67.48843833218716 18.660441258620118, -67.46095475306372 18.468329209623896, -67.63636187237029 18.376208911080145, -67.60891174457464 18.18295592188144, -67.40589307163232 18.082137986590325, -67.37831488638302 17.888061189000158, -67.17549857571207 17.7868991342639, -67.00075363455592 17.87996719255208, -66.79864164575503 17.778623574459804, -66.62476307531554 17.871183613838685, -66.42336867130919 17.76966579357332, -66.250365606679 17.861720249290816, -66.05761060564396 17.81773223505197, -65.89257812609873 17.96740517444708, -65.69872598688163 17.923168860154238, -65.53287550512123 18.072868422325868, -65.33793257497713 18.028377216263387, -65.17127090653167 18.17809129145314, -64.97524394113735 18.133338542971163, -64.80777823868975 18.28305489884136, -64.61067440699932 18.238033902483163, -64.44241216344658 18.387740189684457, -64.2442390522846 18.34244418950359, -64.07518810355658 18.492127947474703, -64.10488660410341 18.686813691167856, -64.30335958704774 18.731564943684266, -64.47183418433023 18.582174094113213, -64.66924198676263 18.626645300419593, -64.83692380367756 18.477231304057717, -65.03325869109027 18.521429325741188, -65.2001401166492 18.37200459883068, -65.39539477320406 18.415936248998346, -65.42407801362236 18.60873775302252, -65.61855921850626 18.651851212038956, -65.78404355717635 18.502720695090996, -65.97743470041323 18.54557657782191, -66.00565714423114 18.73700442445029, -66.19827103577789 18.779047364375696, -66.36234352556043 18.63022354284743, -66.56296705825419 18.73111540414268, -66.73613853679817 18.640998561712685, -66.93747715823969 18.74170076558279, -67.11151094556921 18.651074503451987)), ((-64.35395122075535 17.800487520304074, -64.38347071980198 17.996895524435445, -64.58134207221843 18.04274207711826, -64.7493902973297 17.892735804954206, -64.9461883211465 17.938312344831274, -65.11343628350693 17.788309107655774, -65.08447079320861 17.59244302670148, -64.88798039829798 17.54630529981782, -64.72014784409171 17.696595892403497, -64.52258012140135 17.650193089897503, -64.35395122075535 17.800487520304074)), ((-62.809398975010936 17.816210596882055, -62.637107435538326 17.966684306188032, -62.667922606244815 18.16523112528719, -62.870752729583245 18.213058941592703, -62.901379657398834 18.41048060434645, -63.103461443470565 18.457474574436795, -63.27463008007524 18.307581169243793, -63.24427973404576 18.110403987938163, -63.04248409033582 18.062874587295735, -63.01194559900986 17.864574205972385, -62.809398975010936 17.816210596882055)), ((-61.534844587903606 15.936444824965532, -61.3594298026768 16.088935288974373, -61.39129153019128 16.295079842595026, -61.59829112857679 16.348470414175388, -61.773160324472826 16.196255875667582, -61.74157567907024 15.990375971714462, -61.534844587903606 15.936444824965532)), ((-68.13805621137057 17.90214191316454, -67.93387251924179 17.801364960847238, -67.75742369968087 17.895455937609153, -67.78483956327055 18.08985133035213, -67.98853897608588 18.19047018785887, -68.16530580755067 18.09685077517629, -68.13805621137057 17.90214191316454)), ((-62.77867207483101 17.616787043173993, -62.950768802233355 17.465980509536415, -62.92013042292572 17.265690560069572, -62.717118045102154 17.21594956850266, -62.54446123312039 17.367041342544074, -62.575376785472855 17.567587739571938, -62.77867207483101 17.616787043173993)))",Caribbean White-lipped Frog
147,22980,22923,Leptodactylus rhodonotus,species,20978,Amphibia,2.32,"MULTIPOLYGON (((-69.73367504265676 -13.980271658096218, -69.504239414524 -14.074742622461615, -69.47465286670362 -14.321323910703734, -69.24539691747088 -14.415032425446391, -69.0463073364458 -14.26241573072193, -68.81782419134687 -14.355612140320513, -68.78784821389232 -14.601158452407317, -68.98657304112352 -14.753981031513405, -68.95664692902723 -14.999415334185528, -68.72777834515638 -15.091551790527824, -68.697684332265 -15.336381149430537, -68.46902338210077 -15.427708889774307, -68.43876274948617 -15.671912863868185, -68.21031869476556 -15.762417368398129, -68.17989274322633 -16.00597592197845, -67.95167481366384 -16.095643130649307, -67.9210848633912 -16.338536641136724, -67.69310225444704 -16.427352957930832, -67.49632025918874 -16.273586946875387, -67.26919626227695 -16.36185957624208, -67.07348336534 -16.208047416828737, -66.84723721345648 -16.295780853005365, -66.81608589712978 -16.53699695941968, -66.59011175204748 -16.623858235353516, -66.39591481369196 -16.469840559849025, -66.17085050401337 -16.556163553471066, -66.13935557578924 -16.796157879430993, -65.91458534969429 -16.881593262278724, -65.88293929303344 -17.12085977775364, -65.65847184271203 -17.205396272130223, -65.62667610819389 -17.44391768763584, -65.40252007387778 -17.527544486579497, -65.2108030598243 -17.373019860655283, -64.98761296155521 -17.45610474000562, -64.95549534451484 -17.69333578460166, -64.73263774040628 -17.775498354437243, -64.70037639418663 -18.01194982050807, -64.8911419187823 -18.166768705639335, -64.85890600571244 -18.402955507708374, -64.63573551210307 -18.483793088893098, -64.6033558730604 -18.719170072270597, -64.38053079817692 -18.7990594378266, -64.34800895653164 -19.033611546590087, -64.12553765210045 -19.11254423896247, -64.09287514457061 -19.346256870418518, -64.28284664076207 -19.501561331395393, -64.25020606454616 -19.734944891888333, -64.02743153287405 -19.812499791515325, -63.99465032787353 -20.045016234062107, -64.18480582006288 -20.20049463350519, -64.15204604957701 -20.43264716170298, -64.3428911890424 -20.58816533847134, -64.31015388103627 -20.819932757204924, -64.08640695641758 -20.895673994490682, -64.0535275314045 -21.126535124817742, -64.24455921349019 -21.28215562975951, -64.21170175020434 -21.512598120032415, -63.98764866851721 -21.5869204898308, -63.79712833061578 -21.43122076177219, -63.57412513980752 -21.50495990534047, -63.384820313162464 -21.349184939625076, -63.41799709511203 -21.119750660324648, -63.22938807395799 -20.963995977027583, -63.26258173312047 -20.734159626595787, -63.07466690508345 -20.578447595192035, -62.85408745432113 -20.652486252438038, -62.66739736585913 -20.49674664052016, -62.70075314033767 -20.267061247317013, -62.51475561163832 -20.111402235944876, -62.54812386276288 -19.88136427478701, -62.36281713123657 -19.72580799063713, -62.39619692138598 -19.495438322055524, -62.61474346335322 -19.420076277332292, -62.64799490432847 -19.188839581980424, -62.866945523497634 -19.11250420497906, -62.90006702727143 -18.88041361014454, -62.71438129639756 -18.72521470885094, -62.74751633898745 -18.492840314942125, -62.96619343329793 -18.41510809543465, -62.99919842836208 -18.181907218116358, -63.21826724241876 -18.103222390890934, -63.2511406255572 -17.869209302509972, -63.47059335884026 -17.789579675174764, -63.503333576378054 -17.55476909103732, -63.72316235974196 -17.474202927417487, -63.755767869138495 -17.238610004546512, -63.97596476639944 -17.15711602680288, -64.0084340366553 -16.92075636219929, -64.22899104621267 -16.83834375248775, -64.26132255827389 -16.60123338088467, -64.48223161476493 -16.517911782541624, -64.51442386192444 -16.280067173642006, -64.73567683791138 -16.19584669188181, -64.92538173625377 -16.349849620869207, -65.1476121734564 -16.265111288461743, -65.17949460558108 -16.025999815626065, -65.40204862540969 -15.940375934195677, -65.43378587064365 -15.70056624628051, -65.65665508592362 -15.614068137805436, -65.68824569124979 -15.373578195748639, -65.91142166050798 -15.286217644781406, -65.94286418756396 -15.045065828838386, -66.16633841690044 -14.956855080822775, -66.19763144235814 -14.71506018486782, -66.42139538734455 -14.626011943900448, -66.45253750328509 -14.383593169166886, -66.67658257088881 -14.293720595194955, -66.70757238517228 -14.050697543452035, -66.93188993570509 -13.960014248899922, -66.96272607233513 -13.716406915065413, -67.18730742142542 -13.62492696088387, -67.21798852090804 -13.380755725072898, -67.02428182325372 -13.228593438087243, -67.05500154878453 -12.984404935291922, -67.27923432109257 -12.891852479419075, -67.30979913399803 -12.647138284954961, -67.5342828394045 -12.553828262035301, -67.56469141105913 -12.308609652546142, -67.78941731941427 -12.214557571455844, -67.81966833838271 -11.968856172978283, -68.04462768193014 -11.874077964273786, -68.0747198543025 -11.62791574179302, -68.2999038297206 -11.532427750601965, -68.32983587944142 -11.285826997075851, -68.55523564990168 -11.189645975406153, -68.58500631909224 -10.942629300267228, -68.81061301633375 -10.84577239873802, -68.84022106560761 -10.598362715884473, -69.0660257920261 -10.500847474884276, -69.09547000079748 -10.253067990172308, -69.32146383154796 -10.154912330451232, -69.350742998333 -9.906786528702552, -69.57691698344463 -9.808008741406704, -69.60602992615522 -9.559560372946505, -69.83237509265716 -9.460179109104446, -69.86132064888706 -9.211432175846381, -70.0878280029441 -9.111466435318862, -70.11660503024748 -8.862445176415065, -70.34326555930411 -8.761914296320613, -70.54169108321099 -8.910572418318115, -70.76903359474744 -8.80965238576797, -70.79741146954407 -8.559918507884849, -71.02488355172068 -8.458462078176472, -71.05308820185438 -8.208509149876276, -71.28068073825962 -8.106536548332553, -71.30871111173926 -7.856389594528937, -71.53641497725852 -7.753921339970935, -71.5642700436465 -7.503605556482485, -71.79207610665131 -7.400662447379325, -71.81975485728856 -7.150203184490081, -72.04765398182572 -7.046806284677948, -72.07515543004754 -6.796229030405045, -72.30313847802694 -6.692399654397197, -72.50412061124997 -6.839240540482019, -72.73267425616181 -6.735081416271446, -72.75974874364628 -6.484001005809405, -72.9883620419091 -6.379441642596994, -73.01525507180439 -6.128301695282293, -73.24391884213217 -6.023364067703621, -73.27062952817803 -5.772190508069202, -73.49933459740181 -5.666896786987508, -73.70180312813964 -5.8128272133162415, -73.93100945137473 -5.707238399910494, -74.13422839932484 -5.853247677728457, -74.36391177501783 -5.747365870989254, -74.38991472750462 -5.495446417651164, -74.6195992936102 -5.389253963807044, -74.64541404519264 -5.137368093289465, -74.87509060103018 -5.030887846541361, -74.90071640761704 -4.779061813263268, -75.13037577468015 -4.672316755737807, -75.3348465306434 -4.8173965485677845, -75.56491132192339 -4.710396620103186, -75.590072488658 -4.458331075964071, -75.38544494070224 -4.313590032458246, -75.4106907228521 -4.0619623948113555, -75.64028827618583 -3.9547570862478945, -75.66534302803217 -3.703267939950498, -75.89489601134525 -3.595867358999005, -75.91975908705227 -3.3445428244443653, -75.71534657454377 -3.2009332421410623, -75.74029549948001 -2.9501067006772352, -75.96937985429612 -2.84258132000066, -75.99413767606478 -2.5919632324268984, -76.22316596686112 -2.484299930423748, -76.24773207525934 -2.2339160794488393, -76.47669532932974 -2.1261381505069665, -76.50106913877259 -1.8760141929737717, -76.72995841838699 -1.768144927642758, -76.75413936794705 -1.5183063769044605, -76.98294577232957 -1.4103690441803256, -77.0069333257665 -1.1608412526969372, -77.23564799304881 -1.052859082395501, -77.25944163882896 -0.8036672245802046, -77.05480603077426 -0.6627280406367253, -77.07869131129495 -0.4141604699728171, -77.30692715339092 -0.3062675016540184, -77.33061915092408 -0.058077290418739, -77.1263600497256 0.081952526206855, -77.15014363577131 0.3294805490572494, -76.9463554001826 0.4689550165235676, -76.97022942102507 0.7157998175322842, -77.19760956084954 0.8234367245072045, -77.40149287416479 0.6843504227496076, -77.37790194734575 0.4372402672339354, -77.58225059714334 0.2975925695657111, -77.55875235960492 0.0498042588509923, -77.76356416673148 -0.0903847815671853, -77.74015977199981 -0.3388300450611227, -77.51165499928366 -0.4468324451745525, -77.48805574797744 -0.6956633898301829, -77.6932501628833 -0.8367428195276974, -77.92212310790718 -0.7286205485645607, -78.12785447326753 -0.8698304373160402, -78.10464123923927 -1.119524334769975, -78.31082889517923 -1.2612129143384165, -78.28771298598053 -1.5114976865070302, -78.0581141072264 -1.6198567621501967, -78.03480007901221 -1.8704771124554052, -78.24138059390962 -2.0129721201484068, -78.21816398026434 -2.2641433736476846, -78.42520180678076 -2.4070663222599467, -78.40208378351034 -2.6587650754066403, -78.60957646695196 -2.802093389032649, -78.58655821308015 -3.0542958846405233, -78.79450324197549 -3.198006636074441, -78.77158593960358 -3.450688776719531, -78.97998074540025 -3.594758700756372, -78.95716557956382 -3.8478960627401553, -78.72565048623204 -3.9567490933665956, -78.70263220200037 -4.210107890082473, -78.91143452147685 -4.354823968671731, -78.88851849549474 -4.608594958215025, -79.09777141651747 -4.753614976531923, -79.07495884543727 -5.007772967821275, -79.28465968359671 -5.15307261783186, -79.261951766795 -5.407592148929144, -79.02923250274699 -5.516609738627486, -79.00631859598374 -5.771268538513886, -79.21643487045935 -5.917107568624438, -79.19362575529146 -6.172083342856876, -78.960388972561 -6.2810167322889585, -78.75031114560815 -6.134896136785321, -78.51726369327913 -6.24356726395635, -78.30769681003734 -6.097398839097918, -78.33112305517037 -5.8428473214516945, -78.12202249143002 -5.696934650568132, -77.88956285912973 -5.8052827586523925, -77.68100530140431 -5.6593505668437025, -77.4488005386563 -5.767439522726833, -77.42477258455575 -6.021507080489503, -77.19245720504244 -6.129371545738038, -77.16822868535728 -6.3835006437441715, -77.37661175659433 -6.5300237411674145, -77.35247874697265 -6.784452718532764, -77.56134856946791 -6.931232203455139, -77.53731229816368 -7.1859351267086815, -77.30410719593412 -7.293601449831931, -77.27986851786625 -7.548300925296482, -77.04655714845502 -7.65567329002881, -77.02211657587522 -7.910342383598776, -76.7887082975065 -8.017397201045393, -76.76406636943894 -8.272009021751941, -76.53057058488983 -8.378722849759658, -76.50572786712198 -8.633250568786162, -76.71467504491818 -8.781339780576102, -76.68992551052614 -9.036038320985325, -76.45593431951596 -9.14236708081674, -76.43098335159273 -9.396935489296242, -76.19691653236664 -9.50286586653032, -75.9882261927715 -9.354258570521338, -75.75452471981764 -9.459810512024937, -75.72908329493629 -9.713925856892644, -75.4953323294983 -9.819044862290985, -75.46969264512715 -10.072969786782053, -75.67809047088916 -10.222080196422883, -75.65253893340281 -10.476098916875348, -75.41830270498005 -10.580697813430147, -75.39255231087341 -10.83448070140541, -75.15827888955114 -10.938591130648826, -75.13233035006972 -11.192112176390983, -74.89802942776144 -11.295712260519473, -74.87188348081368 -11.548945655495348, -74.63756477807401 -11.652013805552805, -74.61122218813914 -11.904933959377763, -74.37689545182765 -12.007448890227716, -74.35035700985203 -12.260030447199796, -74.1160320107765 -12.361971192016329, -74.0892985340585 -12.614189047233582, -73.85498506459867 -12.715534971489678, -73.82805739666217 -12.967364286526607, -73.593765268376 -13.06809510146011, -73.3868949807482 -12.9171352935582, -73.1531335529506 -13.01738108205697, -72.94707377883809 -12.866301848567787, -72.7138684133716 -12.966063161971675, -72.50863927613132 -12.814878399734937, -72.53636412675638 -12.564156263462232, -72.3317215402941 -12.413106250376037, -72.09961652836799 -12.512552812346826, -72.07163602201324 -12.762879571795779, -71.83961709127244 -12.86167432109754, -71.81145273979274 -13.111565366691892, -71.57952953203493 -13.209689476959204, -71.37630571594879 -13.058110670225059, -71.14502762870774 -13.155744774673371, -71.11643491877116 -13.404757858680957, -70.88527779423342 -13.501694907406842, -70.68326218412538 -13.34982671133154, -70.452788887668 -13.446267534860496, -70.423779236246 -13.694357277710164, -70.1934517784187 -13.790075868986445, -69.99269590785802 -13.63793198463719, -69.76308996804889 -13.733149094476822, -69.73367504265676 -13.980271658096218), (-63.96893427402837 -18.723311887857513, -64.19074432246552 -18.643971821551876, -64.2232885860195 -18.40912633418783, -64.03418327420955 -18.25416061437919, -63.81303409379248 -18.333908847673452, -63.78033075217101 -18.56821434595918, -63.96893427402837 -18.723311887857513), (-76.87462540374516 -4.823506223418919, -77.08164392614721 -4.968795957107698, -77.31307459260799 -4.8608057522512285, -77.33709349930781 -4.6075781846617705, -77.12997454234241 -4.462608815971681, -76.89893608412721 -4.570547798215837, -76.87462540374516 -4.823506223418919), (-77.56841841229426 -4.499409064071563, -77.77610520921839 -4.644407849502809, -78.00769007402394 -4.5360119523550555, -78.03121235954897 -4.282690095116612, -77.82344815370396 -4.138009521576793, -77.5922380781731 -4.2463337879949, -77.56841841229426 -4.499409064071563), (-73.41409336301062 -12.665661690921882, -73.64789257141886 -12.564791244266535, -73.67489902234783 -12.312923089342764, -73.46837557333495 -12.162287697458352, -73.23507183372936 -12.263297174043464, -73.20779732818735 -12.514802095220956, -73.41409336301062 -12.665661690921882)), ((-74.23844467556013 -15.429566632970678, -74.47516381935978 -15.330224848680942, -74.50187853583395 -15.079485888433886, -74.73859467479389 -14.979458391072706, -74.76510912615218 -14.728215254078044, -75.00181219881581 -14.627521447127876, -75.02812558297154 -14.375797932640584, -75.26480555402637 -14.274457609165454, -75.29091709651219 -14.022277847915994, -75.52756395925881 -13.9203111786385, -75.55347291332974 -13.667699618909241, -75.79007669212828 -13.56512713970236, -76.00121788831814 -13.715267705890103, -75.97560419002014 -13.968163929845492, -75.73855285744082 -14.070636037237314, -75.71273452601343 -14.32310674311704, -75.47563288767972 -14.424962749269849, -75.44961062668857 -14.676983336405634, -75.212468696115 -14.778202804080202, -75.18624323722419 -15.029748984818198, -74.94907106096002 -15.130311848087869, -74.9226431638492 -15.38135966196513, -74.68545081902384 -15.481246238514233, -74.65882127129272 -15.731772065890452, -74.42161886313718 -15.830963068719864, -74.21153052356094 -15.67977796206456, -74.23844467556013 -15.429566632970678)), ((-69.83530486367336 -18.603631228559344, -70.06867844916636 -18.514573383494753, -70.27279088932572 -18.66796335079599, -70.24318624107804 -18.910538090450864, -70.00922961825744 -18.99931575370855, -69.97944460691932 -19.241120951655507, -70.18385573572131 -19.394548996307282, -70.15412974497606 -19.635969339264225, -69.91975306091355 -19.723559898852884, -69.88984639334319 -19.96417810053813, -70.09455595254568 -20.117600855828858, -70.06470801665219 -20.357796698238197, -70.27006502178263 -20.511073953990604, -70.2402770976664 -20.750824847991087, -70.0048897292737 -20.836910858516077, -69.97491924300948 -21.075814357915668, -69.73970144344344 -21.160952938989603, -69.70954966298551 -21.398992916182305, -69.47451152550082 -21.483173002323706, -69.27022872408219 -21.329617778911512, -69.30061577180062 -21.09197113757125, -69.53505181030145 -21.00748549248907, -69.56526044502542 -20.768973023727547, -69.3612669059446 -20.615347135892154, -69.39153112422295 -20.376384243748483, -69.6255550314696 -20.290646902043132, -69.65564111586177 -20.05084800813238, -69.45193719217667 -19.897193498093447, -69.48207917318626 -19.656980629103455, -69.71569119799587 -19.570016093458673, -69.74565532787304 -19.328998340567306, -69.54224135695618 -19.175357987217083, -69.57226169053014 -18.93396369574846, -69.80546209491335 -18.845798030035734, -69.83530486367336 -18.603631228559344)), ((-78.88319614568469 0.2014914666447293, -78.67729677666806 0.3416025251370545, -78.70001589227586 0.5894278156019305, -78.92833743157524 0.6973543672834507, -79.13427628004885 0.557612476114256, -79.11185500564707 0.3095761853774296, -79.31822679774368 0.1693297578414888, -79.29590701890174 -0.0793629208167536, -79.06691455071866 -0.1876051575620467, -78.86057635919373 -0.0469958748257103, -78.88319614568469 0.2014914666447293)), ((-80.0486009083922 -4.062839280763379, -80.02651270289154 -4.316780494524754, -80.2366960355668 -4.461466549489862, -80.21471677279922 -4.715799424557821, -79.9822375237844 -4.825275308791735, -79.77205802055879 -4.680297189117217, -79.79435306016914 -4.426136558808176, -79.58460621028006 -4.281429372062528, -79.60700799346051 -4.027667350503655, -79.39769665240783 -3.8832554565794517, -79.42020399288539 -3.629917198812516, -79.65171219260134 -3.520803513975833, -79.86103990017065 -3.664907739843563, -79.83884393314341 -3.9184320194766626, -80.0486009083922 -4.062839280763379)), ((-71.38430583281334 -16.834611511972255, -71.41305772775904 -16.588206843572884, -71.64726282340195 -16.49409065782758, -71.67582887798784 -16.24704997390232, -71.91013784517985 -16.152144264868273, -72.11641963117881 -16.30449909666251, -72.35135637632658 -16.209029997371285, -72.37947615689787 -15.960997360475135, -72.61449046217687 -15.86476273682012, -72.8219087777465 -16.016761514061056, -73.05750918961421 -15.919968935162807, -73.26576921113585 -16.071764390977684, -73.23818383172069 -16.320513033453544, -73.00206731599906 -16.417115634801377, -72.7940535957665 -16.265158595156937, -72.55851417514988 -16.36119339518951, -72.53046704257198 -16.608984870193552, -72.29499866569871 -16.704244757364098, -72.26676059739205 -16.95140903959043, -72.03137332149359 -17.045877326998983, -71.82476355000581 -16.8933988699569, -71.59001191921236 -16.98728688254781, -71.56132693348047 -17.233424884074058, -71.32668285526779 -17.326498241660243, -71.29781163708334 -17.571963000892396, -71.06328510305926 -17.664206244971552, -71.03422877821973 -17.908977618348057, -70.7998297728176 -18.00037575969526, -70.59505357295717 -17.847256568409847, -70.36136321615696 -17.938058580496104, -70.33187931033376 -18.18171544960488, -70.09834240108385 -18.271652237844567, -69.89486949999069 -18.11820431249236, -69.92459149860487 -17.87496041963291, -70.1575497080154 -17.78475066825535, -70.18709319481874 -17.540786726124637, -70.42021075038097 -17.449720299155228, -70.62435622651648 -17.602883045801168, -70.85819013831173 -17.511230008876776, -70.88731035681533 -17.266159345718734, -71.12127791721221 -17.173669958551883, -71.15021454153172 -16.927922103918267, -71.38430583281334 -16.834611511972255)), ((-79.92743072207023 -2.9057635369454244, -79.9053332282765 -3.15856384429616, -79.67401474180663 -3.267721155518445, -79.46511915460277 -3.1239439158467537, -79.48752710865367 -2.8713281643639252, -79.2790664371587 -2.7279015556505644, -79.3015786208942 -2.475776780728, -79.53224409400562 -2.3668861897360234, -79.74072498414417 -2.5099878927157873, -79.71852107142466 -2.7623037862926236, -79.92743072207023 -2.9057635369454244)), ((-78.75201226760277 -8.579977567589316, -78.72868687228578 -8.835727534660307, -78.4937263323906 -8.943825197433762, -78.47019231690386 -9.199502288089695, -78.2350797267293 -9.307274735470733, -78.02387616704603 -9.159349677407086, -78.04772018934227 -8.90389473376255, -78.28245877680385 -8.7961414905584, -78.30609573134117 -8.54060595659347, -78.54068967733393 -8.43253847307176, -78.75201226760277 -8.579977567589316)), ((-78.90858816170058 -1.9384586591357482, -78.93130528876839 -1.687387609614776, -79.16130212077402 -1.5787671341732, -79.36891716774679 -1.7210835262083835, -79.34650392046606 -1.972358412726616, -79.11617084392797 -2.0811143677731714, -78.90858816170058 -1.9384586591357482)), ((-79.12499492464855 -6.9377615182950425, -79.33597981439186 -7.084284761468914, -79.31317503523462 -7.339871279141904, -79.07907078246502 -7.448737576029238, -78.86812057746327 -7.301952072552062, -78.89123899077927 -7.046563785317025, -79.12499492464855 -6.9377615182950425)), ((-78.0845877120625 1.0075039663250398, -77.88008461163767 1.1463832674711851, -77.90328884234133 1.39258576055859, -78.13070721196767 1.5001455509572537, -78.33527525711263 1.3616522683338483, -78.31236091647037 1.115214465191219, -78.51737515766155 0.9761618241502165, -78.49455785829605 0.7290198559359885, -78.26643330940519 0.6211593574578789, -78.06147832746655 0.7605921191172366, -78.0845877120625 1.0075039663250398)), ((-77.12326372002177 -11.520588457615354, -76.9120064363695 -11.37145480304696, -76.93678279197144 -11.116780486244288, -77.1725134373248 -11.010986894223304, -77.19708399222463 -10.756078734987053, -77.4327101628746 -10.649842985618998, -77.64416451806927 -10.798541965984674, -77.61989980310834 -11.053694667342867, -77.38387381889473 -11.159905020853644, -77.3594015479072 -11.414831104582143, -77.12326372002177 -11.520588457615354)), ((-78.97664021080986 -1.1861583270570053, -78.99925813630671 -0.9360183549279105, -79.22875200654612 -0.8275651345038085, -79.43596008504055 -0.969106882839318, -79.41364518476756 -1.2194486126578743, -79.18381828802785 -1.3280481479421498, -78.97664021080986 -1.1861583270570053)), ((-79.44949571863525 -5.808002203704152, -79.47209777921049 -5.5531468493197345, -79.7049736839161 -5.4438937373934, -79.91557682815977 -5.589399717426268, -79.89329021284888 -5.844436455340923, -79.66008410368572 -5.953787116013482, -79.44949571863525 -5.808002203704152)))",Peru White-lipped Frog
148,22981,22923,Leptodactylus gracilis,species,20978,Amphibia,2.32,"MULTIPOLYGON (((-48.39319329109071 -24.140992421777415, -48.639018424293766 -24.051949862203728, -48.8423569210164 -24.18855687001205, -49.08769836821568 -24.098905584466298, -49.29077676939377 -24.234695342855428, -49.53560579234076 -24.144440877262625, -49.73839989130599 -24.279409331222144, -49.98268809222435 -24.188557536356896, -50.185173918742066 -24.322701014513953, -50.14368570275147 -24.547482454594753, -50.34616743666305 -24.68058119598211, -50.589810506256924 -24.58911381121147, -50.79195137288926 -24.721377495086184, -50.750783735346545 -24.94488897973225, -50.9529084212632 -25.07609270192603, -51.19585364840546 -24.98400610534958, -51.397605271780236 -25.114366001904628, -51.639905783633424 -25.021690767156127, -51.68055492119336 -24.798690917268242, -51.922295619140044 -24.705473600876072, -52.12327472203049 -24.835217978886778, -52.082890472932405 -25.057948349550568, -52.28382718962858 -25.186615193322258, -52.24351755401139 -25.40830548597268, -52.444408707075084 -25.53588775831852, -52.40417434647662 -25.75652975841125, -52.60501675887615 -25.883020878261213, -52.845693363064754 -25.789106635512027, -53.04607745140959 -25.914739673212825, -53.28601064915699 -25.82025039581876, -53.48591452955529 -25.945025105880024, -53.72507931276317 -25.84996917495945, -53.92448145984622 -25.97388565435542, -53.885152468478 -26.192609594265022, -54.08447739480377 -26.31541664469507, -54.322686406161324 -26.219750380707644, -54.361732572402786 -26.001330372439632, -54.59928748834784 -25.90516722888519, -54.79762308390673 -26.027368873098748, -54.75886269906616 -26.245476819089177, -54.957104709745295 -26.36656238355132, -55.19363734093605 -26.269799168395817, -55.39130728928606 -26.390025876013965, -55.626967253428305 -26.292728214555964, -55.82404527367436 -26.412097738129344, -56.05881030498554 -26.31427525262262, -56.25527694547844 -26.43278956649106, -56.48912532826671 -26.334452068642623, -56.684961559676296 -26.452113440469432, -56.64746015492452 -26.667836975901654, -56.84316851413607 -26.784369140250543, -57.07585769708871 -26.685455726184028, -57.27090955536906 -26.80113594438073, -57.23379847667013 -27.01544868160342, -57.428712079538656 -27.12999562032748, -57.391692094662446 -27.343242147586363, -57.58646456020904 -27.456653676514836, -57.54953617513485 -27.668829263444437, -57.744164630618755 -27.781103629287262, -57.97517683414611 -27.681488013928778, -58.16910890842591 -27.79291110201387, -58.13257876510252 -28.003661690437117, -58.32635676070916 -28.113945903338916, -58.28992024627476 -28.323619363699546, -58.48354134964394 -28.43276390807738, -58.71303568168295 -28.332526539466496, -58.74916325852776 -28.123207295106784, -58.97787413300486 -28.02254536117501, -59.17019434035673 -28.1311395217961, -59.13437733667712 -28.340098034173298, -59.326526752367556 -28.44755301076864, -59.55391106107362 -28.346349897276788, -59.74530047475625 -28.45296745837914, -59.70989243134795 -28.66048557561402, -59.89313993300527 -28.81577196327604, -60.11241907301205 -28.76359213004302, -60.14771357449095 -28.555648483673842, -60.367493315415174 -28.502412475607517, -60.55271209437433 -28.65759158415416, -60.51753685765698 -28.865955083612757, -60.70349060252299 -29.02090763164898, -60.92522998878424 -28.96754541122993, -61.11252897504821 -29.12230488136381, -61.335481425381914 -29.068333934663737, -61.524119606206014 -29.222882712087955, -61.74827286272466 -29.168291343027533, -61.93824358286116 -29.32261169414346, -61.90346963726864 -29.531473269460268, -62.094180724380905 -29.68549961728983, -62.32025217972263 -29.630711330396714, -62.5122890156874 -29.7844751110222, -62.73953242236101 -29.729035132675314, -62.93288683507029 -29.88251831508326, -63.161287578089414 -29.82641489562927, -63.3559507511589 -29.97959937252855, -63.58549351733417 -29.922820808081216, -63.61964911121987 -29.712447505063277, -63.424427302106835 -29.559220174103388, -63.458602157912196 -29.348086920222425, -63.68783316025794 -29.289810065204833, -63.88360635313029 -29.44307592497998, -64.11395371443456 -29.384117286544008, -64.31100701472964 -29.537063169866173, -64.27717283309408 -29.748929752755625, -64.47496373158216 -29.901501936391508, -64.44115443689519 -30.112591831718497, -64.63968442465087 -30.264770975313926, -64.87255433223822 -30.20589739143535, -65.07235120916941 -30.357704893023477, -65.30629482140913 -30.298110049715124, -65.50734643302327 -30.449527615189243, -65.47394049448138 -30.66050006764795, -65.67572962763896 -30.811472016438422, -65.91143068867844 -30.751507858949918, -65.94463839530367 -30.54020956131554, -66.18067212211949 -30.479138449787996, -66.21371301466117 -30.26669851352355, -66.45006933916098 -30.204520808338273, -66.654075534921 -30.355135956279828, -66.89143152445423 -30.29220136346103, -66.92409250704745 -30.07830374904154, -66.71961055379559 -29.927659881178705, -66.75231286509576 -29.71294965906127, -66.9892839419205 -29.648561420237165, -67.02181452588748 -29.4327233703313, -67.2590776444116 -29.36723199815499, -67.46448509665159 -29.51792250731085, -67.43217264798682 -29.73408177964363, -67.63829899685562 -29.884302372541804, -67.60603266571833 -30.09964645988773, -67.81287845090354 -30.249377655233836, -68.05243401083594 -30.183786611307852, -68.26043753063666 -30.333034431928482, -68.2284492980865 -30.547846893321466, -68.43716906306543 -30.696569209995857, -68.40523271555969 -30.910531645588048, -68.61466900883792 -31.05870959564463, -68.5827859143841 -31.27180921618005, -68.79293896103995 -31.41942422281756, -68.7611105009604 -31.63164862891629, -68.97198046697466 -31.778682408414646, -68.9402080358997 -31.99001959269636, -68.69732075517096 -32.05405827267588, -68.66535932420918 -32.2642382341705, -68.87652996246554 -32.41063915417531, -68.84462417324329 -32.61991653155468, -69.0565164543449 -32.76569944850777, -69.02466772140417 -32.97406331304915, -69.23728172336256 -33.119211047718274, -69.2054914747093 -33.32665086374567, -69.41882721300225 -33.47114655319239, -69.38709689008917 -33.67765217834937, -69.1417763386666 -33.73942709930383, -69.10985130057539 -33.9447595955946, -68.86475164195194 -34.005400112758856, -68.83263342035266 -34.20955721565308, -68.58776606880755 -34.26906337127421, -68.55545622192963 -34.47204318354687, -68.76826137224965 -34.61574699413261, -68.73600739550945 -34.817776506497836, -68.49070065519943 -34.875874952232365, -68.45825478622461 -35.07672398557152, -68.2131967689495 -35.13368764199653, -68.18056061136006 -35.333355235349856, -67.93576271086827 -35.38918534560298, -67.90293789397896 -35.58767087535124, -68.11515150785995 -35.730548220107046, -68.08237841344996 -35.928071396704375, -67.83715124775806 -35.98249847924007, -67.8041892711472 -36.17883855958397, -68.01669476740113 -36.320966157333416, -67.98378406673537 -36.51633598354803, -67.73812764209666 -36.569366857183134, -67.70502784187504 -36.76355352848011, -67.9178245368986 -36.90491668865863, -67.88477555817742 -37.09812625017744, -67.63868989996018 -37.149768595075706, -67.60545160998699 -37.34179587562531, -67.81853879860434 -37.48238103214525, -67.71843149300574 -37.6876058815189, -67.47139169510291 -37.73781543281661, -67.36999743480173 -37.94256340312223, -67.12273223923683 -37.9915829258492, -67.02004829473927 -38.195834119417945, -66.77257651616814 -38.2436558175667, -66.62956763519745 -38.08761324425183, -66.38368391452039 -38.13462984770617, -66.27904181998704 -38.3372910250858, -66.03299447045926 -38.38311061871721, -65.92707481721496 -38.58523316248757, -65.6808831281124 -38.62984913445579, -65.54237792952954 -38.47276943984639, -65.29782369476142 -38.51661510001115, -65.19002056676575 -38.71710322745228, -64.94536450486858 -38.759748042656256, -64.83629864503308 -38.95965799077551, -64.59156043289377 -39.001096514250506, -64.45763904440817 -38.84309034062687, -64.21458381289861 -38.88379482692603, -64.10371273439935 -39.08203063086137, -63.860617243583874 -39.12153347289124, -63.748500873623385 -39.3191539201601, -63.50538509916203 -39.35745081035544, -63.37611713295067 -39.19862919177189, -63.13472583855699 -39.23622958724039, -63.020885712764766 -39.43214081566116, -62.779515231106615 -39.468541677654095, -62.653693238791874 -39.30955455785121, -62.414064580010574 -39.34528689419257, -62.29856465374027 -39.539474782829096, -62.42312027806443 -39.69900090910873, -62.30683087172443 -39.89359533593911, -62.06556276163131 -39.92758794215071, -61.94229204989992 -39.7675364183186, -62.058996996594644 -39.57401500284171, -61.93661330635439 -39.4149109495714, -61.698802653125284 -39.44881064576434, -61.57856104623042 -39.29014194980404, -61.342502011536254 -39.32341818521695, -61.224372724279334 -39.16519762112835, -60.99005938869202 -39.19786713690527, -60.87401276458269 -39.04010697866507, -60.64143870206962 -39.07218619386588, -60.5233152528678 -39.261456731861394, -60.290894821043 -39.2923849358444, -60.17818319555465 -39.13462222491352, -59.94751168407706 -39.16498713689368, -59.83682175971728 -39.0077175673549, -59.607891207056525 -39.0375349497047, -59.499193329493764 -38.88076918790886, -59.271995358655275 -38.910054476351185, -59.08267305643517 -38.76395132446825, -58.856852456578906 -38.79259708874281, -58.66902205616458 -38.646090562500824, -58.44458870838662 -38.67411158577684, -58.25825345660985 -38.52721994805813, -58.03521650932127 -38.55463096497044, -57.85037901828798 -38.407372390069604, -57.61416831606775 -38.49904311690206, -57.415200654483414 -38.41592121829557, -57.45300837242311 -38.24093873010065, -57.253892938368836 -38.156748470495195, -57.29179581370994 -37.980681419979696, -57.092535679092336 -37.895417560943265, -57.13053316795923 -37.71826155313147, -56.93113141443604 -37.63191900797459, -56.96922296794733 -37.453669804878714, -56.769682686644884 -37.36624364548175, -56.807867750959915 -37.18689717294269, -56.60819204218885 -37.09838263671049, -56.64647005855515 -36.91793499136429, -56.44666203152427 -36.8283274883058, -56.48503243632567 -36.64677494467252, -56.2850952088541 -36.55607006460236, -56.32355743365987 -36.373409082294344, -56.5616483157643 -36.28164850948786, -56.599893857564695 -36.098075067133905, -56.8372354230211 -36.005614448071924, -57.03610301893087 -36.096735431825316, -57.27245482315527 -36.00359362948575, -57.310171764222986 -35.81932628823655, -57.1118488987742 -35.72798806276778, -56.87526379203523 -35.8211355114353, -56.67626031380101 -35.72890929295251, -56.714381295849705 -35.543317763311364, -56.95119610130689 -35.4501657294977, -56.98910011066468 -35.263675883723515, -57.225156922663956 -35.16985216985031, -57.26284352595033 -34.982471796217204, -57.49813549461122 -34.88799029131615, -57.535604296850934 -34.69972748752542, -57.33809283763739 -34.60571250277484, -57.10256397368781 -34.700193822459916, -57.06478401209725 -34.88868924382791, -56.82849566493584 -34.982514694422036, -56.62975991784276 -34.887844186399406, -56.392496581323456 -34.98100218301277, -56.35419204716047 -35.16882714828091, -56.11618889432981 -35.26130324378995, -55.916277735796484 -35.16595651163545, -55.954887618729344 -34.97791683446989, -55.75485791697943 -34.8814519808251, -55.51571117779116 -34.97324167172789, -55.476798544397795 -35.16149095619731, -55.23693867930986 -35.252575089980176, -55.03579805504546 -35.15541394187165, -54.795044921171865 -35.245786015098275, -54.59332087292276 -35.147709422700984, -54.632830650235405 -34.95905637466021, -54.431013077609464 -34.8598576887641, -54.18921649698794 -34.9495147283879, -53.986845529534634 -34.84939455564212, -54.026733453115085 -34.6594153182047, -53.82428079988732 -34.558169749299374, -53.58148966854063 -34.647103866392094, -53.37851431856939 -34.54493167092565, -53.418773536421895 -34.353625629465306, -53.215728504967615 -34.25032559521788, -53.256068919302606 -34.05788212514531, -53.05295749436726 -33.95345258931006, -53.093378439763754 -33.75987044073116, -52.89020391168633 -33.65431001796166, -52.930704719018635 -33.45958821684295, -52.727470380155694 -33.3528958075071, -52.48332053380847 -33.441128008874536, -52.27962149267782 -33.33350578231761, -52.32047957110049 -33.137449573121906, -52.11673293857825 -33.02869532727396, -52.15766788888543 -32.83149691601747, -51.9538769779972 -32.721610374670405, -51.99488810782282 -32.523269754681195, -51.791056231774235 -32.412250957077084, -51.83214284548558 -32.212768434343786, -51.628273317340756 -32.10061774344886, -51.66943471610858 -31.89999394501684, -51.46553084846903 -31.786712055773542, -51.22009362438314 -31.87425919613508, -51.01579351456829 -31.76005209505822, -51.0572948479703 -31.55809412217309, -50.8529727916156 -31.442759080358478, -50.606798063759754 -31.529584752133864, -50.402112901122905 -31.41332576976851, -50.443945911387914 -31.210039988788754, -50.23925128370536 -31.09265745364407, -50.2811534194893 -30.888232944720837, -50.07645265343103 -30.76972911829522, -50.11842318217728 -30.56416810237766, -49.91371960087511 -30.444545619406895, -49.95575778756407 -30.237850686522474, -49.75105471029417 -30.117112562737297, -49.79315981751881 -29.90928668002935, -49.588460559385425 -29.787436319790174, -49.63063184742683 -29.578482839443403, -49.425939719047335 -29.455524043235727, -49.468176445950434 -29.245446710273495, -49.263494753141856 -29.121383682048247, -49.01628141017687 -29.207601183261175, -48.81132558730371 -29.08264053597483, -48.85386984590096 -28.871261655938454, -48.64893699702256 -28.745206361182422, -48.691543308351186 -28.532712739864962, -48.486636727445045 -28.405568122371122, -48.52930433456095 -28.19196486614765, -48.324427308979466 -28.06373667828895, -48.36715545321067 -27.849029318728675, -48.162311263376864 -27.719723746892814, -48.20509918440095 -27.503918247571562, -48.00029110350579 -27.373541918281635, -48.04313803942753 -27.15664468135375, -48.29056095136684 -27.070300871448843, -48.33323480374017 -26.852495991922325, -48.58022379069888 -26.76545249765556, -48.62272301014548 -26.546753613924842, -48.41846846356884 -26.414912091555554, -48.46102827843103 -26.19514066859405, -48.25680447481108 -26.062244935911536, -48.29942413280651 -25.841408881484078, -48.09523431895883 -25.707467221799174, -48.13791306620726 -25.48557490672058, -47.933760481681276 -25.350596070482453, -47.68668376156032 -25.437709138798894, -47.48233336199604 -25.301899153351975, -47.52529677304159 -25.078780565894306, -47.32099599252757 -24.94195065017276, -47.36401502831629 -24.71779585151973, -47.15976708250179 -24.579956019960235, -46.9122824898308 -24.66646413904224, -46.70788014932245 -24.52781490899763, -46.75117161303024 -24.302468824090617, -46.54683446588314 -24.162829142285283, -46.29901027816709 -24.248723679658532, -46.09455315306451 -24.108289658541562, -45.846412574390996 -24.19354186721114, -45.802700914260896 -24.419188168520332, -45.55423380223769 -24.503748998848348, -45.34952032665558 -24.36270784445072, -45.39343442802016 -24.136926461346558, -45.18881360603265 -23.99492360824843, -44.94013204961979 -24.07888127376619, -44.73546769432289 -23.93610471541741, -44.77962289508122 -23.70919607647396, -44.575063434946856 -23.56548056907282, -44.326224641965865 -23.648847951038405, -44.1216563688358 -23.504377204219168, -44.1660423491914 -23.27636974985298, -44.41481025638157 -23.192939997182744, -44.459050844541196 -22.964062555457193, -44.70755328911264 -22.879940579028364, -44.9118774093819 -23.024753123242128, -45.16015826852731 -22.940004729889377, -45.36444060292379 -23.084067853519638, -45.61246913986585 -22.998695698119075, -45.816684240537086 -23.142001618316026, -45.7730322522512 -23.37050124097283, -45.97733117843006 -23.51286228442524, -46.22510693370435 -23.426902680916488, -46.26855237613961 -23.198550010894078, -46.51598470848052 -23.111939634641242, -46.71998934331393 -23.253709344820834, -46.67675547124921 -23.481904645922473, -46.880825710518934 -23.622709324434606, -47.127922424484325 -23.53550422807266, -47.33184054400667 -23.67552105873902, -47.57855271000324 -23.58769923882863, -47.78229371131113 -23.726922299101094, -48.02859164087852 -23.638488205061204, -48.23213068728995 -23.776911962743924, -48.189619125533 -24.003572605926937, -48.39319329109071 -24.140992421777415)), ((-41.08290198631963 -22.350804508507238, -41.12835133271082 -22.120482192785204, -41.37739115605501 -22.04067656812298, -41.5811249104934 -22.191309095348366, -41.83017167032071 -22.11087654947399, -42.034051206401784 -22.260837811885935, -41.988907093692035 -22.49107768954053, -42.1929453464586 -22.640202022469527, -42.14783200189231 -22.8694964061884, -42.35202606167047 -23.01776830133169, -42.601290623727834 -22.936902114492575, -42.646240576860805 -22.707669678453577, -42.89531965525353 -22.626073156530065, -43.09955547145995 -22.77379791636422, -43.34853702394628 -22.69156774156599, -43.552833282486546 -22.83857802390443, -43.80168617350736 -22.75571549582281, -44.006017290018065 -22.902001999289652, -43.96159112646788 -23.130984207871172, -43.712652346989245 -23.213775373961756, -43.5082269856706 -23.06765434338128, -43.2591484279489 -23.149805157211354, -43.0547745554845 -23.002957655373294, -42.805587386915164 -23.084466694867544, -42.76067117557932 -23.312735931835594, -42.51129122390043 -23.3935080758389, -42.30694428460288 -23.246103655351355, -42.057507150615294 -23.326223991217603, -41.85327964173908 -23.178109861553665, -41.898521290210994 -22.949719005453943, -41.69445548244886 -22.80074992549786, -41.739726513255675 -22.571404365981973, -41.535825296467664 -22.4215956641364, -41.28664075290044 -22.501286825570098, -41.08290198631963 -22.350804508507238)), ((-67.08674575562569 -28.99913086480816, -66.85015978786403 -29.064970504650564, -66.81758741708695 -29.281601499704564, -66.58129878040187 -29.346341297448575, -66.37826701851615 -29.194806130639005, -66.4110481733811 -28.978512409724445, -66.20874023198407 -28.82656122339432, -65.97413538857917 -28.8909255950859, -65.94115176386642 -29.106874335173885, -65.70687438221822 -29.170142156119162, -65.50627558807828 -29.01783473046214, -65.53945538595117 -28.802238556557384, -65.33958465678022 -28.64954916427199, -65.37279614216772 -28.43319960189345, -65.17365230700184 -28.280148348488805, -65.20689429191812 -28.063060366532042, -65.43909130815348 -27.99865328598193, -65.47217510832202 -27.780464276090836, -65.7047137431184 -27.71497090880833, -65.73763771168677 -27.495687154439622, -65.53821544163742 -27.342274610960082, -65.5711720941142 -27.12228225984444, -65.372468611493 -26.968556070891267, -65.40545676701666 -26.747871365033294, -65.20747093197946 -26.59385257720514, -65.24048942307446 -26.372492085705534, -65.47130684054437 -26.30475296764092, -65.66978870994218 -26.458766928783472, -65.63695866872472 -26.68052398480776, -65.83615529891644 -26.834249423628474, -65.80335842926995 -27.05532211354904, -66.00327088058876 -27.208737799869766, -65.97050837304458 -27.42910958173737, -66.17113766174967 -27.582194460033378, -66.13841072017678 -27.8018491249099, -66.33975781748754 -27.954582325305985, -66.30706765913611 -28.173504004011793, -66.50913349025687 -28.32586485297562, -66.74436353335616 -28.259312609644983, -66.9476180585677 -28.411293490556687, -66.91517504374323 -28.629812745644223, -67.11914653270333 -28.78138363869383, -67.08674575562569 -28.99913086480816)), ((18.259956202847377 -34.22826408002008, 18.423695112793524 -34.41748643270461, 18.70515829635241 -34.41114938087847, 18.822238796325763 -34.21536496425758, 18.657915465056305 -34.02604896279105, 18.774778201264525 -33.82921445265818, 18.610875208332203 -33.639077261208485, 18.33068948756295 -33.645869924844256, 18.213773043521428 -33.842569178954996, 18.37709227376999 -34.03261150512455, 18.259956202847377 -34.22826408002008)), ((-40.8123796975072 -21.353706817899194, -41.06111921530683 -21.2736666097369, -41.26450950578294 -21.42589754019108, -41.21915511635967 -21.658023083976502, -40.970263641915096 -21.737945066935612, -40.76687995945477 -21.585858365582297, -40.8123796975072 -21.353706817899194)))",Dumeril's Striped Frog
149,22983,22923,Leptodactylus labyrinthicus,species,20978,Amphibia,2.32,"MULTIPOLYGON (((-56.7802658180652 -23.347615549789428, -56.5482209901096 -23.447054167582422, -56.51081297460027 -23.67093848926894, -56.27805408167788 -23.77003744912579, -56.082496012841176 -23.645147122595127, -55.84882747460847 -23.743788958315584, -55.81092007073288 -23.967417493364735, -55.57655680431739 -24.06568612230198, -55.53844435104642 -24.28866622665663, -55.303393669895286 -24.386541555800708, -55.26507676007829 -24.60885529722553, -55.02934615478742 -24.706317407962988, -54.8317507624613 -24.581385272713852, -54.59517121119555 -24.678341396483624, -54.397023682996604 -24.552568016368543, -54.15961824235532 -24.64900923194146, -53.960939006870035 -24.52239435705937, -53.722731251320795 -24.618311951648614, -53.52354112031213 -24.490855659280445, -53.28455513148188 -24.58624113788377, -53.084875289408146 -24.457943839305454, -52.845135644594464 -24.552788933879185, -52.64498763751743 -24.423651380894956, -52.6849849822202 -24.19943127645805, -52.484783803494864 -24.069220234742374, -52.24419130683037 -24.163464681228955, -52.203925121318406 -24.38797135051486, -51.96275381703984 -24.481711825443803, -51.76173550549987 -24.350897412025727, -51.51988712472735 -24.44407414931437, -51.31846733612235 -24.312423840802538, -51.07596830863636 -24.405029567872276, -50.87416991267807 -24.27254553724577, -50.91522084071917 -24.047234720809655, -50.71340385988674 -23.913701276173477, -50.470198098648666 -24.005698018089582, -50.26803450124726 -23.871340187851786, -50.02424280881161 -23.962757887992467, -49.98268809222435 -24.188557536356896, -49.73839989130599 -24.279409331222144, -49.53560579234076 -24.144440877262625, -49.29077676939377 -24.234695342855428, -49.08769836821568 -24.098905584466298, -48.8423569210164 -24.18855687001205, -48.80013898845499 -24.414003572140153, -49.00350033030941 -24.54958809208452, -48.96134417834401 -24.774011048472968, -48.71558921549439 -24.863054803802427, -48.67325736482826 -25.086649896959205, -48.427055906776246 -25.175061490727327, -48.22315736872753 -25.039882503399483, -48.26572292984531 -24.816091247162188, -48.06185894930749 -24.679885972367703, -48.104483259321 -24.45506449674958, -47.90065705917496 -24.31784279272531, -47.653963136790196 -24.405640478997906, -47.44994160045178 -24.267607349937553, -47.20284097781135 -24.35477496034053, -46.99864907334248 -24.215935707389942, -47.041777061864906 -23.98973881943207, -46.83764439610064 -23.849911122404563, -46.59017802943862 -23.936469616198263, -46.38590926036497 -23.795850778248262, -46.13810731730885 -23.881777583709503, -45.933727712481726 -23.740374002186947, -45.68562055382401 -23.825665513236952, -45.48115549481378 -23.683483978004382, -45.52496244468986 -23.455832736074285, -45.32058718414464 -23.31270395637899, -45.07225389408896 -23.397404214520474, -44.86782776276573 -23.253515181784486, -44.9118774093819 -23.024753123242128, -44.70755328911264 -22.879940579028364, -44.459050844541196 -22.964062555457193, -44.25471044899163 -22.818508757485745, -44.006017290018065 -22.902001999289652, -43.80168617350736 -22.75571549582281, -43.552833282486546 -22.83857802390443, -43.34853702394628 -22.69156774156599, -43.09955547145995 -22.77379791636422, -42.89531965525353 -22.626073156530065, -42.646240576860805 -22.707669678453577, -42.44209077357317 -22.559240113109613, -42.1929453464586 -22.640202022469527, -41.988907093692035 -22.49107768954053, -42.034051206401784 -22.260837811885935, -41.83017167032071 -22.11087654947399, -41.8753457531692 -21.879705205260755, -42.124241749450846 -21.798546890556008, -42.328088812823324 -21.948660306011135, -42.57694044553716 -21.866884260322557, -42.621824287874574 -21.634904153676487, -42.418020452244065 -21.484639035427723, -42.46293701189552 -21.251747536605578, -42.25928305091105 -21.10066768084832, -42.01067376254579 -21.182629194764054, -41.80714108267037 -21.030896557851275, -41.558509270763096 -21.11225774158928, -41.35512316168197 -20.959883415138993, -41.40038238147457 -20.726006736767477, -41.197166445731284 -20.572862171351286, -40.948691461454985 -20.65373561719488, -40.74565589406046 -20.49997500660151, -40.79108649443023 -20.265205925128733, -40.58823246263424 -20.110707376064838, -40.633686886671285 -19.87508969619496, -40.88185437465887 -19.793985753693175, -41.084721529490224 -19.948616896056308, -41.33292974635194 -19.866939749690605, -41.378120974732354 -19.630524491522557, -41.17525141897639 -19.475762091047606, -41.22046924516158 -19.23852163202627, -41.46840848534433 -19.15607173035127, -41.67126974557132 -19.310964010841236, -41.91920969048033 -19.227959434225525, -41.96415283567802 -18.98997160126976, -41.76131053848246 -18.83495086355091, -41.51350472210268 -18.91804774226312, -41.31081054265209 -18.76244839678416, -41.063016158918884 -18.844999980834203, -40.860495049511286 -18.688834239508264, -40.90576371442137 -18.44999706842716, -41.153409673124486 -18.367342544247958, -41.19855950196177 -18.12774717556867, -40.99620787863205 -17.970792627761735, -41.04138332929381 -17.73043981919483, -41.28876518553426 -17.647059282025733, -41.33382099380472 -17.4059815203796, -41.13164084754325 -17.248269941290616, -40.8844074359954 -17.331747165593924, -40.682409436887724 -17.1735187821849, -40.727633791560834 -16.931709846886864, -40.52581670772736 -16.77287607331737, -40.27879971882001 -16.855954176776194, -40.07719775458739 -16.696632890251, -40.12257985454022 -16.45413845354811, -40.36943088959154 -16.37095170537728, -40.57106434829916 -16.530369328910414, -40.817990306348776 -16.4466957554199, -40.86312241688677 -16.203506262145297, -40.66146803223759 -16.043994737704804, -40.70662402500989 -15.800142843488189, -40.50515034665415 -15.640074995180182, -40.55032944882129 -15.395582147908948, -40.34903917121528 -15.234980420030295, -40.39424061188555 -14.989868468070766, -40.19313641019954 -14.828755656131998, -40.23835942049129 -14.583046837219653, -40.037443950460016 -14.421446075147417, -40.08268776356337 -14.175163004674845, -40.32871540775531 -14.090453866382518, -40.37384833224948 -13.843587023416745, -40.17308595690051 -13.681460578818724, -39.92722751257779 -13.766263410171764, -39.726697394593174 -13.60375743596366, -39.77198052148043 -13.356395157086505, -40.0176663843873 -13.271498102573492, -40.06284135053272 -13.023584939460903, -40.3084592651785 -12.938198538263622, -40.509066518175786 -13.10081067053288, -40.75476271685443 -13.015029336981044, -40.79969142454735 -12.766563165374228, -40.59906123032931 -12.603902864879492, -40.64401328717764 -12.354959182836202, -40.44356316599678 -12.191902416970812, -40.48853781081738 -11.942505604418324, -40.288270411603094 -11.779077101481555, -40.33326688514856 -11.529251837568053, -40.57839696486212 -11.442820828214636, -40.623281423916154 -11.192551773704466, -40.42317028571708 -11.02875283078947, -40.46807716159299 -10.778098191288905, -40.268148517281816 -10.613984981926583, -40.31307705456379 -10.362970179865387, -40.113333519228036 -10.198568234491612, -40.15828296449172 -9.947218933568928, -40.40284494034381 -9.860222474998475, -40.60261818850128 -10.024629643147916, -40.84725155239889 -9.9373237687455, -40.891954974838114 -9.685569750837365, -41.13648521399415 -9.597923276268421, -41.181072889271434 -9.345838314364023, -40.98127102552672 -9.181432152665904, -41.025883606850186 -8.929068514463543, -40.82625307857856 -8.764422211947757, -40.87088981456196 -8.511806241760572, -41.1150177654813 -8.423801758706517, -41.314652723506185 -8.588434046590336, -41.55880480086461 -8.500164327627267, -41.75859434217483 -8.664554137965844, -42.002741232543656 -8.576019622865655, -42.202661448425516 -8.740152631770117, -42.446773813008264 -8.651353903048301, -42.49084688422724 -8.398436710940018, -42.734787992078395 -8.309398658558163, -42.77873378627683 -8.056263389873399, -43.02249155366667 -7.96700892625892, -43.06630810532138 -7.7136823515462005, -43.309870515734076 -7.624234499665904, -43.35355588558974 -7.370743504049037, -43.5969109930962 -7.281125378882079, -43.640463268638484 -7.027496942830137, -43.88359920121425 -6.937731732696453, -43.927016497126715 -6.683992912636616, -43.7274700914339 -6.519977024760497, -43.77092461158901 -6.266106253276252, -44.013752738488165 -6.176298891468124, -44.21320191851714 -6.340281769223576, -44.45586419702141 -6.250292153497006, -44.499005988701384 -5.9964139409013475, -44.74141395193942 -5.90634705705843, -44.94073859071028 -6.07005574395783, -45.18293364415632 -5.979819696401192, -45.38221713267595 -6.14327738809773, -45.62417074781996 -6.052873511991721, -45.66679706989464 -5.799138830111348, -45.90844859570694 -5.7087047899731544, -46.10750488430429 -5.871870337462856, -46.34886868851885 -5.781281844221345, -46.39114945558504 -5.527676455273099, -46.19226509177312 -5.364542348010511, -46.23459366024824 -5.110861138359623, -46.035780808900256 -4.947511110480579, -46.078156462677356 -4.69378112428586, -46.31914770484954 -4.603516092363284, -46.51778469906239 -4.766822492063912, -46.75846307748009 -4.676437134143765, -46.95697539296373 -4.839496791205829, -47.19731316232486 -4.748992571396889, -47.39567766904659 -4.9117922216484855, -47.6356472946801 -4.821170689985933, -47.67725578656763 -4.56794202705141, -47.916844583167546 -4.477406349457022, -48.11480919231144 -4.639898883925603, -48.07341517043062 -4.892960023466772, -47.833840994089684 -4.983697230328002, -47.792286189357014 -5.236874353997126, -47.55232467579199 -5.327686329952142, -47.51061054761533 -5.5809527135770445, -47.27027226350606 -5.671816528773306, -47.22840030377699 -5.925145351769572, -47.42707665196906 -6.087451111634092, -47.66740971840278 -5.99640903521811, -47.865913044859525 -6.158402297069491, -48.10584738506097 -6.067212629010175, -48.304154737784074 -6.228880751451975, -48.26276515590473 -6.481742500358354, -48.461104466485494 -6.6430734592338405, -48.419771341717365 -6.8957768524072005, -48.618139635894494 -7.056745450920073, -48.857585975699294 -6.965017539510664, -49.055718753501 -7.125615009847488, -49.29469211663849 -7.033724199167524, -49.33557465166663 -6.781442231177198, -49.574101534262155 -6.689605773929641, -49.61481429446144 -6.4373765731467785, -49.852884776830365 -6.345617317456454, -49.89342649424475 -6.093467393596889, -50.13103079148874 -6.001808053369427, -50.171400232277705 -5.749763816832994, -50.40852869598257 -5.6582269544425134, -50.60521502810701 -5.818487868670867, -50.84178024675083 -5.7268377093766425, -51.03813160740606 -5.886722725348805, -51.27410844895587 -5.794961662540061, -51.47010348492799 -5.954459445481116, -51.43045896756681 -6.205702055006085, -51.62642602074203 -6.364781472551729, -51.86168901913743 -6.272637428288537, -52.05727066309123 -6.431302933025515, -52.01794464487543 -6.682083074596408, -52.21348738186944 -6.840290771001314, -52.44798971568689 -6.747750748511373, -52.48706217589137 -6.4972852567281985, -52.72100733257312 -6.404914855292968, -52.91575622996888 -6.5627208759670985, -52.87694054101456 -6.812858504341793, -53.07163478199837 -6.970176737838662, -53.30475339559749 -6.877399276612417, -53.34330921364955 -6.627602563721319, -53.5758426601556 -6.535017449968403, -53.769678255330575 -6.691923435487315, -53.73138529331641 -6.941366347586987, -53.92515080698641 -7.097755578717067, -54.156794008763626 -7.004753348388901, -54.35006587867014 -7.1606639000014285, -54.31211594916019 -7.409515289462449, -54.5053073202555 -7.5648726372591915, -54.73601707585961 -7.471443353062765, -54.773697253482126 -7.222977030948825, -55.003776916023725 -7.129763411459229, -55.19600463610794 -7.284689568059613, -55.15859680927372 -7.532758565069835, -55.35072920488898 -7.6871046791772235, -55.579815563712856 -7.59345606031967, -55.77139089923486 -7.747283993444642, -55.99963459639912 -7.653531327417533, -56.19063497900791 -7.806833066822376, -56.41801602268811 -7.712980206856826, -56.454592376159866 -7.466174838326957, -56.681295593651924 -7.372581230667044, -56.871217609909536 -7.525437963890437, -57.09702760717565 -7.4317587220742025, -57.286330084547174 -7.584078712043018, -57.25031889099267 -7.82998390978377, -57.02472113762454 -7.924025296792258, -56.98851119239106 -8.170102931212147, -57.17818312406415 -8.32167866726864, -57.14205848892823 -8.5674495619758, -56.9159777291772 -8.662100093134162, -56.87965415063765 -8.908000933232833, -57.069695561324664 -9.0587918044183, -57.29556253154996 -8.963795607869633, -57.484973740623715 -9.114010430596267, -57.70991607882533 -9.018902752691703, -57.745668315088466 -8.773932612848451, -57.96989721421717 -8.67907614877314, -58.15814424410351 -8.828832118230036, -58.38142048445829 -8.733879416843028, -58.56899581979519 -8.883051622773774, -58.53382202829974 -9.127048108683105, -58.72124590965652 -9.275498106812321, -58.943308423920456 -9.18008400520013, -59.13003897612492 -9.327934422679958, -59.09524672232203 -9.57105774816301, -59.2818169847998 -9.718157926974767, -59.247115082507094 -9.960888650890142, -59.43352256623834 -10.107221011025086, -59.65408080933656 -10.010976042510176, -59.68848805583238 -9.76876598094723, -59.90828681735053 -9.672795084492849, -60.09341436557298 -9.818662222890861, -60.05930300952011 -10.060341978718686, -60.244255655592156 -10.205423368977069, -60.462752588588444 -10.108987425896647, -60.64695712776421 -10.25343711695049, -60.86440140908692 -10.15691366150388, -61.04784461379475 -10.300727861635723, -61.26422229200605 -10.20412226627738, -61.44689135939595 -10.347297442730447, -61.662189017150155 -10.250615116236316, -61.84407156961228 -10.393147991476654, -61.81124882298273 -10.632179526023824, -61.99293163180997 -10.773879140222741, -62.20683862234756 -10.676735189584859, -62.38771770204917 -10.8177824759289, -62.59997540365629 -10.728369625667984, -62.78044453575265 -10.877310908250207, -62.993719747959716 -10.787482335831658, -63.02588871361766 -10.548362776811524, -63.23953557528988 -10.457772680903284, -63.421645734191884 -10.606644751292267, -63.63628748259447 -10.515639808022826, -63.81953100792492 -10.6647193995977, -64.03515449561469 -10.573296817173846, -64.21952306504987 -10.72257289833155, -64.18779250286651 -10.963555749538987, -63.97154084515654 -11.054649613392877, -63.93967800906967 -11.29515663523408, -64.12421908544586 -11.44517717916698, -64.09237613688981 -11.685798478917098, -63.875840084844526 -11.775788885156786, -63.84386490452573 -12.015896976191886, -64.02857752665821 -12.166619252773692, -64.24574584246211 -12.076971436795263, -64.43158969901872 -12.227850527347067, -64.39978935360438 -12.468631604882889, -64.18198842635192 -12.55793489816304, -63.99662177156003 -12.406801616682662, -63.77980187691239 -12.495654467829585, -63.74771393734892 -12.735286914817122, -63.93259712771763 -12.88666776426449, -63.90052814545216 -13.126334638116, -64.08606866159151 -13.278097488840928, -64.05401957966872 -13.517775833071289, -64.24021876148761 -13.669899245243252, -64.20819053408235 -13.909566029163837, -64.39504969129777 -14.062028320358454, -64.36304328377375 -14.301660453637005, -64.55056369518124 -14.45443971154966, -64.51858008414834 -14.694014058913297, -64.70676299688384 -14.847088154391969, -64.674803170254 -15.086581550450255, -64.45449743870532 -15.172430095064469, -64.42239830554207 -15.411255439202764, -64.20243571772538 -15.49623216147161, -64.17019875752446 -15.7343717006587, -64.35808417128376 -15.888100315675453, -64.32586907130418 -16.12610382785666, -64.10560899971317 -16.209811778560486, -64.07325610441225 -16.447096520381717, -63.85335165228909 -16.529903332571326, -63.82086246712689 -16.766452608450297, -63.60132161370831 -16.848348462492584, -63.56869765615073 -17.084146006987666, -63.755767869138495 -17.238610004546512, -63.72316235974196 -17.474202927417487, -63.91090950850224 -17.628856729930863, -63.87832342295741 -17.86422271845306, -63.65783467860818 -17.944379716118814, -63.625112410213774 -18.17894877910269, -63.81303409379248 -18.333908847673452, -63.78033075217101 -18.56821434595918, -63.55955077602427 -18.647011748947428, -63.372139423436664 -18.49191926194493, -63.15240396461476 -18.570180698425364, -62.96619343329793 -18.41510809543465, -62.99919842836208 -18.181907218116358, -62.81367034599498 -18.027002609378453, -62.595662370196024 -18.105165600958518, -62.562514723805634 -18.337802265366065, -62.34490924691271 -18.415012062209296, -62.16112409233763 -18.260023067805857, -61.94460289563506 -18.3367172733245, -61.911193994093 -18.56795566287211, -61.69509316405792 -18.643689454565, -61.6615618500274 -18.87408798973292, -61.44588871965291 -18.94885498342022, -61.412236587701756 -19.17840065459121, -61.196998413532285 -19.252194904738666, -61.01131020368422 -19.125704539640942, -60.791253391874136 -19.22818924867405, -60.60477784045182 -19.100936786686788, -60.383633924225535 -19.203165675732663, -60.19638465698162 -19.075149862714472, -59.97416853644509 -19.177113943732984, -59.78615962718351 -19.048333763574387, -59.56288676742942 -19.150024109053465, -59.527892324797506 -19.380699713665134, -59.30384073802183 -19.48230910471233, -59.268636649897275 -19.71261386230006, -59.04381121787284 -19.81412116069007, -58.853932596153015 -19.685130021628613, -58.88943888208945 -19.454354903637988, -58.69939878268343 -19.324316533777186, -58.734997294668375 -19.092691940690646, -58.544798358305115 -18.96161504954438, -58.31845371201922 -19.062431348556302, -58.28255545580963 -19.294517639171836, -58.05546085994155 -19.395214568060084, -57.86402567044934 -19.263635389930684, -57.6359521827481 -19.364010716272006, -57.443844103449266 -19.23166138769866, -57.480336654242365 -18.998678170885093, -57.28809028728185 -18.865304668767855, -57.05883327001732 -18.965169524228042, -57.022046416458664 -19.19858762425168, -56.79207164901068 -19.29829420513639, -56.755079707845255 -19.53129089707938, -56.524393608832284 -19.63081759690937, -56.48719700345805 -19.863371331715193, -56.68097827302671 -19.99598118402577, -56.91145106590477 -19.89629114760841, -57.10459712270858 -20.02812232744659, -57.06778100682814 -20.259384161573617, -57.26079467238793 -20.390172881003288, -57.2240672204117 -20.62054779284335, -56.99403103357767 -20.720553385103898, -56.95709711185049 -20.95044796512657, -57.15049448848933 -21.079918618000143, -57.1136491432577 -21.308902008704532, -57.30691290508341 -21.43730924352689, -57.270156636694466 -21.665369811579605, -57.46328397227509 -21.792705900281593, -57.426617276640144 -22.01983247057098, -57.19652589332384 -22.120033731129777, -57.00287680003616 -21.99297076476959, -56.77183687066238 -22.092772080802483, -56.73466647264482 -22.319765035152727, -56.5029094357172 -22.419282503113006, -56.465532602826855 -22.645712136287823, -56.660207072827376 -22.772232533397958, -56.62291800782248 -22.997695842490092, -56.817466594195125 -23.12312840788301, -56.7802658180652 -23.347615549789428), (-41.066768320787965 -13.83446685554771, -41.111648039185546 -13.587027573205003, -40.91066572086587 -13.425233305963799, -40.66481411529422 -13.510941017856926, -40.61979427070912 -13.75836848550825, -40.82076475800975 -13.920101295950246, -40.775768438911705 -14.166986886764402, -40.97691652843681 -14.328244268117878, -41.22306857826932 -14.24268270957866, -41.267922652964955 -13.995792134685631, -41.066768320787965 -13.83446685554771), (-51.74327854142494 -7.025394305982039, -51.78278590124108 -6.774499857703512, -51.586849770266575 -6.615862894177359, -51.351058794892246 -6.708153551507489, -51.31130311206062 -6.959342399307411, -51.50758585954874 -7.117947070418478, -51.74327854142494 -7.025394305982039)), ((-67.93770029188609 -14.479725861908532, -68.13438490138405 -14.632608133859831, -68.104031686673 -14.877079771995582, -67.87678709818302 -14.968172013840828, -67.68049807072373 -14.81508554934923, -67.71105667384565 -14.571111517525143, -67.93770029188609 -14.479725861908532)), ((-68.6197355970641 -14.202960599579503, -68.39204609330194 -14.295647889587533, -68.19497364492743 -14.14297566925325, -68.2252092919701 -13.897832517630329, -68.45230778092645 -13.804870549943137, -68.64976027237448 -13.957326919745979, -68.6197355970641 -14.202960599579503)), ((-64.16421126331949 -17.311616975434017, -64.3854212000688 -17.229598582365202, -64.57483463309343 -17.384122050375016, -64.54254888385297 -17.620815720520845, -64.32068569406002 -17.702440074961398, -64.13176289335645 -17.547764533273163, -64.16421126331949 -17.311616975434017)), ((-66.5210481307798 -15.505309412797255, -66.74605394747415 -15.416917968076696, -66.94045441375309 -15.570408770136332, -66.90942141503939 -15.812478450494657, -66.68379521267445 -15.900540954936707, -66.65260682973077 -16.14193729240607, -66.42725717863743 -16.229136149320404, -66.39591481369196 -16.469840559849025, -66.17085050401337 -16.556163553471066, -65.97775918762133 -16.402127763116024, -66.00928707784018 -16.161944836468365, -66.23372215213243 -16.075275833111267, -66.26509898206594 -15.834398730020922, -66.48982378163117 -15.746862315612134, -66.5210481307798 -15.505309412797255)), ((-64.79704250095517 -17.301573332869328, -64.8291860183075 -17.064115012832296, -65.05173026471336 -16.980651684715188, -65.24277545227734 -17.135025439701195, -65.2108030598243 -17.373019860655283, -64.98761296155521 -17.45610474000562, -64.79704250095517 -17.301573332869328)))",Labyrinth Frog
150,22984,22923,Leptodactylus mystaceus,species,20978,Amphibia,2.32,"MULTIPOLYGON (((-55.36298093262445 -20.12554697492248, -55.12914293005943 -20.223868409303872, -55.0909654572373 -20.456245285450127, -55.286910547359284 -20.589919777079224, -55.248816368349964 -20.821399847514158, -55.444660660908795 -20.954039809570585, -55.67812444827439 -20.855447698155658, -55.87338493852903 -20.98729625953884, -55.835662330215555 -21.217483605881448, -56.03081142662043 -21.348282886406608, -55.99317445923327 -21.577547865033118, -56.188209249800224 -21.70728921828069, -56.150658461440486 -21.935620146354086, -56.34557604093999 -22.064295398512964, -56.30811196549786 -22.29168105754513, -56.075438340388246 -22.39077617132729, -56.037768947844754 -22.61758969021671, -55.80439708663235 -22.71636688745175, -55.7665228997825 -22.942588910615246, -55.96231134964927 -23.069659475018703, -55.924523084591584 -23.294904707835684, -55.69065558062111 -23.39344640661816, -55.652662390376264 -23.618071100100458, -55.41810560289218 -23.716246575534043, -55.37990806333899 -23.94023221355087, -55.144669389106994 -24.03802123569531, -54.9474445035071 -23.911734775850025, -54.71135273362563 -24.009035168816798, -54.672665327707335 -24.232703235555448, -54.4359127190084 -24.329583951124444, -54.23767882767845 -24.202717889103003, -54.000109806505236 -24.29908803460536, -53.80135235702542 -24.171384826738795, -53.56299064483312 -24.267235836723756, -53.363730551354166 -24.138695858049324, -53.12460037152967 -24.234019386151456, -52.924858916097406 -24.104643348498474, -52.96466132479311 -23.879704356145734, -52.76486138448399 -23.749257082764718, -52.52485694243853 -23.843986061307078, -52.32460573880299 -23.712709343375554, -52.083892795619164 -23.80689992613027, -52.043552388210315 -24.032420039437792, -51.80226698444602 -24.126113368655922, -51.60121264160796 -23.994236885504236, -51.64181673083445 -23.76844017914738, -51.883212397366776 -23.674795475298094, -51.923626364293455 -23.44827183315178, -51.72290764932109 -23.31511617081048, -51.481405559353334 -23.408710771514137, -51.28028868370353 -23.27473593715266, -51.03814041503813 -23.367782974945648, -50.99720607859712 -23.594848309444373, -50.754524060398154 -23.687379831653868, -50.55269169284861 -23.55280604241633, -50.30940688905352 -23.644770794171805, -50.107236735871936 -23.5093797326783, -49.863376608320635 -23.600771294831425, -49.66089223528971 -23.464566502031985, -49.41648462597391 -23.555378739728845, -49.21370985449414 -23.41836413438361, -48.96878296789339 -23.50859120372786, -48.926678905136384 -23.735845657950335, -48.68129739965687 -23.825489676418858, -48.47798496541935 -23.687870364118023, -48.23213068728995 -23.776911962743924, -48.189619125533 -24.003572605926937, -48.39319329109071 -24.140992421777415, -48.35074088762107 -24.366641480149887, -48.554346958714376 -24.503046850755727, -48.51195445948221 -24.727673898710588, -48.26572292984531 -24.816091247162188, -48.06185894930749 -24.679885972367703, -48.104483259321 -24.45506449674958, -47.90065705917496 -24.31784279272531, -47.653963136790196 -24.405640478997906, -47.44994160045178 -24.267607349937553, -47.20284097781135 -24.35477496034053, -46.99864907334248 -24.215935707389942, -46.75117161303024 -24.302468824090617, -46.54683446588314 -24.162829142285283, -46.59017802943862 -23.936469616198263, -46.83764439610064 -23.849911122404563, -47.041777061864906 -23.98973881943207, -47.28887770927673 -23.902552577719185, -47.33184054400667 -23.67552105873902, -47.127922424484325 -23.53550422807266, -46.880825710518934 -23.622709324434606, -46.67675547124921 -23.481904645922473, -46.429304150403766 -23.568488893931526, -46.38590926036497 -23.795850778248262, -46.13810731730885 -23.881777583709503, -45.933727712481726 -23.740374002186947, -45.97733117843006 -23.51286228442524, -45.7730322522512 -23.37050124097283, -45.52496244468986 -23.455832736074285, -45.48115549481378 -23.683483978004382, -45.23277367730901 -23.768136926242708, -45.028248641034565 -23.62518461890423, -45.07225389408896 -23.397404214520474, -45.32058718414464 -23.31270395637899, -45.36444060292379 -23.084067853519638, -45.16015826852731 -22.940004729889377, -44.9118774093819 -23.024753123242128, -44.86782776276573 -23.253515181784486, -44.61926172529141 -23.337581412402866, -44.41481025638157 -23.192939997182744, -44.1660423491914 -23.27636974985298, -43.96159112646788 -23.130984207871172, -43.712652346989245 -23.213775373961756, -43.5082269856706 -23.06765434338128, -43.2591484279489 -23.149805157211354, -43.0547745554845 -23.002957655373294, -42.805587386915164 -23.084466694867544, -42.601290623727834 -22.936902114492575, -42.35202606167047 -23.01776830133169, -42.14783200189231 -22.8694964061884, -41.898521290210994 -22.949719005453943, -41.69445548244886 -22.80074992549786, -41.739726513255675 -22.571404365981973, -41.535825296467664 -22.4215956641364, -41.5811249104934 -22.191309095348366, -41.37739115605501 -22.04067656812298, -41.12835133271082 -22.120482192785204, -40.92478870235499 -21.96918941281808, -40.970263641915096 -21.737945066935612, -40.76687995945477 -21.585858365582297, -40.8123796975072 -21.353706817899194, -40.609177755139626 -21.20084319435006, -40.65470149890879 -20.967799759449512, -40.451684069191174 -20.814176666284407, -40.49723102786837 -20.580257142584802, -40.294400863554955 -20.425892480898263, -40.33997024836398 -20.19111314767292, -40.13733008224767 -20.036025261601697, -39.889159390544904 -20.115849541766384, -39.68675791525868 -19.960184850476605, -39.73247969234623 -19.724569586386444, -39.53027925657398 -19.56821563735698, -39.57601970377959 -19.331780374782372, -39.37402295346698 -19.17475662101089, -39.41978129151968 -18.937519194896296, -39.667411453671804 -18.857285281521687, -39.713062698138515 -18.61923898185265, -39.5112094482007 -18.46145027510928, -39.55687920763799 -18.22263262832815, -39.355229315189376 -18.064218829675795, -39.10797657022857 -18.144734446256617, -38.90660654191487 -17.98582211729946, -38.95241390194761 -17.74628977277347, -39.19947288931846 -17.66563086650238, -39.24517735540795 -17.425328171397737, -39.04394198678443 -17.265727137479455, -39.08966264955106 -17.02471161888, -38.88863840523405 -16.864549206873292, -38.9343744970065 -16.62284123652587, -38.733563923702235 -16.462139431879873, -38.779314679452085 -16.219759798692852, -38.578720302553165 -16.058540941978265, -38.6244849599515 -15.81551084222945, -38.8707305325367 -15.73364028506786, -38.916395567102995 -15.489916351461243, -38.71592924552385 -15.328126676175666, -38.7616088100217 -15.083788835597261, -39.007639696746566 -15.001180703234846, -39.05321873016197 -14.756185494629271, -38.8528826246293 -14.593862894890556, -38.89847681216534 -14.348291567969664, -38.69835360306246 -14.185533137365969, -38.74396218757366 -13.939408592242517, -38.54405437143606 -13.776238262742835, -38.589676598455014 -13.529583747783965, -38.38998665063892 -13.366025732125268, -38.43562176843099 -13.118864830488581, -38.23615214300821 -12.954943607007692, -37.99115291591485 -13.038226452296293, -37.7920182760636 -12.874001997301239, -37.83776919198982 -12.62646064144066, -37.63886496122501 -12.461915826462603, -37.68462515788431 -12.213923665126252, -37.48595369591055 -12.049083547811858, -37.53172243523767 -11.800665136010137, -37.333286079798455 -11.635554980142958, -37.08921762013085 -11.71888272896473, -36.891161880118005 -11.553539220557424, -36.9370299680898 -11.304857873212473, -36.73921903012058 -11.139288190464466, -36.78509210178845 -10.890238144896081, -36.58752820549478 -10.724467963060922, -36.34425321343247 -10.807749870705667, -36.147106973058385 -10.64179859926188, -36.19306589319061 -10.392572928279202, -35.996176057545824 -10.226465483321602, -35.75350919056643 -10.309575329384078, -35.557066097946944 -10.143320752690837, -35.603100242253475 -9.893974313637214, -35.40692265225448 -9.727608031593405, -35.45295550685515 -9.477985020280647, -35.25704547819305 -9.31153307909399, -35.015308835366966 -9.394677683703941, -34.8198807992446 -9.228131054074176, -34.86597558898359 -8.978475974404759, -34.67082385733684 -8.811888234827618, -34.71691394185166 -8.562016297217879, -34.52204046849411 -8.39541356199106, -34.56812516598913 -8.145350928378969, -34.37353188136191 -7.978759325953164, -34.419610514040244 -7.728532258980461, -34.66022596675032 -7.644654131110506, -34.70624198516782 -7.394039650092584, -34.51169983292908 -7.227551671959234, -34.557710433699214 -6.976817931212732, -34.798205047158945 -6.892328037297363, -34.844152006847196 -6.641250824602403, -34.64966330548447 -6.474913284857083, -34.69560549201509 -6.223762374029641, -34.93597657510031 -6.1387036405224915, -34.9818541007437 -5.887253783426942, -34.78742115633651 -5.721113593575024, -34.83329455059942 -5.469635892521252, -35.07353942896586 -5.384052028477568, -35.119347149587526 -5.132320397848265, -35.35973413470566 -5.046392432560741, -35.40547386025517 -4.7944328516022665, -35.64599101781758 -4.708182139257334, -35.84102933074533 -4.874017937101752, -36.08192091411041 -4.787580569190139, -36.27739495500208 -4.953451130689907, -36.518633964927915 -4.8668266280863435, -36.56415022755198 -4.614228801402547, -36.8054711331402 -4.527323800976766, -37.00151264145725 -4.693110593045571, -37.2431353629446 -4.606028555705816, -37.288483164282525 -4.353079341177942, -37.53015729944832 -4.265749496350292, -37.57541941316143 -4.012672399757597, -37.81713282126873 -3.9251170767652392, -37.86230700487641 -3.671938913179274, -38.104047545309925 -3.5841805785343097, -38.30082257126446 -3.7496488234826653, -38.54278176146937 -3.6617457938604785, -38.587760888704565 -3.4083398637911366, -38.82971651795992 -3.320267468718912, -38.87459976032591 -3.066821674535974, -39.11653968743414 -2.9786026840076625, -39.16132486800046 -2.7251440770597877, -39.403236968426654 -2.636801333672596, -39.60054367847658 -2.8019198361470385, -39.842590489588645 -2.713466156503881, -39.887154589040506 -2.4599051699125387, -40.12914285790572 -2.3713619746023133, -40.32673056482284 -2.5363598528471187, -40.56880654698912 -2.4477174985875476, -40.76659845597385 -2.612707034894516, -41.00873367546188 -2.5239659986764447, -41.20670665747767 -2.688932753280246, -41.44887256835932 -2.6000935547526383, -41.647003394511415 -2.7650230914559053, -41.88917140100776 -2.6760862953120177, -41.933078732653684 -2.4222866145349635, -42.17510172398357 -2.333329267961073, -42.218887913428915 -2.0796354422639673, -42.46075401791177 -1.9906805934454335, -42.5044171049164 -1.737119619703689, -42.74611450919528 -1.6481902623895388, -42.78965255790442 -1.3947890395928195, -43.03116951026311 -1.3059080945653045, -43.07458060968901 -1.0526934046254106, -43.315905423321084 -0.9638837013322535, -43.35918768780974 -0.7108821901018645, -43.60030874403796 -0.6221664484848202, -43.643460313720425 -0.3694046070205423, -43.88436606516393 -0.2808054195732576, -43.92738510639242 -0.0283095656756151, -44.16806408007989 0.0601506202370724, -44.36579474092974 -0.1037309267788096, -44.60630089199685 -0.0152657757178313, -44.64900981955435 0.2369134724407196, -44.88925989704296 0.3252060626267277, -44.93182977671498 0.5770601553813595, -45.17181256790016 0.6651581631936246, -45.21424168608337 0.9166614851414161, -45.453946066369156 1.004543094842084, -45.65126229528235 0.8411184965084689, -45.890712839715746 0.9289709742499982, -45.932810392296034 1.180037984652848, -46.17195405139125 1.267641529315892, -46.21390474372009 1.5183005037858093, -46.45273070095104 1.6056338771444836, -46.494532947511914 1.855860098120816, -46.733030486984774 1.942902323432473, -46.929737331030424 1.7799569644530453, -47.16790208452099 1.866937257336255, -47.20935265869923 2.1166117860679408, -47.447161495471335 2.203269745709225, -47.48845797358598 2.4524566212210157, -47.72590052928871 2.538771985914336, -47.76704146045762 2.787447565247273, -48.00410748251096 2.8734003844440927, -48.045091446904024 3.1215413758970696, -48.28177079666531 3.2071120228676055, -48.322596405683754 3.454695498894652, -48.55887906053766 3.5398646828242586, -48.599544956976644 3.7868680923408284, -48.83542101234829 3.871616869848118, -48.87592587054252 4.118018049933991, -49.11138554183333 4.202327835998943, -49.1517280677858 4.4481050229868515, -49.38676169223112 4.531957601279063, -49.426940623725386 4.777089441219838, -49.66153866217422 4.860466973818515, -49.701552768869874 5.1049325323154795, -49.93570580748559 5.187817568814601, -49.9755538909975 5.431596340221356, -50.209252642880074 5.513971826215047, -50.40303720907593 5.352918366300861, -50.636201422097685 5.435126777025958, -50.67565127332989 5.678028309296369, -50.90833716639028 5.75970217136032, -51.10149198279066 5.598841658893835, -51.333604572979254 5.6803411119168485, -51.37264763808375 5.922323719586526, -51.6042586303972 6.003264609441886, -51.79673048747969 5.842606921562668, -51.757927213838116 5.600824619189664, -51.95036613495694 5.440013613122333, -51.91162998841173 5.1976996471925325, -52.10403318601587 5.036759398103966, -52.3348212717288 5.118308688946805, -52.37331299950911 5.3604016348698265, -52.603565869152504 5.441384337162146, -52.64187999752576 5.682728715438516, -52.87158958472058 5.763129708321556, -53.062862307141074 5.602596935494258, -53.29189328588433 5.682820517962414, -53.32977821734582 5.923156768787389, -53.558244860436616 6.002776755736769, -53.74868985326415 5.842486908918664, -53.97644330673981 5.921923759765648, -54.013892364094175 6.1612148894377805, -54.241061280897156 6.240027314951779, -54.430630794836276 6.079990327636735, -54.65705316039774 6.158614447543549, -54.84612555534619 5.99866582376541, -55.07178106262239 6.077103308107575, -55.10852655430935 6.315030820305955, -55.33356638965185 6.392817839618975, -55.52168909334864 6.233141845118113, -55.74593070884069 6.310737788425452, -55.93351116723986 6.151172994547661, -56.156935452955935 6.228579717298526, -56.34395694821305 6.069139054724971, -56.566545248936194 6.1463584250517815, -56.75299141249101 5.9870546999461185, -56.97472553367565 6.064088595198673, -57.01021199848326 6.299930674025949, -57.23128061660789 6.376279053727945, -57.266576327535944 6.611265076112395, -57.486973821564504 6.686916958485374, -57.52207845461089 6.921032385521358, -57.74179935134879 6.995977238212138, -57.926200117816336 6.837318863664738, -58.145019793123424 6.912064989679056, -58.17965759384961 7.144950197127303, -58.39778601546094 7.218974645510197, -58.432231489053024 7.450960279237968, -58.24882507861878 7.609269268071796, -58.28335482479804 7.840690455301929, -58.50101456102465 7.913455500876761, -58.683916650927415 7.755326780467815, -58.90064783200751 7.827880120529231, -58.934708100356204 8.058028289144746, -59.15073358495977 8.129833082330192, -59.18460103049776 8.35904430718908, -59.39991629340787 8.430092476031485, -59.43359080562078 8.658355244967899, -59.64819146475162 8.728639145987524, -59.82887157933098 8.571207549903752, -60.04250398254953 8.64127208027536, -60.07570540289652 8.868215219779247, -60.28861126062313 8.93750524402648, -60.321619241847884 9.1634781335178, -60.53379466907643 9.231987086975487, -60.56660922063733 9.456979769624587, -60.77805047142516 9.524701505793859, -60.81067162790521 9.74870448033647, -61.021375094263234 9.815633265776572, -61.05380291498312 10.038637482331154, -60.875808777571024 10.195073669020752, -60.908324841701 10.417429954755482, -60.730154954211045 10.573775368907802, -60.76275894218941 10.795466116382945, -60.5844154294943 10.951700194995352, -60.37292918893445 10.886460273303177, -60.19387880726693 11.042785793412039, -60.22684980190947 11.264127072337295, -60.43859201529267 11.328810423844907, -60.47137087618343 11.549118502031574, -60.68238528783435 11.6129923052003, -60.86036122220875 11.457116290882645, -61.07038147544765 11.52073806953983, -61.24763719530684 11.36494896310338, -61.215418522377746 11.145314944757212, -61.39249459131469 10.989403422036323, -61.60123752109348 11.053348648176817, -61.77757697615972 10.897551156481352, -61.98529594300955 10.961258870428146, -62.16088785241669 10.805587641648295, -62.36757153707086 10.869062075160501, -62.54240534349367 10.713529192008048, -62.748042893146234 10.7767745511376, -62.77913314122142 10.99496419966203, -62.98400575637274 11.05739161701876, -63.15749644514747 10.902221629562872, -63.36130742462248 10.964423160720711, -63.534014926676434 10.809412869862978, -63.736754644329366 10.871392770374792, -63.76708580893137 11.087782075438643, -63.96904864931042 11.148939539160768, -64.14037673725494 10.994311975669186, -64.11032905036575 10.77831624795388, -64.28144296354819 10.62365993508031, -64.25148698367299 10.407036316050371, -64.42238495685217 10.252370807646724, -64.3925208970849 10.035136051648617, -64.5632011777658 9.88048098242384, -64.53342924719182 9.662652103017738, -64.33269260004482 9.599057447185938, -64.30272828338589 9.380222671719434, -64.47378533308098 9.22541097552165, -64.44391326978928 9.006008036488804, -64.61475138178501 8.851252829763578, -64.8148631280469 8.916081328885745, -64.98487994500557 8.761576026235483, -64.9553856164191 8.54206932231028, -65.13097781911195 8.427323144687293, -65.10150616481418 8.206809648658153, -64.89629730028135 8.101552745067496, -64.86670323191284 7.880552868625926, -64.66642825116186 7.8136778066466235, -64.63664107953544 7.591716560880144, -64.80741507238288 7.437095550442951, -65.01289108500627 7.542307720382255, -65.1892230015916 7.425073058791901, -65.39552793195014 7.530351335704583, -65.57283121483717 7.412664850307552, -65.7799520546642 7.518004098323586, -65.95821784238974 7.399867522550575, -66.16614115299159 7.505262573575559, -66.34536016767498 7.386677784236219, -66.31627438863521 7.16218037761285, -66.49606247037214 7.042633360299494, -66.46700677647918 6.817159848526686, -66.64736454432577 6.6966568899382715, -66.85715120290602 6.80214189129641, -67.03844889053715 6.681201454761508, -67.00959139568427 6.4542647526892685, -67.19145742733994 6.332379861286937, -67.4025431369483 6.43794180564427, -67.58533644030346 6.315627082850385, -67.55668670610528 6.0872437489974685, -67.74004660656577 5.963997296106322, -67.95240689811031 6.069639668582255, -68.13668049939335 5.945971951824285, -68.3497670790858 6.05167229908604, -68.53494260030821 5.9275867617536315, -68.74873900594572 6.033340161196322, -68.93480423640918 5.908840407448652, -69.14929358091068 6.014641917742081, -69.3362358808689 5.889731713926306, -69.55140085618694 5.995576377577205, -69.73920715808396 5.870259653416902, -69.71154123095756 5.638606691099081, -69.89989979268354 5.512397978860078, -70.11622365180706 5.618332535761229, -70.30542914343783 5.491728463481788, -70.52238686010567 5.597702741628493, -70.71242514808038 5.470707820874122, -70.68522247465768 5.2372557320950754, -70.87580530054844 5.109393904855585, -71.0938656172577 5.21546572477843, -71.28526257209033 5.087225597646708, -71.2583303443849 4.852437048933321, -71.45026723273843 4.723349366342493, -71.66939646155024 4.829525448582715, -71.86212785361701 4.700072989586539, -71.83547602169013 4.463974501969278, -72.02874227504695 4.333695182383093, -72.24890527946299 4.439982854682544, -72.442945453215 4.309353257487131, -72.66364380100727 4.415682305061015, -72.85844143918968 4.284708362348483, -72.8323136748095 4.046945844636317, -73.02763554457076 3.9151766226870226, -73.24930263684313 4.021627926911855, -73.27519239399174 4.259761917352465, -73.49689812821201 4.36615968825736, -73.6931597186521 4.234515500643061, -73.66751222975043 3.996021059149082, -73.86428722500423 3.8636014149105913, -73.83871092550409 3.624242595990656, -74.03599816757716 3.4910619524201856, -74.01049415256671 3.250854917364684, -74.2082924349493 3.1169282174616963, -74.43177886113477 3.2236509501406077, -74.63026529262996 3.089430413081697, -74.6050879926739 2.8480514149194316, -74.8040781395838 2.713111426694514, -74.77897762390813 2.4709213101028227, -74.97847007058412 2.335278075426465, -74.95344745685122 2.092294622586333, -75.15344073706947 1.9559648224075048, -75.37861362058513 2.063042730889941, -75.57925717351915 1.9264615131441336, -75.55457792520025 1.6823855054139543, -75.7557141733522 1.5451471634988714, -75.98166857118714 1.6523998142057215, -76.18342855597905 1.5149306997950933, -76.15910244050117 1.2698016390488969, -76.3613464903785 1.131706099197916, -76.5880370647483 1.2391449378701866, -76.79087742360258 1.1008401173716356, -76.76691411756057 0.854699141023087, -76.97022942102507 0.7157998175322842, -77.19760956084954 0.8234367245072045, -77.40149287416479 0.6843504227496076, -77.37790194734575 0.4372402672339354, -77.58225059714334 0.2975925695657111, -77.55875235960492 0.0498042588509923, -77.76356416673148 -0.0903847815671853, -77.74015977199981 -0.3388300450611227, -77.51165499928366 -0.4468324451745525, -77.48805574797744 -0.6956633898301829, -77.6932501628833 -0.8367428195276974, -77.92212310790718 -0.7286205485645607, -78.12785447326753 -0.8698304373160402, -78.10464123923927 -1.119524334769975, -78.31082889517923 -1.2612129143384165, -78.28771298598053 -1.5114976865070302, -78.0581141072264 -1.6198567621501967, -78.03480007901221 -1.8704771124554052, -78.24138059390962 -2.0129721201484068, -78.21816398026434 -2.2641433736476846, -78.42520180678076 -2.4070663222599467, -78.40208378351034 -2.6587650754066403, -78.60957646695196 -2.802093389032649, -78.58655821308015 -3.0542958846405233, -78.79450324197549 -3.198006636074441, -78.77158593960358 -3.450688776719531, -78.97998074540025 -3.594758700756372, -78.95716557956382 -3.8478960627401553, -78.72565048623204 -3.9567490933665956, -78.70263220200037 -4.210107890082473, -78.91143452147685 -4.354823968671731, -78.88851849549474 -4.608594958215025, -78.65649418422325 -4.717433927097506, -78.6333743165308 -4.97138148920771, -78.40119584533527 -5.080080847693207, -78.37787250509552 -5.334178311193909, -78.1455489086277 -5.44271404008848, -77.93691717161185 -5.297081743509174, -77.70483219869712 -5.405371356028562, -77.68100530140431 -5.6593505668437025, -77.4488005386563 -5.767439522726833, -77.42477258455575 -6.021507080489503, -77.19245720504244 -6.129371545738038, -77.16822868535728 -6.3835006437441715, -76.93581190919517 -6.491116860209289, -76.91138334149358 -6.745280672977611, -77.11966606249493 -6.89209457625292, -77.09533182332918 -7.146539230791571, -77.30410719593412 -7.293601449831931, -77.27986851786625 -7.548300925296482, -77.04655714845502 -7.65567329002881, -77.02211657587522 -7.910342383598776, -76.7887082975065 -8.017397201045393, -76.76406636943894 -8.272009021751941, -76.53057058488983 -8.378722849759658, -76.50572786712198 -8.633250568786162, -76.27215402159719 -8.739600129866282, -76.24711110665959 -8.994016999433248, -76.01346868563661 -9.099979198435049, -75.9882261927715 -9.354258570521338, -75.75452471981764 -9.459810512024937, -75.72908329493629 -9.713925856892644, -75.4953323294983 -9.819044862290985, -75.46969264512715 -10.072969786782053, -75.23590178029528 -10.177633411022684, -75.21006453551074 -10.43134167659608, -74.97624339575785 -10.535527724554438, -74.95020931610983 -10.788993265033671, -74.71636755500714 -10.892679807490689, -74.50902313231173 -10.742985375722371, -74.27563926949468 -10.846247154674371, -74.24913219240693 -11.099105998942752, -74.456284690342 -11.249042135690516, -74.42985922306006 -11.501944803705442, -74.19600528481268 -11.604567688458824, -73.98905359502837 -11.45439410342237, -73.75569039470554 -11.556571304856528, -73.5495135255532 -11.406306545885082, -73.31666663629426 -11.508037824940137, -73.28950642008016 -11.759905241527784, -73.49545953781774 -11.910406851767702, -73.46837557333495 -12.162287697458352, -73.23507183372936 -12.263297174043464, -73.20779732818735 -12.514802095220956, -72.97453790576553 -12.615197367529246, -72.76905866908618 -12.464235678802508, -72.79659625603995 -12.213107340783026, -72.59169863772601 -12.06228848812191, -72.3595171861384 -12.16236765565898, -72.15546210009532 -12.011477528215584, -71.92387858534794 -12.111092340989297, -71.89582994817776 -12.361428226503545, -71.66433866095 -12.460401603695464, -71.63610760953976 -12.710320150204023, -71.40471813271313 -12.808633162794804, -71.37630571594879 -13.058110670225059, -71.14502762870774 -13.155744774673371, -71.11643491877116 -13.404757858680957, -70.88527779423342 -13.501694907406842, -70.68326218412538 -13.34982671133154, -70.452788887668 -13.446267534860496, -70.423779236246 -13.694357277710164, -70.1934517784187 -13.790075868986445, -69.99269590785802 -13.63793198463719, -69.76308996804889 -13.733149094476822, -69.73367504265676 -13.980271658096218, -69.504239414524 -14.074742622461615, -69.304793131853 -13.922337412024412, -69.07611564209792 -14.01630259908811, -69.0463073364458 -14.26241573072193, -68.81782419134687 -14.355612140320513, -68.78784821389232 -14.601158452407317, -68.55956865938167 -14.69357051909222, -68.36185650274133 -14.54071095928458, -68.13438490138405 -14.632608133859831, -68.104031686673 -14.877079771995582, -68.30135952991598 -15.030141590306627, -68.52942627666617 -14.93852898708039, -68.72777834515638 -15.091551790527824, -68.697684332265 -15.336381149430537, -68.46902338210077 -15.427708889774307, -68.43876274948617 -15.671912863868185, -68.21031869476556 -15.762417368398129, -68.01273596015331 -15.609011320782164, -67.78512235426649 -15.698981443046977, -67.75448855021018 -15.942054167258604, -67.52711520881722 -16.031182187984935, -67.330987032468 -15.877548709578702, -67.10447779099098 -15.966141787881737, -67.07348336534 -16.208047416828737, -66.84723721345648 -16.295780853005365, -66.65260682973077 -16.14193729240607, -66.42725717863743 -16.229136149320404, -66.39591481369196 -16.469840559849025, -66.17085050401337 -16.556163553471066, -66.13935557578924 -16.796157879430993, -65.91458534969429 -16.881593262278724, -65.88293929303344 -17.12085977775364, -65.65847184271203 -17.205396272130223, -65.46628960027087 -17.051028293407107, -65.24277545227734 -17.135025439701195, -65.2108030598243 -17.373019860655283, -64.98761296155521 -17.45610474000562, -64.79704250095517 -17.301573332869328, -64.57483463309343 -17.384122050375016, -64.54254888385297 -17.620815720520845, -64.32068569406002 -17.702440074961398, -64.2882592215178 -17.9383530952466, -64.06674894842449 -18.019043800046187, -63.87832342295741 -17.86422271845306, -63.65783467860818 -17.944379716118814, -63.625112410213774 -18.17894877910269, -63.81303409379248 -18.333908847673452, -63.78033075217101 -18.56821434595918, -63.96893427402837 -18.723311887857513, -63.93625084870686 -18.957331872731537, -63.71480646972988 -19.035714133191714, -63.68198543081675 -19.268894207761, -63.46091485560757 -19.346310948623564, -63.27333456199776 -19.190969270944127, -63.3063085871309 -18.95832994352427, -63.11941397583864 -18.80311161876162, -63.15240396461476 -18.570180698425364, -62.96619343329793 -18.41510809543465, -62.74751633898745 -18.492840314942125, -62.562514723805634 -18.337802265366065, -62.34490924691271 -18.415012062209296, -62.16112409233763 -18.260023067805857, -61.94460289563506 -18.3367172733245, -61.911193994093 -18.56795566287211, -61.69509316405792 -18.643689454565, -61.6615618500274 -18.87408798973292, -61.44588871965291 -18.94885498342022, -61.412236587701756 -19.17840065459121, -61.196998413532285 -19.252194904738666, -61.01131020368422 -19.125704539640942, -60.791253391874136 -19.22818924867405, -60.60477784045182 -19.100936786686788, -60.383633924225535 -19.203165675732663, -60.19638465698162 -19.075149862714472, -60.23086485906988 -18.844619825987213, -60.043433763248316 -18.715558390948477, -59.820944345012194 -18.81730858198222, -59.78615962718351 -19.048333763574387, -59.56288676742942 -19.150024109053465, -59.37413273659587 -19.020478790829202, -59.40922072199302 -18.788966654371606, -59.220297404185246 -18.65838328034437, -59.25547851494824 -18.426048010964617, -59.066388491147066 -18.29443561704371, -58.8415600109784 -18.39542647221535, -58.80607787265599 -18.62824002651596, -58.58048865476033 -18.729154295020265, -58.39013353257792 -18.59704806064567, -58.163544970471435 -18.697666487989515, -57.9724977008359 -18.564799139415037, -57.744927686590344 -18.66511327624081, -57.553204684685184 -18.53148539013945, -57.58958023065537 -18.2972898271837, -57.39771742341877 -18.162652760635737, -57.168959488680315 -18.262461302745702, -56.97644484778996 -18.127070267319837, -56.74675109266633 -18.22656277229191, -56.55360201193122 -18.09041922153218, -56.322992145071225 -18.189587733558028, -56.28574028704594 -18.425082307786322, -56.054434400751774 -18.52409695937979, -56.016979770639935 -18.759188488478944, -55.784984703979916 -18.85802744738856, -55.59025028692048 -18.72160505615298, -55.35738379433545 -18.82008610796306, -55.319441607182824 -19.055149266529337, -55.08590554348399 -19.153419723937223, -55.047762946194325 -19.38802728122337, -55.24343976590734 -19.523976921658736, -55.20538005750092 -19.757727553901372, -55.40095719369215 -19.89266729712555, -55.36298093262445 -20.12554697492248), (-62.273246079218815 10.210011845431092, -62.30472228218957 10.43025123149055, -62.12932183525423 10.58599565097776, -61.92188136634221 10.521707937302878, -61.89012226770571 10.301093575193415, -62.06608639343893 10.145141077794722, -62.273246079218815 10.210011845431092), (-44.883716051825324 -21.957438446342767, -44.67973113480861 -21.810654558911104, -44.43163085837994 -21.89555222515747, -44.38745276006013 -22.127181898753747, -44.59156359370996 -22.2737998834814, -44.54742752456845 -22.504487071340908, -44.751646541068 -22.650209427855167, -44.99987107875641 -22.565412081872278, -45.204057371909826 -22.710396162366273, -45.45204073060592 -22.62498267684046, -45.49578742380778 -22.394544429829292, -45.29174936735308 -22.249388462188126, -45.043815082298124 -22.33484394023049, -44.839727932637125 -22.18895277647516, -44.883716051825324 -21.957438446342767), (-46.39867118576794 -22.509894303904755, -46.19480725285913 -22.366232335571333, -45.94742468592757 -22.45289607423011, -45.90388046346727 -22.68319362924277, -45.65616887068879 -22.76922040105415, -45.612469139865844 -22.998695698119075, -45.8166842405371 -23.142001618316026, -46.064429875429795 -23.056008690998873, -46.1079250955287 -22.82667729957614, -46.355334506506146 -22.74004042490069, -46.39867118576794 -22.509894303904755), (-63.49289062393493 9.120562068722785, -63.696283991865386 9.185983087712705, -63.726726051759975 9.406240096520168, -63.55405962528024 9.561492691334465, -63.58459327941614 9.781163859169858, -63.411718000160576 9.936425818737327, -63.20772657549233 9.872210392110363, -63.03406437047929 10.027662353720334, -62.82900663212962 9.963232369676083, -62.79790434829114 9.742754656494574, -62.5920785553452 9.677514943403814, -62.560782802846965 9.45603305248917, -62.35419147611762 9.38998772162963, -62.32270202213191 9.16750967098948, -62.498088109505545 9.01147782195404, -62.46668909280509 8.788414512218425, -62.64187853564074 8.63239743414685, -62.847892552225275 8.699627392534408, -62.879006785309734 8.922280251189944, -63.084249614319624 8.988710242821014, -63.115170032468164 9.210377223679878, -63.31963929541238 9.276002762954343, -63.49289062393493 9.120562068722785), (-64.29405029437395 7.901363376378685, -64.49543232449776 7.968422430525069, -64.5253122918205 8.189879278851652, -64.35409617608894 8.34472734881523, -64.15240342958417 8.278283183937495, -64.12223752638897 8.056376597523798, -64.29405029437395 7.901363376378685), (-39.33649874933002 -16.943257904336964, -39.537802928645405 -17.102957298974957, -39.78478364891625 -17.02099880210357, -39.83027546474522 -16.779214626193745, -39.62891305848541 -16.619419334145753, -39.38211561718485 -16.701505407698225, -39.33649874933002 -16.943257904336964)), ((-79.46511915460277 -3.1239439158467537, -79.48752710865367 -2.8713281643639252, -79.2790664371587 -2.7279015556505644, -79.3015786208942 -2.475776780728, -79.53224409400562 -2.3668861897360234, -79.74072498414417 -2.5099878927157873, -79.71852107142466 -2.7623037862926236, -79.92743072207023 -2.9057635369454244, -79.9053332282765 -3.15856384429616, -79.67401474180663 -3.267721155518445, -79.46511915460277 -3.1239439158467537)), ((-79.06691455071866 -0.1876051575620467, -78.86057635919373 -0.0469958748257103, -78.88319614568469 0.2014914666447293, -78.67729677666806 0.3416025251370545, -78.70001589227586 0.5894278156019305, -78.49455785829605 0.7290198559359885, -78.26643330940519 0.6211593574578789, -78.06147832746655 0.7605921191172366, -78.0845877120625 1.0075039663250398, -77.88008461163767 1.1463832674711851, -77.90328884234133 1.39258576055859, -77.69923991667075 1.5308918950424637, -77.47206453377828 1.4233849523335975, -77.26855628487185 1.5614949823161783, -77.29213820269788 1.8067143640373073, -77.5189453407067 1.9140784943721703, -77.54233584398345 2.1588020151819993, -77.33920193163846 2.2959044496541128, -77.36268386847323 2.539859255741851, -77.16001068756826 2.6763320510113533, -77.18358292774091 2.9194992705617153, -77.40954820017573 3.0264493292637584, -77.43293071996746 3.2690692471229026, -77.23062781752287 3.404481686346244, -77.25410059147325 3.646281832907734, -77.05225717718022 3.7810244571218665, -77.07581908656117 4.021987201908244, -77.30094710736779 4.128463092939204, -77.32432097287189 4.368829731664498, -77.12284382971701 4.502463318077022, -77.14630678646873 4.741962525021487, -77.37097022692114 4.84807957364534, -77.5725347082108 4.714868488635401, -77.54934934493228 4.475119158982294, -77.75136465652551 4.341212607930663, -77.72827054847208 4.100599800107349, -77.5028804418748 3.9941384034509846, -77.47959677875087 3.752921175239483, -77.68198421837774 3.617921993125758, -77.65879187244104 3.3758715023755177, -77.86163127877793 3.240214907739861, -77.83853136839271 2.9973489620038807, -78.04182055052617 2.8610525001128027, -78.26827612196826 2.9680272079117995, -78.47207281981123 2.8315076659566016, -78.44935487206622 2.5876159570601156, -78.65359117013202 2.4504877035078603, -78.6309700631572 2.20582240531357, -78.8356435568343 2.068104162940728, -78.81312041679959 1.822684664020373, -79.01822864794447 1.6843955985835866, -78.99580460373689 1.4382417432843067, -79.20134506040601 1.299401456104205, -79.17902124349442 1.0525335370495972, -79.38499135968551 0.9131620569515201, -79.61330924502523 1.021031388729471, -79.81972356015108 0.8815145954865442, -79.79780368762836 0.6337643978366092, -80.00463638649316 0.493751438283745, -79.98282112851228 0.2453348702965894, -79.75386762086663 0.1371130509632813, -79.73185129839217 -0.1117709468982679, -79.93909445287176 -0.25261169210328, -79.91718290659199 -0.5021242730227106, -79.68772175354158 -0.6106120955845079, -79.66560840202766 -0.8605516076296464, -79.43596008504055 -0.969106882839318, -79.41364518476756 -1.2194486126578743, -79.62128421684426 -1.361423828648549, -79.5990732531283 -1.6123384407231975, -79.36891716774679 -1.7210835262083835, -79.16130212077402 -1.5787671341732, -79.18381828802785 -1.3280481479421498, -78.97664021080986 -1.1861583270570053, -78.99925813630671 -0.9360183549279105, -79.22875200654612 -0.8275651345038085, -79.25116968790022 -0.5778191700727161, -79.04439524144505 -0.4367328599180306, -79.06691455071866 -0.1876051575620467)), ((-57.15049448848933 -21.079918618000143, -57.1136491432577 -21.308902008704532, -56.88311123776444 -21.408825678835527, -56.846059221422806 -21.63729651826951, -56.614802749372686 -21.736964976714674, -56.42038568021019 -21.608025557973754, -56.45773130530381 -21.379153198161493, -56.26319243236115 -21.24915115024532, -56.30062488684848 -21.019356125729733, -56.532304320093175 -20.919963819554912, -56.5695317714692 -20.689659152950124, -56.80050286197147 -20.590027508840546, -56.99403103357767 -20.720553385103898, -56.95709711185049 -20.95044796512657, -57.15049448848933 -21.079918618000143)), ((-32.66641476702296 -3.8991967987403915, -32.62038586205122 -4.149393340465708, -32.38321981848023 -4.234355266632558, -32.19240610258419 -4.069317586080915, -32.23846420275092 -3.819455397954852, -32.47530817935976 -3.7342957773453476, -32.66641476702296 -3.8991967987403915)), ((-61.552625556975954 12.082355759932579, -61.584547995988174 12.299190703260566, -61.792343969242495 12.360356433281394, -61.96794270103409 12.205258122365064, -61.93630117538302 11.988761707899473, -61.72877984530527 11.927024133161403, -61.552625556975954 12.082355759932579)))",Amazonian White-lipped Frog
151,22985,22923,Leptodactylus petersii,species,20978,Amphibia,2.32,"MULTIPOLYGON (((-60.19387880726693 11.042785793412039, -60.22684980190947 11.264127072337295, -60.43859201529267 11.328810423844907, -60.47137087618343 11.549118502031574, -60.68238528783435 11.6129923052003, -60.86036122220875 11.457116290882645, -61.07038147544765 11.52073806953983, -61.24763719530684 11.36494896310338, -61.215418522377746 11.145314944757212, -61.39249459131469 10.989403422036323, -61.60123752109348 11.053348648176817, -61.77757697615972 10.897551156481352, -61.98529594300955 10.961258870428146, -62.16088785241669 10.805587641648295, -62.36757153707086 10.869062075160501, -62.39894466387 11.087624539949779, -62.60486882983767 11.150282134042229, -62.77913314122142 10.99496419966203, -62.98400575637274 11.05739161701876, -63.15749644514747 10.902221629562872, -63.36130742462248 10.964423160720711, -63.534014926676434 10.809412869862978, -63.736754644329366 10.871392770374792, -63.76708580893137 11.087782075438643, -63.594960653683 11.242578611411313, -63.62538296875883 11.458314650359497, -63.827647341305635 11.518870240596815, -63.9991878261129 11.364290888514772, -64.20037189122118 11.42462363833553, -64.37111077968707 11.270211003590143, -64.34125482209522 11.055251438718996, -64.51177725712287 10.900804243660433, -64.48201309722646 10.68520918428663, -64.65231734173138 10.530746809267939, -64.62264518520986 10.314532735660851, -64.79272951492207 10.160074645029711, -64.99188813319225 10.222031999009738, -65.16115084628066 10.067792224666967, -65.1318549076146 9.851401222605908, -64.93301226701293 9.788824029797118, -64.90352471832549 9.571422405064741, -65.07316409731013 9.41703155744939, -65.043769145104 9.199061893461232, -65.21919323713445 9.085832047127425, -65.42440849333995 9.191099109658277, -65.45365686214261 9.40956038482872, -65.65913942762829 9.514813073581283, -65.83591108351007 9.401643900318081, -66.04218963631438 9.50691166662413, -66.21990475862519 9.393277202416266, -66.19096241189833 9.17385234222526, -66.36923952297869 9.059232359858287, -66.34032619644759 8.838778430369738, -66.51916592902265 8.72317721908339, -66.72728988997619 8.828550529011748, -66.90706030678335 8.71249151364272, -66.87834040141009 8.49054100760789, -66.66968543435564 8.385123889216313, -66.64083271778006 8.162634485426633, -66.43241469407762 8.057205872372553, -66.4034302763335 7.834195881267835, -66.58302608512052 7.716129027877491, -66.5540720801398 7.492123440591119, -66.73423462549152 7.37309246033227, -66.94372084134253 7.478583497455525, -67.12481680105607 7.359108497144624, -67.33506259336058 7.464639666353516, -67.51708142990029 7.3447229673809495, -67.72807164484529 7.4502889986883964, -67.91100239864258 7.329933075182247, -68.12272145758644 7.435528680165549, -68.30655274665656 7.3147361611122355, -68.27832636917631 7.087841330276704, -68.46271589958097 6.966110056336829, -68.67566341214712 7.071779218617843, -68.86093889640304 6.949619547381298, -69.07457779131376 7.05531353885873, -69.26072679511329 6.932728657881611, -69.47504001585061 7.038442239896812, -69.66204968255916 6.915435498544341, -69.63443906087026 6.686218311818724, -69.82199791940279 6.562298297788527, -70.03746670452942 6.668091167504551, -70.22586944746972 6.543759239673683, -70.44197140507566 6.64956745676303, -70.63120412344345 6.52482754030354, -70.60405148087223 6.293790640209713, -70.79382584990665 6.168160132791258, -71.01102796472847 6.274054066623045, -71.20161395635076 6.148026887439027, -71.1747286002644 5.915622746383286, -71.3658517486154 5.788722539282934, -71.58412086392877 5.894708224614647, -71.776036336687 5.767423628008602, -71.7494281179631 5.533676415437019, -71.9418757926234 5.405537682004693, -72.16117732087733 5.511621761334284, -72.35439707585677 5.383111890269743, -72.32807586315349 5.148047471929426, -72.5218223981548 5.018703692102529, -72.49556460368873 4.782725412321323, -72.68983711493377 4.652560112880374, -72.910593421727 4.758838667352106, -73.10561173441273 4.628325633057081, -73.07965415108306 4.39107411076194, -73.27519239399174 4.259761917352465, -73.49689812821201 4.36615968825736, -73.6931597186521 4.234515500643061, -73.66751222975043 3.996021059149082, -73.86428722500423 3.8636014149105913, -73.83871092550409 3.624242595990656, -74.03599816757716 3.4910619524201856, -74.01049415256671 3.250854917364684, -74.2082924349493 3.1169282174616963, -74.43177886113477 3.2236509501406077, -74.63026529262996 3.089430413081697, -74.6050879926739 2.8480514149194316, -74.8040781395838 2.713111426694514, -74.77897762390813 2.4709213101028227, -74.97847007058412 2.335278075426465, -74.95344745685122 2.092294622586333, -75.15344073706947 1.9559648224075048, -75.37861362058513 2.063042730889941, -75.57925717351915 1.9264615131441336, -75.55457792520025 1.6823855054139543, -75.7557141733522 1.5451471634988714, -75.98166857118714 1.6523998142057215, -76.18342855597905 1.5149306997950933, -76.15910244050117 1.2698016390488969, -76.3613464903785 1.131706099197916, -76.5880370647483 1.2391449378701866, -76.79087742360258 1.1008401173716356, -76.76691411756057 0.854699141023087, -76.97022942102507 0.7157998175322842, -77.19760956084954 0.8234367245072045, -77.40149287416479 0.6843504227496076, -77.37790194734575 0.4372402672339354, -77.58225059714334 0.2975925695657111, -77.55875235960492 0.0498042588509923, -77.76356416673148 -0.0903847815671853, -77.74015977199981 -0.3388300450611227, -77.51165499928366 -0.4468324451745525, -77.48805574797744 -0.6956633898301829, -77.6932501628833 -0.8367428195276974, -77.92212310790718 -0.7286205485645607, -78.12785447326753 -0.8698304373160402, -78.10464123923927 -1.119524334769975, -78.31082889517923 -1.2612129143384165, -78.28771298598053 -1.5114976865070302, -78.0581141072264 -1.6198567621501967, -78.03480007901221 -1.8704771124554052, -78.24138059390962 -2.0129721201484068, -78.21816398026434 -2.2641433736476846, -77.98807077151432 -2.372580121609159, -77.96465536113574 -2.624044196091473, -78.17162958972769 -2.7673074382246114, -78.14831168118697 -3.0192814526616822, -78.3557466700128 -3.1629428284351784, -78.3325274475951 -3.4154028282185975, -78.5404207432235 -3.5594392741357854, -78.5173013945204 -3.8123609736057222, -78.2859873398309 -3.921017143557395, -78.26266632140091 -4.174152123268299, -78.47096113664068 -4.318855987873272, -78.44774009384184 -4.57240979067788, -78.215922021615 -4.681029003649356, -78.19249860627708 -4.9347512707176096, -78.40119584533527 -5.080080847693207, -78.37787250509552 -5.334178311193909, -78.1455489086277 -5.44271404008848, -77.93691717161185 -5.297081743509174, -77.70483219869712 -5.405371356028562, -77.49675186539116 -5.25973603443008, -77.26493240996957 -5.367776220891336, -77.24080899979326 -5.621499331217645, -77.4488005386563 -5.767439522726833, -77.42477258455575 -6.021507080489503, -77.19245720504244 -6.129371545738038, -76.9845631473675 -5.983129469642784, -76.75254570653657 -6.090718829374163, -76.72802403833592 -6.3445759905671855, -76.93581190919517 -6.491116860209289, -76.91138334149358 -6.745280672977611, -77.11966606249493 -6.89209457625292, -77.09533182332918 -7.146539230791571, -76.86241996948897 -7.25389815501348, -76.83788502900201 -7.508331601746768, -77.04655714845502 -7.65567329002881, -77.02211657587522 -7.910342383598776, -76.7887082975065 -8.017397201045393, -76.76406636943894 -8.272009021751941, -76.53057058488983 -8.378722849759658, -76.50572786712198 -8.633250568786162, -76.27215402159719 -8.739600129866282, -76.24711110665959 -8.994016999433248, -76.01346868563661 -9.099979198435049, -75.9882261927715 -9.354258570521338, -75.75452471981764 -9.459810512024937, -75.72908329493629 -9.713925856892644, -75.4953323294983 -9.819044862290985, -75.46969264512715 -10.072969786782053, -75.23590178029528 -10.177633411022684, -75.21006453551074 -10.43134167659608, -74.97624339575785 -10.535527724554438, -74.95020931610983 -10.788993265033671, -74.71636755500714 -10.892679807490689, -74.69013739243117 -11.145876746492311, -74.456284690342 -11.249042135690516, -74.42985922306006 -11.501944803705442, -74.19600528481268 -11.604567688458824, -74.16938531722273 -11.857150639559364, -74.37689545182765 -12.007448890227716, -74.35035700985203 -12.260030447199796, -74.1160320107765 -12.361971192016329, -73.90872623231787 -12.211448008040477, -73.93553986976382 -11.959209979893785, -73.72879786565295 -11.808803283674674, -73.75569039470554 -11.556571304856528, -73.5495135255532 -11.406306545885082, -73.31666663629426 -11.508037824940137, -73.28950642008016 -11.759905241527784, -73.49545953781774 -11.910406851767702, -73.46837557333495 -12.162287697458352, -73.23507183372936 -12.263297174043464, -73.20779732818735 -12.514802095220956, -72.97453790576553 -12.615197367529246, -72.76905866908618 -12.464235678802508, -72.53636412675638 -12.564156263462232, -72.3317215402941 -12.413106250376037, -72.3595171861384 -12.16236765565898, -72.15546210009532 -12.011477528215584, -71.92387858534794 -12.111092340989297, -71.89582994817776 -12.361428226503545, -71.66433866095 -12.460401603695464, -71.63610760953976 -12.710320150204023, -71.40471813271313 -12.808633162794804, -71.37630571594879 -13.058110670225059, -71.14502762870774 -13.155744774673371, -71.11643491877116 -13.404757858680957, -70.88527779423342 -13.501694907406842, -70.68326218412538 -13.34982671133154, -70.452788887668 -13.446267534860496, -70.423779236246 -13.694357277710164, -70.1934517784187 -13.790075868986445, -69.99269590785802 -13.63793198463719, -69.76308996804889 -13.733149094476822, -69.73367504265676 -13.980271658096218, -69.504239414524 -14.074742622461615, -69.304793131853 -13.922337412024412, -69.07611564209792 -14.01630259908811, -69.0463073364458 -14.26241573072193, -68.81782419134687 -14.355612140320513, -68.78784821389232 -14.601158452407317, -68.55956865938167 -14.69357051909222, -68.52942627666617 -14.93852898708039, -68.72777834515638 -15.091551790527824, -68.697684332265 -15.336381149430537, -68.46902338210077 -15.427708889774307, -68.43876274948617 -15.671912863868185, -68.21031869476556 -15.762417368398129, -68.01273596015331 -15.609011320782164, -67.78512235426649 -15.698981443046977, -67.75448855021018 -15.942054167258604, -67.52711520881722 -16.031182187984935, -67.330987032468 -15.877548709578702, -67.10447779099098 -15.966141787881737, -67.07348336534 -16.208047416828737, -66.84723721345648 -16.295780853005365, -66.65260682973077 -16.14193729240607, -66.42725717863743 -16.229136149320404, -66.39591481369196 -16.469840559849025, -66.17085050401337 -16.556163553471066, -66.13935557578924 -16.796157879430993, -65.91458534969429 -16.881593262278724, -65.88293929303344 -17.12085977775364, -65.65847184271203 -17.205396272130223, -65.46628960027087 -17.051028293407107, -65.24277545227734 -17.135025439701195, -65.2108030598243 -17.373019860655283, -64.98761296155521 -17.45610474000562, -64.79704250095517 -17.301573332869328, -64.57483463309343 -17.384122050375016, -64.54254888385297 -17.620815720520845, -64.32068569406002 -17.702440074961398, -64.2882592215178 -17.9383530952466, -64.06674894842449 -18.019043800046187, -63.87832342295741 -17.86422271845306, -63.65783467860818 -17.944379716118814, -63.625112410213774 -18.17894877910269, -63.81303409379248 -18.333908847673452, -63.78033075217101 -18.56821434595918, -63.96893427402837 -18.723311887857513, -63.93625084870686 -18.957331872731537, -64.12553765210045 -19.11254423896247, -64.09287514457061 -19.346256870418518, -63.870765899082784 -19.424224897563555, -63.8379642753215 -19.65708390321235, -63.61622531226253 -19.73407973603692, -63.583286134441934 -19.966071422042408, -63.77224248113008 -20.121592382480014, -63.73932221114373 -20.353228279547093, -63.51728929616334 -20.428818793252876, -63.48423153744588 -20.659561174234177, -63.26258173312047 -20.734159626595787, -63.22938807395799 -20.963995977027583, -63.41799709511203 -21.119750660324648, -63.384820313162464 -21.349184939625076, -63.16288191470207 -21.422348894203445, -63.12956931760834 -21.650852913163448, -62.90802686741958 -21.72300761274033, -62.874580069093 -21.950570041507877, -62.65344162452236 -22.021710589746746, -62.46643773331158 -21.865736001897687, -62.24640074274146 -21.936310930695562, -62.06064543185903 -21.78029293398601, -61.8417228870278 -21.8503107458947, -61.8078655345077 -22.07588584140724, -61.589376518798886 -22.144887447335726, -61.40543953672214 -21.988781277755354, -61.18808760964558 -22.05723575424403, -61.153978052686284 -22.28132348272165, -60.937077310820044 -22.34875990147937, -60.7549848322204 -22.192587969328443, -60.53313561727802 -22.295645459813997, -60.34523282116449 -22.174983410034947, -60.122295097864935 -22.277718191270363, -59.93361984169826 -22.156262991586914, -59.7096091002218 -22.258665088306305, -59.67454837675214 -22.482676292448296, -59.449747883712604 -22.584887030780905, -59.25974126425831 -22.462934823794203, -59.03389303273687 -22.564789861630516, -58.84315241305086 -22.442035365537183, -58.87882427034481 -22.21713216465557, -58.68792090643139 -22.09328357774247, -58.46078980891632 -22.194628549836658, -58.26917500620051 -22.069978334196374, -58.04103860193216 -22.170951546431205, -57.84872873783087 -22.045498211771864, -57.88509662884266 -21.818790208874884, -57.69264045472154 -21.692254936112064, -57.72909896282667 -21.464613237943805, -57.53649924442141 -21.3370029971134, -57.573047888053964 -21.108438611818265, -57.380307400346766 -20.979760831171017, -57.15049448848933 -21.079918618000143, -56.95709711185049 -20.95044796512657, -56.99403103357767 -20.720553385103898, -56.80050286197147 -20.590027508840546, -56.5695317714692 -20.689659152950124, -56.375371673486455 -20.558345047363076, -56.14348584554884 -20.657594073186853, -55.94871201221031 -20.525492252292, -55.9863165358868 -20.29388829356714, -55.791429559992 -20.16075027937501, -55.558455448879414 -20.259466249202294, -55.36298093262445 -20.12554697492248, -55.40095719369215 -19.89266729712555, -55.20538005750092 -19.757727553901372, -54.971360198882735 -19.855908892852046, -54.77522238011173 -19.72019558879916, -54.81356474507753 -19.48606537263815, -54.61733500553024 -19.349348759153756, -54.382313058779474 -19.446994966776433, -54.18555013148139 -19.30951375644345, -54.2242526714427 -19.07415980465086, -54.02740868750239 -18.93569389507519, -53.79142939395621 -19.032805567388554, -53.59408032658433 -18.8935853064787, -53.63313682110001 -18.657036053859166, -53.435717714078635 -18.516851165854977, -53.19882685225572 -18.613430013608117, -53.15949912962256 -18.850324782391475, -52.9220070430996 -18.94662755293219, -52.72370987042528 -18.80590897961112, -52.48549763514761 -18.901796947509418, -52.28675813105198 -18.76033508977599, -52.3266186253432 -18.522781529292207, -52.56495474012871 -18.427012889011706, -52.604625237405045 -18.188965909942016, -52.406223683668884 -18.046365154707477, -52.16776739421857 -18.142012084413956, -51.96894010440417 -17.998686024772347, -51.729808205482556 -18.093924714358092, -51.530576926656295 -17.94987835837164, -51.29079486746548 -18.04470270805855, -51.09118165198481 -17.899941409206743, -51.13170062724487 -17.66017088322317, -50.932064998994576 -17.51451891081144, -50.97265269152399 -17.27397320186101, -50.77299775003817 -17.127446205018057, -50.81365349012694 -16.88614318047962, -51.05371382603664 -16.79165582279943, -51.09418729419684 -16.549899941867245, -50.89485102479847 -16.402344312331245, -50.654705448386665 -16.496715285514394, -50.455021170859794 -16.348487129252536, -50.4958109869259 -16.105724924273375, -50.29611668179672 -15.956671594026721, -50.055316185211325 -16.050541071298145, -50.01428225603709 -16.29357354696212, -49.7729960337727 -16.38715784782983, -49.57268377393433 -16.237605827572832, -49.3308675563116 -16.330789468014338, -49.28941904141698 -16.573617304765126, -49.047144146647724 -16.666480890532682, -49.00552252107644 -16.90882266063611, -48.762799426239155 -17.00134413925486, -48.72100608300326 -17.243176662904226, -48.47784540361448 -17.335334156131477, -48.27644862053842 -17.185591728110982, -48.318470531021205 -16.943538275061005, -48.11710642441031 -16.792989975322662, -47.87347523176794 -16.884646715547895, -47.831229189337705 -17.126908704284457, -47.58719571772363 -17.218176752906853, -47.38540018944224 -17.067131943287713, -47.42786582739029 -16.824673908935697, -47.22612058982119 -16.672848680067066, -47.268640041263865 -16.429665411854195, -47.06694818716636 -16.277078398633915, -47.109520714276584 -16.033189624837554, -46.907885327683914 -15.879859917561067, -46.95051019164427 -15.635285811957592, -46.748934347598066 -15.481232948859896, -46.79161080867269 -15.235994122718207, -47.03565226944636 -15.144983947342752, -47.23702213153015 -15.299160335935861, -47.480694754588484 -15.207746477243873, -47.52299718704728 -14.962220675125678, -47.32184293045873 -14.807922648451981, -47.364199284236065 -14.561764080109391, -47.163096237594516 -14.406775181643535, -47.20550578228375 -14.160005406740568, -47.00445700645116 -14.004346338342708, -47.04691901062452 -13.75698732254614, -47.290217198918185 -13.665468613728555, -47.33251906951716 -13.417719534751987, -47.1317357706356 -13.261311225554444, -46.88844128901917 -13.352753304751511, -46.68751020223678 -13.195817648971369, -46.730074927365195 -12.947347618462992, -46.52920724059746 -12.789806341722295, -46.57182222550898 -12.540815293616316, -46.37102096316943 -12.382690689516298, -46.12742200758811 -12.473640492606057, -45.92651433730691 -12.315030413515096, -45.969380271852856 -12.06539648263944, -45.76855070950202 -11.90624160901357, -45.81146350469706 -11.656140183558612, -45.61071503923762 -11.49646376175603, -45.65367395429158 -11.245919125746555, -45.45300956367774 -11.085744735459889, -45.20923596529525 -11.176172639206495, -45.00851521158532 -11.015573308078437, -44.764508096858606 -11.105690572132293, -44.721168781548556 -11.356457956699412, -44.476892558217315 -11.446304596546458, -44.27602170288179 -11.285340890215112, -44.31954369931162 -11.03448364041449, -44.563755136165014 -10.944678787282585, -44.60713589306508 -10.693506016135704, -44.40648716834082 -10.532053806062368, -44.162344182100384 -10.621816235017722, -43.96169602152071 -10.459981389575969, -44.005296157343764 -10.208352078903154, -43.8047636834624 -10.046118659946965, -43.56053887237232 -10.135544788967486, -43.36003967928292 -9.97295928666772, -43.40384928289899 -9.720927357080326, -43.203477127997644 -9.557985883210522, -43.24732190562031 -9.305638851569196, -43.49137063071606 -9.216279693647712, -43.535082345796695 -8.963683997042828, -43.33491412237254 -8.800405888560473, -43.090958821559326 -8.889730714937327, -42.89084922549435 -8.726153711561754, -42.64680072973442 -8.815215926388454, -42.446773813008264 -8.651353903048301, -42.49084688422724 -8.398436710940018, -42.290963801202366 -8.23431363990081, -42.33506775945119 -7.981167444832289, -42.13533126524638 -7.816809413400244, -42.17946536115093 -7.563460879808532, -41.979878194731725 -7.398894122479684, -41.73612951278352 -7.487651304048342, -41.5366738121335 -7.322868429061574, -41.580986039123815 -7.069363293060693, -41.3816905744784 -6.904416494165224, -41.42602939914113 -6.650770293102124, -41.226896840945244 -6.485686097271291, -40.983424573353034 -6.574203461017278, -40.93894445914316 -6.827808227433262, -40.69536604197771 -6.9161088980239525, -40.49642095849893 -6.75081028260309, -40.54103691149058 -6.497261913922337, -40.342270825826574 -6.331863022007024, -40.38690852401686 -6.078215797153041, -40.188324011360436 -5.912743286812931, -39.94513732291193 -6.0008574057217166, -39.90037133646737 -6.2544257174272255, -39.65712305363948 -6.342312097723163, -39.458817225133544 -6.176657248852971, -39.50370597166244 -5.923182748970817, -39.30559740737263 -5.757491513550041, -39.350503041190706 -5.503960480391927, -39.15259421189461 -5.338259535872859, -38.90985130983137 -5.426013254653448, -38.71222282814864 -5.260243705458973, -38.46966038497061 -5.347808814443851, -38.27233507732103 -5.181985455662402, -38.02998142127862 -5.269362017303124, -37.832981929070456 -5.103499652380655, -37.59086521337403 -5.19068780686581, -37.54553258724354 -5.443665516312191, -37.30345462087146 -5.530582796801106, -37.25803590289365 -5.783366764076109, -37.01600888726898 -5.869991082396347, -36.81963446007262 -5.7039245477090255, -36.57790934297847 -5.790339582746858, -36.53232130987769 -6.042714538926573, -36.72854247750712 -6.208864283182478, -36.68295838978486 -6.461181487142793, -36.441069862770746 -6.547154386951683, -36.39540652306201 -6.799198913827933, -36.59171420411832 -6.965459604336363, -36.8338448600785 -6.879604078532142, -37.03055331347173 -7.045807956060178, -36.98497924258069 -7.297928991915343, -36.74260935138764 -7.383666776776494, -36.54605417974432 -7.217400215028972, -36.304004798339435 -7.302886469154445, -36.107865229139264 -7.136559696680104, -35.866163908113606 -7.221795303845969, -35.67046166473918 -7.055423431839382, -35.71627652445824 -6.80388639136969, -35.520835703194734 -6.637557237016657, -35.56664981016286 -6.38593143254022, -35.80783360382458 -6.300417345251441, -35.85357574507984 -6.0485055548564555, -35.65820602155105 -5.882330825358335, -35.41728512133682 -5.96798346109272, -35.371472457610395 -6.21967129331064, -35.130681668331846 -6.3049572324862035, -35.08480069029221 -6.556352553604014, -35.279775965569 -6.72269339471936, -35.23389221794835 -6.974007497449915, -34.99296857574615 -7.0587448362340215, -34.94701752154282 -7.309721749534434, -35.14205392246612 -7.47619162363588, -35.09609945627727 -7.7270416766830925, -34.85504562624729 -7.811187258072242, -34.809024868429276 -8.061656021540005, -35.00412009240878 -8.228208121588052, -34.958095277380096 -8.47850478050123, -35.1534640998496 -8.64504966607196, -35.10743591370945 -8.895147922959831, -35.30307634547043 -9.061659413584726, -35.544949010779135 -8.978031845541363, -35.74105689121052 -9.144451704476948, -35.69509567890387 -9.394530176928981, -35.89146631167489 -9.5608720003257, -35.84550515711172 -9.81069207362263, -36.04213644926074 -9.976929733888253, -36.284908591797574 -9.893324884711017, -36.481971775924535 -10.059418487945718, -36.43609090089046 -10.309129696292135, -36.63340553838296 -10.475074559688407, -36.87676083932109 -10.391296401115314, -37.07447806945214 -10.557063286144688, -37.028688099206136 -10.806610510000828, -37.226647316576134 -10.972184212596666, -37.18086369363439 -11.221380400354146, -37.379062626834724 -11.386735141888716, -37.62317963902902 -11.302899719414318, -37.82174386330087 -11.468024234943943, -37.77606464324171 -11.716968656585019, -37.97485879138941 -11.881830214581761, -37.92918948355617 -12.130365642468798, -38.12821118761576 -12.29493886277539, -38.08255253228219 -12.54304051964542, -38.28179940262527 -12.707300222642123, -38.5268082798072 -12.623488623041776, -38.72637451855945 -12.787448211000045, -38.680836703653256 -13.03517983152743, -38.88061793408008 -13.198782901963233, -39.1260193171814 -13.114694683404933, -39.326088577571085 -13.277964833638253, -39.28068236648707 -13.525273772135238, -39.03508812410877 -13.609246644584848, -38.9895795926424 -13.855974794902071, -39.18978333867466 -14.018791255934257, -39.144290581405386 -14.264982250186357, -39.34470180958206 -14.427369156227067, -39.29922558492217 -14.672999830257666, -39.05321873016197 -14.756185494629271, -38.8528826246293 -14.593862894890556, -38.89847681216534 -14.348291567969664, -38.69835360306246 -14.185533137365969, -38.74396218757366 -13.939408592242517, -38.54405437143606 -13.776238262742835, -38.589676598455014 -13.529583747783965, -38.38998665063892 -13.366025732125268, -38.43562176843099 -13.118864830488581, -38.23615214300821 -12.954943607007692, -37.99115291591485 -13.038226452296293, -37.7920182760636 -12.874001997301239, -37.83776919198982 -12.62646064144066, -37.63886496122501 -12.461915826462603, -37.68462515788431 -12.213923665126252, -37.48595369591055 -12.049083547811858, -37.53172243523767 -11.800665136010137, -37.333286079798455 -11.635554980142958, -37.08921762013085 -11.71888272896473, -36.891161880118005 -11.553539220557424, -36.9370299680898 -11.304857873212473, -36.73921903012058 -11.139288190464466, -36.78509210178845 -10.890238144896081, -36.58752820549478 -10.724467963060922, -36.34425321343247 -10.807749870705667, -36.147106973058385 -10.64179859926188, -36.19306589319061 -10.392572928279202, -35.996176057545824 -10.226465483321602, -35.75350919056643 -10.309575329384078, -35.557066097946944 -10.143320752690837, -35.603100242253475 -9.893974313637214, -35.40692265225448 -9.727608031593405, -35.45295550685515 -9.477985020280647, -35.25704547819305 -9.31153307909399, -35.015308835366966 -9.394677683703941, -34.8198807992446 -9.228131054074176, -34.86597558898359 -8.978475974404759, -34.67082385733684 -8.811888234827618, -34.71691394185166 -8.562016297217879, -34.52204046849411 -8.39541356199106, -34.56812516598913 -8.145350928378969, -34.37353188136191 -7.978759325953164, -34.419610514040244 -7.728532258980461, -34.66022596675032 -7.644654131110506, -34.70624198516782 -7.394039650092584, -34.51169983292908 -7.227551671959234, -34.557710433699214 -6.976817931212732, -34.798205047158945 -6.892328037297363, -34.844152006847196 -6.641250824602403, -34.64966330548447 -6.474913284857083, -34.69560549201509 -6.223762374029641, -34.93597657510031 -6.1387036405224915, -34.9818541007437 -5.887253783426942, -34.78742115633651 -5.721113593575024, -34.83329455059942 -5.469635892521252, -35.07353942896586 -5.384052028477568, -35.119347149587526 -5.132320397848265, -35.35973413470566 -5.046392432560741, -35.40547386025517 -4.7944328516022665, -35.64599101781758 -4.708182139257334, -35.84102933074533 -4.874017937101752, -36.08192091411041 -4.787580569190139, -36.27739495500208 -4.953451130689907, -36.518633964927915 -4.8668266280863435, -36.56415022755198 -4.614228801402547, -36.8054711331402 -4.527323800976766, -37.00151264145725 -4.693110593045571, -37.2431353629446 -4.606028555705816, -37.288483164282525 -4.353079341177942, -37.53015729944832 -4.265749496350292, -37.57541941316143 -4.012672399757597, -37.81713282126873 -3.9251170767652392, -37.86230700487641 -3.671938913179274, -38.104047545309925 -3.5841805785343097, -38.30082257126446 -3.7496488234826653, -38.54278176146937 -3.6617457938604785, -38.587760888704565 -3.4083398637911366, -38.82971651795992 -3.320267468718912, -38.87459976032591 -3.066821674535974, -39.11653968743414 -2.9786026840076625, -39.16132486800046 -2.7251440770597877, -39.403236968426654 -2.636801333672596, -39.60054367847658 -2.8019198361470385, -39.842590489588645 -2.713466156503881, -39.887154589040506 -2.4599051699125387, -40.12914285790572 -2.3713619746023133, -40.32673056482284 -2.5363598528471187, -40.56880654698912 -2.4477174985875476, -40.61313515477471 -2.194111021420459, -40.85512191547531 -2.105413563676825, -40.899339271491556 -1.8518904496672528, -41.141224804653234 -1.7631608993680183, -41.18532885831419 -1.5097481671577198, -41.42710119992287 -1.4210095123584552, -41.471089922403934 -1.1677341047037497, -41.71273715396873 -1.0790092919475238, -41.75660853874655 -0.825898056381647, -41.99811879072777 -0.7372099721633574, -42.041870854107 -0.4842896418262537, -42.28323230930482 -0.3956610941952823, -42.326863090931 -0.1429582688650312, -42.56806398783317 -0.0544119692001073, -42.61157155119167 0.1980469034404965, -42.8526001872776 0.2864883584509935, -42.89598262017847 0.5386770012799439, -43.13682735517739 0.6269911474196862, -43.18008277022534 0.8788834720415102, -43.420732029326985 0.9670479950782553, -43.46385856437661 1.2186181196590797, -43.7043008413915 1.306610872556278, -43.747296659987654 1.5578331392984244, -43.987520520455575 1.6456321590966607, -44.03038381225818 1.8964811513241269, -44.270377896502765 1.9840646756637916, -44.31310687769624 2.234515234491245, -44.552859903823474 2.321861717749057, -44.59545281751048 2.571888958308221, -44.834953584349876 2.6589770873214538, -44.877408700929095 2.9085564145203144, -45.11664609091531 2.9953651238739893, -45.158961708443314 3.2444722476655423, -45.39792469043675 3.330980734519237, -45.44009913497382 3.5795916846581353, -45.67877676701869 3.665779423090571, -45.72080839295802 3.9138705633575843, -45.95918982497642 3.999717318208622, -46.001077015357225 4.247265360084359, -46.23915149177756 4.3327512002756885, -46.28089265858176 4.579733216046775, -46.51864952090051 4.664838527364088, -46.56024310533269 4.911231962646634, -46.79767179460791 4.995937459967848, -46.83911626735883 5.241720145634643, -47.07620632663469 5.326006884590217, -47.11750018812836 5.571157048089932, -47.35424126478921 5.655006436143177, -47.395383045412984 5.899502712201485, -47.631764893466254 5.982896519138251, -47.672753153784726 6.2267179598324764, -47.908765636071394 6.309638327651454, -47.94959896702352 6.552764411852035, -48.185232057355904 6.635193864048456, -48.38001060228842 6.474806413359166, -48.615228041842954 6.557046515963912, -48.65569228530518 6.799354124805362, -48.89050451863886 6.881077523578243, -48.9308088000661 7.122644819885004, -49.1652061882387 7.203835033462568, -49.35925637767386 7.0437927433467395, -49.593181435808475 7.124777485164732, -49.633103328784244 7.365459444493345, -49.86658866506107 7.445886780138368, -49.90634593456494 7.685786025981424, -50.139382322888395 7.7656405194312565, -50.33259728092577 7.6059549890004385, -50.56510651039005 7.685589347961503, -50.604469008208895 7.924540239409583, -50.836505416702124 8.003579178474267, -50.87569900860322 8.241707605718863, -51.107253805282994 8.320136773673575, -51.299530129037606 8.16081994470944, -51.530504936552404 8.239015844790831, -51.56929231233255 8.476136887882642, -51.79976269687123 8.553702140819562, -51.99134622048234 8.394544317184524, -52.22119961003503 8.471871328339013, -52.25957292780612 8.707949265345471, -52.48889986358749 8.784625812733776, -52.67973969423596 8.625637459118476, -52.908413727143824 8.702071387490115, -52.94636563286855 8.93707203180018, -53.1744919859606 9.012836751441592, -53.36453866528757 8.854028456990992, -53.59197734790749 8.929546779197212, -53.62950097880804 9.16343749773274, -53.85637158169635 9.238268946034294, -54.045577144673985 9.079651417726762, -54.27172648766452 9.154233288382049, -54.30881547408501 9.386983014449736, -54.53437718192694 9.460861429957175, -54.72269520976059 9.302445484578127, -54.947503279837434 9.376071737184812, -55.13531664094387 9.217649301997179, -55.359351357059154 9.291026257562105, -55.39573915200974 9.522354833369254, -55.61915611621227 9.595007974843904, -55.80600984428705 9.436808825963256, -55.769884976544716 9.205741424919662, -55.95663787053911 9.047346525891358, -55.92059117277046 8.81561174937067, -56.10724068001376 8.657043131938307, -56.071272625154336 8.42466050417892, -56.2578161985372 8.265940382963027, -56.22192725601309 8.032929756779208, -56.408362354195134 7.874080515942847, -56.630227105966995 7.948438205048565, -56.8160874092369 7.789671213121796, -56.78054723990047 7.556358720001922, -56.966290033728455 7.397501226204858, -56.9308309049927 7.163610020526557, -57.11645368879823 7.004684667931507, -57.08107604743934 6.770235526700307, -57.266576327535944 6.611265076112395, -57.486973821564504 6.686916958485374, -57.52207845461089 6.921032385521358, -57.74179935134879 6.995977238212138, -57.926200117816336 6.837318863664738, -58.145019793123424 6.912064989679056, -58.17965759384961 7.144950197127303, -58.39778601546094 7.218974645510197, -58.432231489053024 7.450960279237968, -58.24882507861878 7.609269268071796, -58.28335482479804 7.840690455301929, -58.50101456102465 7.913455500876761, -58.683916650927415 7.755326780467815, -58.90064783200751 7.827880120529231, -58.934708100356204 8.058028289144746, -59.15073358495977 8.129833082330192, -59.18460103049776 8.35904430718908, -59.39991629340787 8.430092476031485, -59.43359080562078 8.658355244967899, -59.64819146475162 8.728639145987524, -59.82887157933098 8.571207549903752, -60.04250398254953 8.64127208027536, -60.07570540289652 8.868215219779247, -60.28861126062313 8.93750524402648, -60.321619241847884 9.1634781335178, -60.53379466907643 9.231987086975487, -60.56660922063733 9.456979769624587, -60.77805047142516 9.524701505793859, -60.81067162790521 9.74870448033647, -61.021375094263234 9.815633265776572, -61.05380291498312 10.038637482331154, -60.875808777571024 10.195073669020752, -60.908324841701 10.417429954755482, -60.730154954211045 10.573775368907802, -60.76275894218941 10.795466116382945, -60.5844154294943 10.951700194995352, -60.37292918893445 10.886460273303177, -60.19387880726693 11.042785793412039), (-62.06608639343893 10.145141077794722, -62.273246079218815 10.210011845431092, -62.30472228218957 10.43025123149055, -62.12932183525423 10.58599565097776, -61.92188136634221 10.521707937302878, -61.89012226770571 10.301093575193415, -62.06608639343893 10.145141077794722), (-48.494500282168445 -14.593878670186403, -48.536249464110725 -14.347711877818073, -48.33576764810782 -14.193753162364152, -48.09328600215105 -14.286084303501227, -48.05131223132768 -14.53246530291447, -48.252043598225036 -14.686302036274437, -48.494500282168445 -14.593878670186403), (-62.02346338938634 5.613748590374381, -61.99154293150218 5.383520170130615, -62.168617085610805 5.2272146973388685, -62.377038154797845 5.3012640789553656, -62.40867134508502 5.5310362601995156, -62.232170870853416 5.687215821154194, -62.02346338938634 5.613748590374381), (-49.29609302952422 -15.20418605302826, -49.095811488386175 -15.052284763471961, -48.85385484066123 -15.145179340785434, -48.653319791433624 -14.99266527260308, -48.41089186186955 -15.085179495674627, -48.21012673146946 -14.932061495832219, -47.96725538652513 -15.024191448569963, -47.925172308241045 -15.269519196092164, -48.12618329947102 -15.422507023667906, -48.36903261593647 -15.330296178488567, -48.56982842679839 -15.482675741962353, -48.812223804678254 -15.390072049726491, -49.01278084380146 -15.541834461589318, -48.97120994295351 -15.786058946690401, -49.17178587967929 -15.937050742928271, -49.41365270488565 -15.843961905723903, -49.613957820996255 -15.994315364526589, -49.85530502483822 -15.90083387996863, -49.89640328286616 -15.657104476716324, -49.69639374991333 -15.506601711427727, -49.737555648158086 -15.26219524546453, -49.537550833497946 -15.110915254584711, -49.29609302952422 -15.20418605302826), (-65.5149873802499 5.489598722214411, -65.54456354102088 5.716802526645678, -65.3663314290771 5.838411202927148, -65.15892530859179 5.733329648210285, -65.12919788159253 5.506662653498652, -65.30702672117779 5.38454011699087, -65.5149873802499 5.489598722214411)), ((-68.17913141372401 10.99334102862257, -68.38874296836586 11.09806076704456, -68.41654334210745 11.314666759565085, -68.6263391029526 11.419220646189528, -68.80883408612469 11.307270568460364, -68.78121510266764 11.090259332341422, -68.57091867488475 10.985602601217323, -68.54315846361705 10.767915491878153, -68.33304225386173 10.663099714143618, -68.15119198550397 10.776067870222143, -68.17913141372401 10.99334102862257)), ((-65.77543543271163 10.383241159536777, -65.9809005869322 10.48835262101156, -66.00979917734122 10.704058855316562, -66.21551498915505 10.809094322151603, -66.392859969571 10.698488296828883, -66.59934523381101 10.803502469537591, -66.77761173665304 10.692422662691847, -66.98485257660415 10.797409421815455, -67.16403077269642 10.685856371925698, -67.135612068609 10.46879887957256, -67.31534290254153 10.356257055189023, -67.2869579102344 10.138136817607078, -67.07867475020986 10.033003327334114, -67.05015604692589 9.81427391961839, -66.84209613193133 9.709057710154532, -66.66308056101646 9.822636285836785, -66.45577891901205 9.717412894785992, -66.27768944206827 9.83052515881715, -66.07116015769144 9.725300463413467, -65.89400636306088 9.837945519802446, -65.68826310489686 9.73272538069011, -65.51205417492868 9.844902469696734, -65.54120320124409 10.061774242971715, -65.74641106587407 10.166943823817965, -65.77543543271163 10.383241159536777), (-66.5133051303051 10.153502590178123, -66.54201835003157 10.370724808864258, -66.36411708553423 10.48232501102473, -66.15787244202845 10.37722421465323, -66.1290015181197 10.160461154459291, -66.30653186459284 10.048339145891998, -66.5133051303051 10.153502590178123)), ((-39.6761076495157 -7.5207743668973706, -39.47746661544139 -7.355226905207158, -39.522423682584986 -7.102170599385055, -39.765899767493465 -7.01457472346764, -39.964592634355796 -7.180076823474199, -40.20818132403471 -7.092248233369083, -40.407100246422516 -7.25759250629761, -40.36239553707844 -7.5108057620645114, -40.118641571589194 -7.598604835460451, -39.919758969152724 -7.433219020450258, -39.6761076495157 -7.5207743668973706)), ((-32.62038586205122 -4.149393340465708, -32.38321981848023 -4.234355266632558, -32.19240610258419 -4.069317586080915, -32.23846420275092 -3.819455397954852, -32.47530817935976 -3.7342957773453476, -32.66641476702296 -3.8991967987403915, -32.62038586205122 -4.149393340465708)), ((-61.648289409202164 12.731072652825247, -61.82407439919412 12.576132060087357, -61.792343969242495 12.360356433281394, -61.96794270103409 12.205258122365064, -61.93630117538302 11.988761707899473, -61.72877984530527 11.927024133161403, -61.552625556975954 12.082355759932579, -61.34408496212856 12.020368009300505, -61.16719778557675 12.175782260219123, -61.19940049068475 12.392947928301874, -61.02233485745765 12.548194823263334, -61.054625377338624 12.764622125259283, -60.87738336416436 12.919682135389586, -60.90976138730052 13.135355618478815, -61.1191024924822 13.195656900669753, -61.295800909661125 13.040841850651942, -61.26370201710665 12.82548157827585, -61.44022110430777 12.670474942393563, -61.648289409202164 12.731072652825247)), ((-77.83853136839271 2.9973489620038807, -78.04182055052617 2.8610525001128027, -78.0188141974938 2.617389382874644, -78.22255091168854 2.4804710590376176, -78.19963924112487 2.2360295244024084, -78.40382119051365 2.098507798216666, -78.38100533072358 1.8533070649627559, -78.58563016500541 1.7152008439185396, -78.56291124735496 1.469260588906084, -78.76797656250196 1.330589221349426, -78.74535572128745 1.0839295722836229, -78.9508590592605 0.9447128397353062, -78.92833743157524 0.6973543672834507, -79.13427628004885 0.557612476114256, -79.11185500564707 0.3095761853774296, -79.31822679774368 0.1693297578414888, -79.29590701890174 -0.0793629208167536, -79.06691455071866 -0.1876051575620467, -78.86057635919373 -0.0469958748257103, -78.88319614568469 0.2014914666447293, -78.67729677666806 0.3416025251370545, -78.70001589227586 0.5894278156019305, -78.49455785829605 0.7290198559359885, -78.51737515766155 0.9761618241502165, -78.31236091647037 1.115214465191219, -78.0845877120625 1.0075039663250398, -77.88008461163767 1.1463832674711851, -77.90328884234133 1.39258576055859, -77.69923991667075 1.5308918950424637, -77.7225378524399 1.7763647966508143, -77.5189453407067 1.9140784943721703, -77.54233584398345 2.1588020151819993, -77.33920193163846 2.2959044496541128, -77.36268386847323 2.539859255741851, -77.16001068756826 2.6763320510113533, -77.18358292774091 2.9194992705617153, -77.40954820017573 3.0264493292637584, -77.43293071996746 3.2690692471229026, -77.23062781752287 3.404481686346244, -77.25410059147325 3.646281832907734, -77.05225717718022 3.7810244571218665, -77.07581908656117 4.021987201908244, -77.30094710736779 4.128463092939204, -77.32432097287189 4.368829731664498, -77.12284382971701 4.502463318077022, -77.14630678646873 4.741962525021487, -77.37097022692114 4.84807957364534, -77.5725347082108 4.714868488635401, -77.54934934493228 4.475119158982294, -77.75136465652551 4.341212607930663, -77.72827054847208 4.100599800107349, -77.5028804418748 3.9941384034509846, -77.47959677875087 3.752921175239483, -77.68198421837774 3.617921993125758, -77.65879187244104 3.3758715023755177, -77.86163127877793 3.240214907739861, -77.83853136839271 2.9973489620038807)), ((-65.24884127928843 10.713737668562615, -65.07995445607338 10.867790638051359, -65.1092440636134 11.08194585794945, -65.30713748415948 11.141636466901554, -65.48205312778033 11.032980203685582, -65.45297819951173 10.818797421518546, -65.24884127928843 10.713737668562615)), ((-77.19313417680252 5.219448566739088, -77.21649873259497 5.457421833107874, -77.44069883550375 5.563142367519962, -77.64189518237269 5.431069187192103, -77.61880756564993 5.192850302182536, -77.39424573824937 5.086948892691636, -77.19313417680252 5.219448566739088)), ((-38.77470562791248 -6.186037389295272, -38.729601557510364 -6.4392112525426715, -38.486635150192996 -6.526404004336176, -38.28897536633835 -6.360483547732083, -38.33418750962426 -6.107440292121133, -38.576952760692734 -6.020185783982797, -38.77470562791248 -6.186037389295272)), ((-64.82965492626376 11.816402162959443, -64.80018124376058 11.603530778686855, -64.60087057103615 11.544243328295774, -64.43072294869141 11.698437601783246, -64.46047923893015 11.911696828246715, -64.66010053798104 11.97037469373382, -64.82965492626376 11.816402162959443)), ((-46.63282489056593 -14.83535557530145, -46.590097572959394 -15.081238081869628, -46.34571613929302 -15.171841422171909, -46.144083754434064 -15.016515904966585, -46.187016415902235 -14.770474920690006, -46.431377319455805 -14.679916765858591, -46.63282489056593 -14.83535557530145)), ((-79.22875200654612 -0.8275651345038085, -79.43596008504055 -0.969106882839318, -79.41364518476756 -1.2194486126578743, -79.18381828802785 -1.3280481479421498, -78.97664021080986 -1.1861583270570053, -78.99925813630671 -0.9360183549279105, -79.22875200654612 -0.8275651345038085)), ((-62.872199328962296 11.646129541049907, -63.076596768059176 11.707144261947434, -63.249713949576204 11.552266274148687, -63.21900866202968 11.336152766111859, -63.01490338923834 11.274546288650935, -62.84121132121939 11.429645908683812, -62.872199328962296 11.646129541049907)), ((-46.44387133645927 -13.286904927308514, -46.40115042422417 -13.534994019898168, -46.15717102199318 -13.625781608217356, -45.955938683287826 -13.468421114117465, -45.99886200677864 -13.220182525336208, -45.79770745746055 -13.062225012802017, -45.84067792438174 -12.81345402949921, -46.084603674078835 -12.72278297295109, -46.28558645256595 -12.880825358364076, -46.24281646000813 -13.129452774186882, -46.44387133645927 -13.286904927308514)), ((-66.71360198709881 11.66227562702714, -66.53607883494851 11.770844156953071, -66.5646237957246 11.983595849402079, -66.77053254591736 12.088208481433115, -66.94841416355537 11.980157318384144, -66.92002962737266 11.766976845208108, -66.71360198709881 11.66227562702714)), ((-45.826958818731896 -14.211182700407619, -45.86998708361671 -13.963930230694796, -46.11429558567369 -13.873464770133282, -46.315602698122035 -14.030206212540493, -46.27277589222575 -14.277311291343127, -46.028439302492075 -14.367823484365754, -45.826958818731896 -14.211182700407619)))",Peter's Jungle Frog
152,23007,22988,Hylodes asper,species,20978,Amphibia,2.32,"MULTIPOLYGON (((-46.35533450650615 -22.74004042490069, -46.559270369086306 -22.882762728240134, -46.51598470848052 -23.111939634641242, -46.71998934331393 -23.253709344820834, -46.96707817404351 -23.166485172579204, -47.17093979590621 -23.30747665202876, -47.4176551491542 -23.21964266335782, -47.62134874803306 -23.359849679883855, -47.57855271000324 -23.58769923882863, -47.78229371131113 -23.726922299101094, -48.02859164087852 -23.638488205061204, -48.23213068728995 -23.776911962743924, -48.189619125533 -24.003572605926937, -48.39319329109071 -24.140992421777415, -48.639018424293766 -24.051949862203728, -48.8423569210164 -24.18855687001205, -48.80013898845499 -24.414003572140153, -48.554346958714376 -24.503046850755727, -48.51195445948221 -24.727673898710588, -48.71558921549439 -24.863054803802427, -48.96134417834401 -24.774011048472968, -49.16472514183161 -24.908563379103587, -49.12263150643744 -25.13195280712863, -49.32602886221062 -25.26546372538788, -49.283998477469424 -25.48781031793643, -49.038329556407035 -25.57685429667189, -48.9961212289968 -25.798357552631085, -48.749991853370005 -25.886757374438144, -48.70760703666258 -26.107402104011737, -48.911589838609416 -26.239447837215895, -49.15767719408029 -26.151054035077664, -49.36139435379246 -26.28224641554845, -49.31931250561735 -26.501623729222544, -49.07327116185158 -26.59001142039491, -49.0310105728544 -26.80851660271961, -49.23503331070543 -26.938432857570028, -49.192835949597765 -27.15585708946307, -48.946374217490074 -27.24356097978852, -48.90399843894929 -27.46009288688189, -48.65707737059884 -27.54710291576014, -48.6145246516426 -27.76272906095354, -48.819131650893894 -27.89115866164269, -48.77664063015041 -28.105685833735496, -48.98127123401946 -28.23303219328445, -48.93884266348027 -28.44645457176493, -49.14349358845624 -28.572711802659445, -49.101128218258594 -28.785023996326753, -49.30579617479165 -28.910186641985113, -49.55253310460964 -28.823241029267724, -49.75691139353276 -28.947509316554275, -49.71485725568655 -29.158516703977348, -49.468176445950434 -29.245446710273495, -49.263494753141856 -29.121383682048247, -49.01628141017687 -29.207601183261175, -48.81132558730371 -29.08264053597483, -48.85386984590096 -28.871261655938454, -48.64893699702256 -28.745206361182422, -48.691543308351186 -28.532712739864962, -48.486636727445045 -28.405568122371122, -48.52930433456095 -28.19196486614765, -48.324427308979466 -28.06373667828895, -48.36715545321067 -27.849029318728675, -48.162311263376864 -27.719723746892814, -48.20509918440095 -27.503918247571562, -48.00029110350579 -27.373541918281635, -48.04313803942753 -27.15664468135375, -48.29056095136684 -27.070300871448843, -48.33323480374017 -26.852495991922325, -48.58022379069888 -26.76545249765556, -48.62272301014548 -26.546753613924842, -48.41846846356884 -26.414912091555554, -48.46102827843103 -26.19514066859405, -48.25680447481108 -26.062244935911536, -48.29942413280651 -25.841408881484078, -48.09523431895883 -25.707467221799174, -48.13791306620726 -25.48557490672058, -47.933760481681276 -25.350596070482453, -47.68668376156032 -25.437709138798894, -47.48233336199604 -25.301899153351975, -47.52529677304159 -25.078780565894306, -47.32099599252757 -24.94195065017276, -47.36401502831629 -24.71779585151973, -47.15976708250179 -24.579956019960235, -46.9122824898308 -24.66646413904224, -46.70788014932245 -24.52781490899763, -46.75117161303024 -24.302468824090617, -46.54683446588314 -24.162829142285283, -46.29901027816709 -24.248723679658532, -46.09455315306451 -24.108289658541562, -45.846412574390996 -24.19354186721114, -45.802700914260896 -24.419188168520332, -45.55423380223769 -24.503748998848348, -45.34952032665558 -24.36270784445072, -45.39343442802016 -24.136926461346558, -45.18881360603265 -23.99492360824843, -44.94013204961979 -24.07888127376619, -44.73546769432289 -23.93610471541741, -44.77962289508122 -23.70919607647396, -44.575063434946856 -23.56548056907282, -44.326224641965865 -23.648847951038405, -44.1216563688358 -23.504377204219168, -44.1660423491914 -23.27636974985298, -43.96159112646788 -23.130984207871172, -43.712652346989245 -23.213775373961756, -43.5082269856706 -23.06765434338128, -43.2591484279489 -23.149805157211354, -43.21440341556507 -23.37799768590094, -42.965111935720074 -23.459420785899013, -42.76067117557932 -23.312735931835594, -42.51129122390043 -23.3935080758389, -42.30694428460288 -23.246103655351355, -42.057507150615294 -23.326223991217603, -41.85327964173908 -23.178109861553665, -41.898521290210994 -22.949719005453943, -41.69445548244886 -22.80074992549786, -41.739726513255675 -22.571404365981973, -41.535825296467664 -22.4215956641364, -41.28664075290044 -22.501286825570098, -41.08290198631963 -22.350804508507238, -40.83374464120851 -22.42986020954364, -40.63019364886429 -22.278715379770944, -40.67578690957512 -22.048368273588387, -40.92478870235499 -21.96918941281808, -40.970263641915096 -21.737945066935612, -40.76687995945477 -21.585858365582297, -40.8123796975072 -21.353706817899194, -40.609177755139626 -21.20084319435006, -40.65470149890879 -20.967799759449512, -40.451684069191174 -20.814176666284407, -40.203170357268874 -20.893736989435503, -40.000374823876655 -20.739507469910652, -40.04605691331125 -20.505583842033865, -39.843457065262726 -20.35062743756208, -39.889159390544904 -20.115849541766384, -39.68675791525868 -19.960184850476605, -39.73247969234623 -19.724569586386444, -39.53027925657398 -19.56821563735698, -39.57601970377959 -19.331780374782372, -39.37402295346698 -19.17475662101089, -39.41978129151968 -18.937519194896296, -39.667411453671804 -18.857285281521687, -39.869465430342274 -19.01442844026091, -39.82383347850683 -19.251684775252617, -40.026085530463064 -19.40816233649341, -39.98047365126726 -19.644610546045854, -40.1829211065093 -19.80040287539753, -40.13733008224767 -20.036025261601697, -40.33997024836398 -20.19111314767292, -40.294400863554955 -20.425892480898263, -40.49723102786837 -20.580257142584802, -40.74565589406046 -20.49997500660151, -40.948691461454985 -20.65373561719488, -40.90328547348906 -20.887639489469912, -41.10649980023442 -21.04064407771725, -41.06111921530683 -21.2736666097369, -41.26450950578294 -21.42589754019108, -41.21915511635967 -21.658023083976502, -41.42271855574336 -21.809463174735384, -41.37739115605501 -22.04067656812298, -41.5811249104934 -22.191309095348366, -41.83017167032071 -22.11087654947399, -41.8753457531692 -21.879705205260755, -42.124241749450846 -21.798546890556008, -42.328088812823324 -21.948660306011135, -42.57694044553716 -21.866884260322557, -42.78089122658719 -22.016318302708438, -43.02966740734513 -21.933925256400943, -43.233696441876276 -22.08266970662531, -43.482366107356796 -21.99966072174702, -43.68644790400691 -22.1477057209125, -43.93498003922241 -22.06408219168915, -44.13908909856673 -22.21141824591657, -44.387452760060114 -22.127181898753747, -44.591563593709964 -22.2737998834814, -44.547427524568434 -22.504487071340908, -44.751646541068 -22.650209427855167, -44.9998710787564 -22.565412081872278, -45.20405737190981 -22.710396162366273, -45.452040730605916 -22.62498267684046, -45.65616887068879 -22.76922040105415, -45.90388046346726 -22.68319362924277, -46.107925095528685 -22.82667729957614, -46.35533450650615 -22.74004042490069)), ((-39.40091681434484 -17.82464890347495, -39.355229315189376 -18.064218829675795, -39.10797657022857 -18.144734446256617, -38.90660654191487 -17.98582211729946, -38.95241390194761 -17.74628977277347, -39.19947288931846 -17.66563086650238, -39.40091681434484 -17.82464890347495)), ((-29.445842249491648 -20.552990636771963, -29.398543348907765 -20.778661472304407, -29.16040631470983 -20.840951145409647, -28.969963528001983 -20.67793693313291, -29.01725064187525 -20.45251005947263, -29.25499369434567 -20.389852324949644, -29.445842249491648 -20.552990636771963)), ((-38.88863840523405 -16.864549206873292, -38.9343744970065 -16.62284123652587, -39.18101706208603 -16.54124986406919, -39.382115617184866 -16.701505407698225, -39.33649874933002 -16.943257904336964, -39.08966264955106 -17.02471161888, -38.88863840523405 -16.864549206873292)), ((-39.55687920763799 -18.22263262832815, -39.804275781981005 -18.141583493171176, -40.00618118142319 -18.299485215894904, -39.9606393098511 -18.538321737458034, -39.713062698138515 -18.61923898185265, -39.5112094482007 -18.46145027510928, -39.55687920763799 -18.22263262832815)))",Brazilian Torrent Frog
153,23027,23023,Thoropa miliaris,species,20978,Amphibia,2.32,"MULTIPOLYGON (((-43.712652346989245 -23.213775373961756, -43.5082269856706 -23.06765434338128, -43.2591484279489 -23.149805157211354, -43.21440341556507 -23.37799768590094, -42.965111935720074 -23.459420785899013, -42.76067117557932 -23.312735931835594, -42.51129122390043 -23.3935080758389, -42.30694428460288 -23.246103655351355, -42.057507150615294 -23.326223991217603, -41.85327964173908 -23.178109861553665, -41.898521290210994 -22.949719005453943, -41.69445548244886 -22.80074992549786, -41.739726513255675 -22.571404365981973, -41.535825296467664 -22.4215956641364, -41.28664075290044 -22.501286825570098, -41.08290198631963 -22.350804508507238, -40.83374464120851 -22.42986020954364, -40.63019364886429 -22.278715379770944, -40.67578690957512 -22.048368273588387, -40.92478870235499 -21.96918941281808, -40.970263641915096 -21.737945066935612, -40.76687995945477 -21.585858365582297, -40.8123796975072 -21.353706817899194, -40.609177755139626 -21.20084319435006, -40.65470149890879 -20.967799759449512, -40.451684069191174 -20.814176666284407, -40.203170357268874 -20.893736989435503, -40.000374823876655 -20.739507469910652, -40.04605691331125 -20.505583842033865, -39.843457065262726 -20.35062743756208, -39.889159390544904 -20.115849541766384, -39.68675791525868 -19.960184850476605, -39.73247969234623 -19.724569586386444, -39.53027925657398 -19.56821563735698, -39.57601970377959 -19.331780374782372, -39.37402295346698 -19.17475662101089, -39.41978129151968 -18.937519194896296, -39.667411453671804 -18.857285281521687, -39.713062698138515 -18.61923898185265, -39.5112094482007 -18.46145027510928, -39.55687920763799 -18.22263262832815, -39.355229315189376 -18.064218829675795, -39.10797657022857 -18.144734446256617, -38.90660654191487 -17.98582211729946, -38.65952776826208 -18.065805480144604, -38.45846178664351 -17.906408421004386, -38.50438312489473 -17.666926117972583, -38.751257932187116 -17.586789528521095, -38.797080091342536 -17.34653088880715, -39.04394198678443 -17.265727137479455, -39.08966264955106 -17.02471161888, -38.88863840523405 -16.864549206873292, -38.9343744970065 -16.62284123652587, -38.733563923702235 -16.462139431879873, -38.779314679452085 -16.219759798692852, -38.578720302553165 -16.058540941978265, -38.6244849599515 -15.81551084222945, -38.8707305325367 -15.73364028506786, -38.916395567102995 -15.489916351461243, -38.71592924552385 -15.328126676175666, -38.7616088100217 -15.083788835597261, -39.007639696746566 -15.001180703234846, -39.20818618110371 -15.16304383559246, -39.16262306157691 -15.407440386936063, -39.363377386196674 -15.568820725031365, -39.31783094289278 -15.812596453676642, -39.5187905483744 -15.97347099392444, -39.47326154613677 -16.216604119708357, -39.674423852362224 -16.376950194943287, -39.92116979735371 -16.294249762605187, -40.12257985454022 -16.45413845354811, -40.36943088959154 -16.37095170537728, -40.57106434829916 -16.530369328910414, -40.817990306348776 -16.4466957554199, -40.86312241688677 -16.203506262145297, -41.109944583920196 -16.119256039188787, -41.311781690506876 -16.27828616635818, -41.26679331229613 -16.5214682236001, -41.46880000969878 -16.679903659197695, -41.715784993101806 -16.59525593662905, -41.917941314137465 -16.75318077292587, -41.87313124443645 -16.995646463612477, -42.07544587051683 -17.15293925952508, -42.03066550891168 -17.394688777266325, -42.2331356115252 -17.551328677273382, -42.48034825184823 -17.466331769786027, -42.68292601078147 -17.62241736827646, -42.93007078674583 -17.53691496020102, -43.13273124938053 -17.69243434441099, -43.08830958059286 -17.93333255928605, -43.29110532320732 -18.088148519423868, -43.53824652540516 -18.00219058036076, -43.741091238306296 -18.156414034824422, -43.696879476032336 -18.39646371590314, -43.89984775939135 -18.549949827564927, -43.85567437571305 -18.78920902754418, -44.05876325535675 -18.94193900879806, -44.30592136260438 -18.855546922025137, -44.5090165105741 -19.007645309784362, -44.46506621188604 -19.245991625788513, -44.668270094875396 -19.397301954429633, -44.62436180769788 -19.634817358958, -44.827671396890764 -19.78532204457734, -45.07475714681851 -19.69846057665117, -45.278030094105816 -19.84829712105208, -45.23435789057345 -20.08483923565243, -45.43772455584974 -20.233840292306798, -45.684609255707414 -20.146456016534394, -45.887905234446606 -20.29476719231917, -45.844479108315596 -20.53029942774922, -46.0478567460047 -20.677746638416142, -46.00447902972897 -20.912390499321315, -46.20793521848367 -21.058958197153427, -46.164606680315046 -21.29269849184715, -46.368138301067205 -21.43837161581616, -46.61481056502626 -21.350475850347785, -46.81821946764586 -21.495415845420276, -46.775152354638266 -21.728074328270438, -46.978624523919194 -21.87209427301544, -46.93561010685244 -22.10381705761047, -47.13914238851001 -22.24690318735521, -47.09618142791595 -22.477676735802024, -47.29977065810695 -22.619815777936555, -47.25686391355066 -22.849627047428918, -47.46050691914985 -22.990806221350013, -47.4176551491542 -23.21964266335782, -47.62134874803306 -23.359849679883855, -47.57855271000324 -23.58769923882863, -47.78229371131113 -23.726922299101094, -48.02859164087852 -23.638488205061204, -48.23213068728995 -23.776911962743924, -48.189619125533 -24.003572605926937, -47.94333936590678 -24.092001204422523, -47.90065705917496 -24.31784279272531, -48.104483259321 -24.45506449674958, -48.35074088762107 -24.366641480149887, -48.554346958714376 -24.503046850755727, -48.51195445948221 -24.727673898710588, -48.26572292984531 -24.816091247162188, -48.22315736872753 -25.039882503399483, -48.427055906776246 -25.175061490727327, -48.67325736482826 -25.086649896959205, -48.876917578430124 -25.220996796150537, -48.83464711896187 -25.443550467561884, -48.588479710631816 -25.5319562194549, -48.54603389777694 -25.753658629699803, -48.749991853370005 -25.886757374438144, -48.70760703666258 -26.107402104011737, -48.911589838609416 -26.239447837215895, -48.86926676378752 -26.459026670545516, -49.07327116185158 -26.59001142039491, -49.0310105728544 -26.80851660271961, -48.78450582644743 -26.896231988838597, -48.74206795302473 -27.113850883271308, -48.49511091653147 -27.200877536879663, -48.452497253131696 -27.417596398682914, -48.65707737059884 -27.54710291576014, -48.6145246516426 -27.76272906095354, -48.819131650893894 -27.89115866164269, -48.77664063015041 -28.105685833735496, -48.98127123401946 -28.23303219328445, -48.93884266348027 -28.44645457176493, -49.14349358845624 -28.572711802659445, -49.101128218258594 -28.785023996326753, -48.85386984590096 -28.871261655938454, -48.64893699702256 -28.745206361182422, -48.691543308351186 -28.532712739864962, -48.486636727445045 -28.405568122371122, -48.52930433456095 -28.19196486614765, -48.324427308979466 -28.06373667828895, -48.36715545321067 -27.849029318728675, -48.162311263376864 -27.719723746892814, -48.20509918440095 -27.503918247571562, -48.00029110350579 -27.373541918281635, -48.04313803942753 -27.15664468135375, -48.29056095136684 -27.070300871448843, -48.33323480374017 -26.852495991922325, -48.58022379069888 -26.76545249765556, -48.62272301014548 -26.546753613924842, -48.41846846356884 -26.414912091555554, -48.46102827843103 -26.19514066859405, -48.25680447481108 -26.062244935911536, -48.29942413280651 -25.841408881484078, -48.09523431895883 -25.707467221799174, -48.13791306620726 -25.48557490672058, -47.933760481681276 -25.350596070482453, -47.68668376156032 -25.437709138798894, -47.48233336199604 -25.301899153351975, -47.52529677304159 -25.078780565894306, -47.32099599252757 -24.94195065017276, -47.36401502831629 -24.71779585151973, -47.15976708250179 -24.579956019960235, -46.9122824898308 -24.66646413904224, -46.70788014932245 -24.52781490899763, -46.75117161303024 -24.302468824090617, -46.54683446588314 -24.162829142285283, -46.29901027816709 -24.248723679658532, -46.09455315306451 -24.108289658541562, -45.846412574390996 -24.19354186721114, -45.802700914260896 -24.419188168520332, -45.55423380223769 -24.503748998848348, -45.34952032665558 -24.36270784445072, -45.39343442802016 -24.136926461346558, -45.18881360603265 -23.99492360824843, -44.94013204961979 -24.07888127376619, -44.73546769432289 -23.93610471541741, -44.77962289508122 -23.70919607647396, -44.575063434946856 -23.56548056907282, -44.326224641965865 -23.648847951038405, -44.1216563688358 -23.504377204219168, -44.1660423491914 -23.27636974985298, -43.96159112646788 -23.130984207871172, -43.712652346989245 -23.213775373961756)), ((-38.9895795926424 -13.855974794902071, -39.18978333867466 -14.018791255934257, -39.144290581405386 -14.264982250186357, -39.34470180958206 -14.427369156227067, -39.29922558492217 -14.672999830257666, -39.05321873016197 -14.756185494629271, -38.8528826246293 -14.593862894890556, -38.89847681216534 -14.348291567969664, -38.69835360306246 -14.185533137365969, -38.74396218757366 -13.939408592242517, -38.9895795926424 -13.855974794902071)), ((-29.540390144227672 -20.099848908870744, -29.73163586110877 -20.263107801424187, -29.684358553360482 -20.489799217474857, -29.445842249491648 -20.552990636771963, -29.398543348907765 -20.778661472304407, -29.16040631470983 -20.840951145409647, -28.969963528001983 -20.67793693313291, -29.01725064187525 -20.45251005947263, -29.25499369434567 -20.389852324949644, -29.302262907866606 -20.163403126645953, -29.540390144227672 -20.099848908870744)))",Military River Frog
154,23106,23104,Eupsophus emiliopugini,species,20978,Amphibia,2.32,"MULTIPOLYGON (((-75.74876225375027 -49.81826535420984, -75.41460364525982 -49.873892214022575, -75.31338367161088 -50.10232123047968, -74.9780613446165 -50.156158440225354, -74.74706514381432 -49.981769486019545, -74.85021090404047 -49.754399305809564, -75.1824460783957 -49.700359044784264, -75.28331893483066 -49.47206765460927, -75.05385628524122 -49.2988775142424, -75.15437717367931 -49.070743866747016, -74.927552968036 -48.897921260086655, -74.60133424227313 -48.952380968189196, -74.37822941628511 -48.779100478409, -74.48018994000606 -48.552209718518476, -74.25960671460938 -48.37934613372071, -74.36116624597686 -48.15265478984535, -74.14305280895107 -47.980231054614315, -74.24420896286195 -47.75375874415794, -74.02851498694032 -47.581797340071816, -74.12926569008883 -47.35556354973222, -73.91594227965118 -47.184086492445424, -74.01628575147295 -46.958110566319895, -73.80528539149304 -46.7871394028291, -73.9052201262474 -46.56144053079672, -73.69649663338747 -46.39099633690894, -73.38894672976349 -46.44542222039084, -73.18356880440167 -46.27469819534538, -73.28461215079105 -46.05037515981737, -73.08141242103345 -45.88021964338685, -73.18201224244339 -45.656211901373005, -72.98094826948727 -45.48664444837003, -73.08110474223706 -45.26297047400164, -72.88213524985254 -45.09401016931959, -72.98184872852077 -44.8706882385792, -72.78493356285321 -44.702353695637356, -72.8842045685736 -44.47940187651105, -72.68930465959784 -44.31171123597599, -72.78813386905364 -44.08914737896207, -72.59521119360245 -43.9221183077532, -72.69359942867665 -43.69996003673566, -72.50261697497034 -43.533609727321526, -72.60056519301055 -43.311874430815976, -72.4114869266174 -43.146219600807214, -72.50899621127805 -42.924924423585736, -72.32178704244025 -42.759981315628586, -72.41885859506618 -42.53914315072905, -72.23348434732804 -42.37492753270263, -72.3301194788469 -42.15456301382735, -72.14654685892596 -41.99109017934644, -72.24274698221811 -41.77121567365365, -72.06094355106279 -41.60850044287815, -72.15671017378003 -41.3891320441691, -71.97664431876022 -41.22718876491939, -72.07197903656608 -41.0083422872232, -71.8936199447455 -40.84718483640059, -71.98852443495201 -40.62887580795752, -71.81184206739424 -40.46851759326756, -71.90631808297121 -40.25076125091111, -72.17637027988134 -40.192298495633864, -72.2693241284237 -39.974046479051935, -72.09333167595236 -39.815321615677334, -72.18588148298294 -39.59765444232368, -72.01151707630757 -39.4397539903151, -72.10366424723246 -39.222686166737, -72.3690971701899 -39.162465441914975, -72.54438283743985 -39.31953394633934, -72.45332437378771 -39.53765616474203, -72.63024664523182 -39.69554870823296, -72.53880648053902 -39.91427286978253, -72.71739406459251 -40.07297700818922, -72.98834252351008 -40.01211424933917, -73.07863777971217 -39.79233728481109, -72.89913987166504 -39.63447680235775, -72.98907512382453 -39.41530420725056, -73.25736044578882 -39.352947031930356, -73.43774079160913 -39.5099531736254, -73.3489636458667 -39.73017167355072, -73.53105417802213 -39.88797543654435, -73.80279379736149 -39.82469600405349, -73.98749311134056 -39.9824178902475, -73.89959503770429 -40.20428604354399, -74.08607255355503 -40.36277763303053, -73.997861158585 -40.58523922930206, -74.18614865215864 -40.744486168622224, -74.09762507384403 -40.96752564897169, -74.28775512697366 -41.12751308190704, -74.19892067204117 -41.3511145761183, -73.918654672781 -41.4136799413728, -73.82819475727938 -41.63677790331713, -74.01930535183281 -41.798359288019626, -74.30178285205405 -41.73597447338681, -74.495699124726 -41.89739630201085, -74.40624756021182 -42.12207299637976, -74.60210923888549 -42.28418771062616, -74.51235182903932 -42.50937699825714, -74.22535063638217 -42.57139970916459, -74.13389132365957 -42.796032487293246, -74.33081898814339 -42.95969413598687, -74.6201338176916 -42.89785253505761, -74.81999548281696 -43.061301843185994, -74.7296328541631 -43.28746487173893, -74.93155102410138 -43.45155486353843, -74.8408894793603 -43.678178488932716, -74.54684003606766 -43.739658923476206, -74.4543949617506 -43.96567237479029, -74.65747350911589 -44.13125796167104, -74.56470387140742 -44.35769614058392, -74.76991157752276 -44.52388594213347, -75.06884400235326 -44.46276361122936, -75.27716996658701 -44.62866304106055, -75.18562947117681 -44.856560226612494, -74.88419787017243 -44.91750530811979, -74.7907865923104 -45.144738210980954, -75.00037740329022 -45.31207776131228, -74.90664958256141 -45.53968019687506, -75.11849663470376 -45.70756427208811, -75.0244555047017 -45.93551739449678, -75.23860352060078 -46.103925090425655, -75.14425262254245 -46.33220984667432, -75.36074757491419 -46.50111975742634, -75.67258073902822 -46.44086509467368, -75.89244773313463 -46.60937409882062, -75.7995192862787 -46.83901891902233, -75.48497993147264 -46.899107117428485, -75.26609077566178 -46.72971689785697, -74.95324837668103 -46.788347372416546, -74.85657730223186 -47.01618209866814, -74.54275128106497 -47.07317478354977, -74.4440487653951 -47.30022162815265, -74.66085197355564 -47.47133838786075, -74.9774386595696 -47.41455124997804, -75.19774290205412 -47.58527023579246, -75.10040429279691 -47.8136350684721, -75.32319483635732 -47.984790686661, -75.6443748276212 -47.926708879383874, -75.87074383927484 -48.09740361735397, -75.77490930939 -48.32705425037719, -76.00387548374084 -48.49813671226237, -75.90775998125739 -48.72800092108227, -75.5807867732583 -48.78573475346142, -75.48247887338361 -49.01474648344616, -75.71304399448763 -49.18707056457912, -75.61442314585055 -49.41625786563465, -75.84769023315178 -49.58892269531971, -75.74876225375027 -49.81826535420984), (-73.46920821014234 -43.752514033526396, -73.66619892565387 -43.91854391575814, -73.95947966385849 -43.859839249524484, -74.0533670516997 -43.634885919866484, -73.85538434621036 -43.46970461802894, -73.5644932478433 -43.52862747409936, -73.36949878015292 -43.363258223332714, -73.46439895943668 -43.13981346746202, -73.27136364894935 -42.975122139090686, -72.98442494037853 -43.033039239702134, -72.88819885596372 -43.255411878049635, -73.08022481428935 -43.42093877834277, -72.98358633054757 -43.64375247807075, -73.17756239373666 -43.809957766232074, -73.46920821014234 -43.752514033526396)), ((-73.42567547259084 -37.73018390697767, -73.25102016942684 -37.57735388988209, -73.33670550878551 -37.360048353020865, -73.59595797629771 -37.294553232898984, -73.77141594315114 -37.446512053595676, -73.68682799812103 -37.66483796454846, -73.42567547259084 -37.73018390697767)), ((-73.16710017656673 -38.97715424965077, -73.25520170919698 -38.75819286544225, -73.52086413480335 -38.694391629265205, -73.70041180859837 -38.84972326966384, -73.61345897310697 -39.06972092896769, -73.34579983323268 -39.133349884885554, -73.16710017656673 -38.97715424965077)))",Emilio's Ground Frog
155,23109,23104,Eupsophus vertebralis,species,20978,Amphibia,2.32,"MULTIPOLYGON (((-75.26609077566178 -46.72971689785697, -74.95324837668103 -46.788347372416546, -74.73776771273728 -46.61856946970518, -74.83409970778239 -46.39102899268494, -74.62095908018547 -46.221754565781225, -74.71694889123687 -45.99452757220252, -74.50610222429506 -45.82577792372815, -74.2002918103276 -45.8834014878378, -74.10271454259328 -46.10956264308195, -73.7960213833064 -46.16559354330516, -73.58952985905624 -45.99569692132454, -73.68864361849295 -45.770609053922165, -73.48434040425741 -45.60128013057083, -73.58304239477162 -45.3765258498812, -73.38088502881439 -45.207784274467286, -73.47917468513613 -44.98338204337381, -73.27912186129294 -44.81524698621923, -73.3769988181105 -44.59121505995471, -73.17901034618916 -44.42370521109268, -73.27647442571006 -44.200061627570676, -73.08051119349898 -44.03319519572253, -72.78813386905364 -44.08914737896207, -72.59521119360245 -43.9221183077532, -72.69359942867665 -43.69996003673566, -72.98358633054757 -43.64375247807075, -73.17756239373666 -43.809957766232074, -73.46920821014234 -43.752514033526396, -73.66619892565387 -43.91854391575814, -73.95947966385849 -43.859839249524484, -74.15950494102182 -44.02566275558052, -74.4543949617506 -43.96567237479029, -74.65747350911589 -44.13125796167104, -74.56470387140742 -44.35769614058392, -74.76991157752276 -44.52388594213347, -74.67681978551339 -44.75073068374262, -74.88419787017243 -44.91750530811979, -74.7907865923104 -45.144738210980954, -74.48844686089748 -45.204136322175295, -74.39314953190656 -45.43067940166569, -74.6017470510273 -45.598883461615785, -74.90664958256141 -45.53968019687506, -75.11849663470376 -45.70756427208811, -75.0244555047017 -45.93551739449678, -75.23860352060078 -46.103925090425655, -75.14425262254245 -46.33220984667432, -75.36074757491419 -46.50111975742634, -75.26609077566178 -46.72971689785697)), ((-72.4399954102437 -40.73099318553653, -72.2606602062641 -40.57065735420584, -72.35401942348804 -40.35183530886798, -72.17637027988134 -40.192298495633864, -72.2693241284237 -39.974046479051935, -72.09333167595236 -39.815321615677334, -72.18588148298294 -39.59765444232368, -72.01151707630757 -39.4397539903151, -71.74554105152545 -39.4986986601304, -71.57371599816331 -39.340813940229786, -71.66691778160325 -39.12480408714477, -71.9308999422594 -39.06562212021347, -72.0226459552836 -38.84916784084982, -71.85145448735986 -38.692951729695174, -71.94280088835758 -38.47712487308601, -71.77315565127722 -38.32176776637834, -71.86410404895217 -38.10658189176352, -71.69597907473869 -37.952094401474525, -71.78653113605763 -37.7375627457763, -71.61990107549025 -37.58395503073319, -71.71005852137417 -37.37009050591774, -71.54489862522553 -37.217372276019454, -71.63466322648392 -37.00418746683089, -71.88862262758107 -36.94268678488628, -71.97703972826221 -36.7291624757205, -71.81246256497536 -36.57817146607916, -71.84308072634627 -36.379111240498105, -71.62185387136827 -36.241923202739166, -71.65255082122798 -36.04184950524913, -71.90418014327639 -35.97879311607246, -72.12573423233455 -36.11601362269656, -72.37808759356781 -36.05200853411674, -72.40826972713428 -35.85058409237595, -72.66071135277483 -35.78542930810692, -72.88357385675864 -35.92189237503928, -72.8536975160038 -36.12347860356414, -73.07724577671195 -36.25910821839599, -72.99251231603414 -36.474257864228385, -73.16251644082021 -36.6244878879252, -73.41804686770624 -36.558701029553944, -73.59036595891945 -36.70893870618089, -73.50637314775986 -36.9258332033469, -73.68024859310313 -37.076936656099825, -73.93889789730379 -37.0102669898777, -74.11513363710324 -37.16134534223784, -74.03195141021533 -37.37997452587736, -74.20980210911732 -37.53189627540819, -74.12634322313524 -37.75123778372072, -73.86389527979398 -37.81764126859524, -73.77901060217958 -38.03666342171151, -73.95771463699913 -38.190299843181855, -74.22210189280877 -38.12403216708236, -74.40326545091476 -38.27760624773435, -74.31925677849685 -38.49833224221726, -74.05290283832744 -38.5644624889985, -73.96742698854797 -38.78483647517342, -73.70041180859837 -38.84972326966384, -73.61345897310697 -39.06972092896769, -73.79469411125626 -39.22586234528026, -73.70742546430003 -39.44649820666638, -73.89037757131813 -39.60343653613632, -73.80279379736149 -39.82469600405349, -73.98749311134056 -39.9824178902475, -73.89959503770429 -40.20428604354399, -74.08607255355503 -40.36277763303053, -73.997861158585 -40.58523922930206, -74.18614865215864 -40.744486168622224, -74.09762507384403 -40.96752564897169, -74.28775512697366 -41.12751308190704, -74.19892067204117 -41.3511145761183, -73.918654672781 -41.4136799413728, -73.82819475727938 -41.63677790331713, -74.01930535183281 -41.798359288019626, -74.30178285205405 -41.73597447338681, -74.495699124726 -41.89739630201085, -74.40624756021182 -42.12207299637976, -74.60210923888549 -42.28418771062616, -74.51235182903932 -42.50937699825714, -74.22535063638217 -42.57139970916459, -74.13389132365957 -42.796032487293246, -74.33081898814339 -42.95969413598687, -74.23902930137423 -43.18480462848451, -74.43796886494687 -43.34912563310545, -74.7296328541631 -43.28746487173893, -74.93155102410138 -43.45155486353843, -74.8408894793603 -43.678178488932716, -74.54684003606766 -43.739658923476206, -74.34585051809653 -43.574696437520934, -74.0533670516997 -43.634885919866484, -73.85538434621036 -43.46970461802894, -73.5644932478433 -43.52862747409936, -73.36949878015292 -43.363258223332714, -73.46439895943668 -43.13981346746202, -73.27136364894935 -42.975122139090686, -72.98442494037853 -43.033039239702134, -72.88819885596372 -43.255411878049635, -72.60056519301055 -43.311874430815976, -72.4114869266174 -43.146219600807214, -72.50899621127805 -42.924924423585736, -72.79431299569053 -42.86820748882191, -72.89012714253785 -42.646292991190336, -72.70189406093047 -42.482172668788266, -72.41885859506618 -42.53914315072905, -72.23348434732804 -42.37492753270263, -72.3301194788469 -42.15456301382735, -72.61090840792772 -42.097340034269905, -72.70590059767902 -41.876392008444334, -72.52132339949665 -41.713741452892, -72.6159058148601 -41.49330121627672, -72.43310736821063 -41.33140803767173, -72.52728096219539 -41.11149158664096, -72.34622958116866 -40.95037014181276, -72.4399954102437 -40.73099318553653)))",Valdivia Ground Frog
156,23112,23104,Eupsophus roseus,species,20978,Amphibia,2.32,"MULTIPOLYGON (((-78.59332447135222 -33.45302147001378, -78.84849421112793 -33.369789306140035, -79.07860759185282 -33.50059019250065, -79.05349981353989 -33.71459055409154, -78.79790604942853 -33.797707424969566, -78.56784534522203 -33.66693761590283, -78.59332447135222 -33.45302147001378)), ((-72.11659945443957 -34.554726393148215, -72.0863892276892 -34.76033972623194, -72.30718670791575 -34.89922034542859, -72.2770575758646 -35.103838416873494, -72.49854461128487 -35.241927353902774, -72.75046267089209 -35.175427182940105, -72.97293209196377 -35.312740196409784, -72.94319105851079 -35.51652189729378, -72.69067355336595 -35.58282518605638, -72.66071135277483 -35.78542930810692, -72.88357385675864 -35.92189237503928, -72.8536975160038 -36.12347860356414, -73.07724577671195 -36.25910821839599, -72.99251231603414 -36.474257864228385, -73.16251644082021 -36.6244878879252, -73.41804686770624 -36.558701029553944, -73.59036595891945 -36.70893870618089, -73.50637314775986 -36.9258332033469, -73.68024859310313 -37.076936656099825, -73.93889789730379 -37.0102669898777, -74.11513363710324 -37.16134534223784, -74.03195141021533 -37.37997452587736, -74.20980210911732 -37.53189627540819, -74.12634322313524 -37.75123778372072, -73.86389527979398 -37.81764126859524, -73.77901060217958 -38.03666342171151, -73.95771463699913 -38.190299843181855, -74.22210189280877 -38.12403216708236, -74.40326545091476 -38.27760624773435, -74.31925677849685 -38.49833224221726, -74.05290283832744 -38.5644624889985, -73.96742698854797 -38.78483647517342, -73.70041180859837 -38.84972326966384, -73.61345897310697 -39.06972092896769, -73.79469411125626 -39.22586234528026, -73.70742546430003 -39.44649820666638, -73.89037757131813 -39.60343653613632, -73.80279379736149 -39.82469600405349, -73.98749311134056 -39.9824178902475, -73.89959503770429 -40.20428604354399, -74.08607255355503 -40.36277763303053, -73.997861158585 -40.58523922930206, -74.18614865215864 -40.744486168622224, -74.09762507384403 -40.96752564897169, -74.28775512697366 -41.12751308190704, -74.19892067204117 -41.3511145761183, -73.918654672781 -41.4136799413728, -73.82819475727938 -41.63677790331713, -74.01930535183281 -41.798359288019626, -74.30178285205405 -41.73597447338681, -74.495699124726 -41.89739630201085, -74.40624756021182 -42.12207299637976, -74.60210923888549 -42.28418771062616, -74.51235182903932 -42.50937699825714, -74.22535063638217 -42.57139970916459, -74.13389132365957 -42.796032487293246, -74.33081898814339 -42.95969413598687, -74.23902930137423 -43.18480462848451, -74.43796886494687 -43.34912563310545, -74.34585051809653 -43.574696437520934, -74.0533670516997 -43.634885919866484, -73.85538434621036 -43.46970461802894, -73.5644932478433 -43.52862747409936, -73.36949878015292 -43.363258223332714, -73.46439895943668 -43.13981346746202, -73.27136364894935 -42.975122139090686, -72.98442494037853 -43.033039239702134, -72.88819885596372 -43.255411878049635, -73.08022481428935 -43.42093877834277, -72.98358633054757 -43.64375247807075, -73.17756239373666 -43.809957766232074, -73.46920821014234 -43.752514033526396, -73.66619892565387 -43.91854391575814, -73.95947966385849 -43.859839249524484, -74.15950494102182 -44.02566275558052, -74.4543949617506 -43.96567237479029, -74.65747350911589 -44.13125796167104, -74.56470387140742 -44.35769614058392, -74.76991157752276 -44.52388594213347, -74.67681978551339 -44.75073068374262, -74.37700248471599 -44.810325113784955, -74.28205489635981 -45.03649816671539, -74.48844686089748 -45.204136322175295, -74.39314953190656 -45.43067940166569, -74.6017470510273 -45.598883461615785, -74.50610222429506 -45.82577792372815, -74.2002918103276 -45.8834014878378, -73.99272723462258 -45.7143449618994, -73.68864361849295 -45.770609053922165, -73.48434040425741 -45.60128013057083, -73.58304239477162 -45.3765258498812, -73.88455836639406 -45.32002728885643, -73.98137614663133 -45.09455114515945, -73.77816396306929 -44.92664801640168, -73.47917468513613 -44.98338204337381, -73.27912186129294 -44.81524698621923, -72.98184872852077 -44.8706882385792, -72.78493356285321 -44.702353695637356, -72.8842045685736 -44.47940187651105, -72.68930465959784 -44.31171123597599, -72.78813386905364 -44.08914737896207, -72.59521119360245 -43.9221183077532, -72.69359942867665 -43.69996003673566, -72.50261697497034 -43.533609727321526, -72.60056519301055 -43.311874430815976, -72.4114869266174 -43.146219600807214, -72.50899621127805 -42.924924423585736, -72.32178704244025 -42.759981315628586, -72.41885859506618 -42.53914315072905, -72.23348434732804 -42.37492753270263, -72.3301194788469 -42.15456301382735, -72.14654685892596 -41.99109017934644, -71.86736327150744 -42.0471705796458, -71.68658545027553 -41.883645226225674, -71.78395413704892 -41.664848517041264, -72.06094355106279 -41.60850044287815, -72.15671017378003 -41.3891320441691, -71.97664431876022 -41.22718876491939, -72.07197903656608 -41.0083422872232, -71.8936199447455 -40.84718483640059, -71.62092049155785 -40.9040628021629, -71.44523344317308 -40.742894747347535, -71.54123980914922 -40.52565741460024, -71.36719029456957 -40.36530163367807, -71.46274713611245 -40.148614600554524, -71.29030669105026 -39.989083580232965, -71.38541638803234 -39.77296161322105, -71.21455725165421 -39.61426738327367, -71.30922223013256 -39.3987249492748, -71.1399173228957 -39.240879085179614, -71.2341400508456 -39.02593034723109, -71.06636295317256 -38.86894397309126, -71.16014593647964 -38.654602786474534, -70.99387086823512 -38.498486578215, -71.08721664693039 -38.28476648694619, -71.34586332278498 -38.226109051473095, -71.43780886905822 -38.01197187240687, -71.27208253817153 -37.8575448122847, -71.36361356442087 -37.64405842890435, -71.19934873372102 -37.49052127908442, -71.29046742051138 -37.27769844199335, -71.54489862522553 -37.217372276019454, -71.63466322648392 -37.00418746683089, -71.47094932744018 -36.852367987510064, -71.21834857348804 -36.912913648222876, -71.05693506896856 -36.761183813651066, -71.08805899048676 -36.563477759471276, -71.33943428543108 -36.50272044881169, -71.37034541168637 -36.303830119538986, -71.15016923132762 -36.16587208885409, -71.18115571689968 -35.96597434330489, -70.9616927465271 -35.827226627388654, -70.99275302637895 -35.62632836562733, -70.77400396650351 -35.48680496193699, -70.8051364884135 -35.28491346803552, -70.58710196632083 -35.14462872499965, -70.61830519094971 -34.94175166976037, -70.86726526554438 -34.878963088512506, -70.89826168301327 -34.67490705660024, -71.14737282715475 -34.61097569497516, -71.36611895763573 -34.751330585039256, -71.61599478863309 -34.68648429597468, -71.64649725279908 -34.48105758583171, -71.89649264063135 -34.41506874792743, -71.92678239694678 -34.20846849580725, -71.70736728503326 -34.06804884355306, -71.73773501756318 -33.86047041822707, -71.51901256830635 -33.719304138054746, -71.5494567355723 -33.51075669040819, -71.33142783605521 -33.36885951843787, -71.36194690853395 -33.15935260587464, -71.61021116619163 -33.0915356814297, -71.82857006460794 -33.23346242705596, -71.79833632554349 -33.44317513950467, -72.01738302855611 -33.58437150267406, -71.98722750835726 -33.79311793932783, -72.20696102899338 -33.933568008428296, -72.17688527179774 -34.1413387355659, -72.39730454882984 -34.281026958484134, -72.3673101103656 -34.487812951189085, -72.11659945443957 -34.554726393148215)), ((-74.83409970778239 -46.39102899268494, -75.14425262254245 -46.33220984667432, -75.36074757491419 -46.50111975742634, -75.26609077566178 -46.72971689785697, -74.95324837668103 -46.788347372416546, -74.73776771273728 -46.61856946970518, -74.83409970778239 -46.39102899268494)), ((-80.74723314593535 -33.97334793507379, -80.51498370497613 -33.84623227487494, -80.53894878826586 -33.6320329539584, -80.79477446223987 -33.54489933355575, -81.02699718216886 -33.6720532568872, -81.00342206005804 -33.886300892900174, -80.74723314593535 -33.97334793507379)))",Nahuelbuta Ground Frog
157,23124,23113,Physalaemus gracilis,species,20978,Amphibia,2.32,"MULTIPOLYGON (((-57.42307405412076 -35.26252230324054, -57.38548134392235 -35.44879010983947, -57.58325307564883 -35.540351653937925, -57.545754788401894 -35.725509592614586, -57.7433781128004 -35.8159665830308, -57.70597477340458 -36.00001756369763, -57.470633972978035 -36.09382899341817, -57.43301137222086 -36.27698958922442, -57.196896460153425 -36.370124690140685, -56.998167814520286 -36.28010480669729, -56.7610540840156 -36.3725583669091, -56.72290104535048 -36.55502270871062, -56.922172701882346 -36.64483329452365, -56.884112723927984 -36.826191924311054, -57.083247180171554 -36.914907608381675, -57.045280815635664 -37.095164104312126, -57.24427499206712 -37.182789438993055, -57.206402788742366 -37.36194756157945, -57.405253615165606 -37.448487274448674, -57.36747611588328 -37.626550959413315, -57.56618053171057 -37.71200994613331, -57.528498274294975 -37.88898329738179, -57.727053228825866 -37.97336661468294, -57.68946674604962 -38.14925389740118, -57.88786919874781 -38.232566756192185, -58.11010258735692 -38.20477970411088, -58.29564781962996 -38.35217525626652, -58.25825345660985 -38.52721994805813, -58.03521650932127 -38.55463096497044, -57.85037901828798 -38.407372390069604, -57.61416831606775 -38.49904311690206, -57.415200654483414 -38.41592121829557, -57.45300837242311 -38.24093873010065, -57.253892938368836 -38.156748470495195, -57.29179581370994 -37.980681419979696, -57.092535679092336 -37.895417560943265, -57.13053316795923 -37.71826155313147, -56.93113141443604 -37.63191900797459, -56.96922296794733 -37.453669804878714, -56.769682686644884 -37.36624364548175, -56.807867750959915 -37.18689717294269, -56.60819204218885 -37.09838263671049, -56.64647005855515 -36.91793499136429, -56.44666203152427 -36.8283274883058, -56.48503243632567 -36.64677494467252, -56.2850952088541 -36.55607006460236, -56.32355743365987 -36.373409082294344, -56.5616483157643 -36.28164850948786, -56.599893857564695 -36.098075067133905, -56.8372354230211 -36.005614448071924, -57.03610301893087 -36.096735431825316, -57.27245482315527 -36.00359362948575, -57.310171764222986 -35.81932628823655, -57.1118488987742 -35.72798806276778, -56.87526379203523 -35.8211355114353, -56.67626031380101 -35.72890929295251, -56.714381295849705 -35.543317763311364, -56.95119610130689 -35.4501657294977, -56.98910011066468 -35.263675883723515, -57.225156922663956 -35.16985216985031, -57.26284352595033 -34.982471796217204, -57.49813549461122 -34.88799029131615, -57.535604296850934 -34.69972748752542, -57.33809283763739 -34.60571250277484, -57.10256397368781 -34.700193822459916, -57.06478401209725 -34.88868924382791, -56.82849566493584 -34.982514694422036, -56.62975991784276 -34.887844186399406, -56.392496581323456 -34.98100218301277, -56.35419204716047 -35.16882714828091, -56.11618889432981 -35.26130324378995, -55.916277735796484 -35.16595651163545, -55.954887618729344 -34.97791683446989, -55.75485791697943 -34.8814519808251, -55.51571117779116 -34.97324167172789, -55.476798544397795 -35.16149095619731, -55.23693867930986 -35.252575089980176, -55.03579805504546 -35.15541394187165, -54.795044921171865 -35.245786015098275, -54.59332087292276 -35.147709422700984, -54.632830650235405 -34.95905637466021, -54.431013077609464 -34.8598576887641, -54.18921649698794 -34.9495147283879, -53.986845529534634 -34.84939455564212, -54.026733453115085 -34.6594153182047, -53.82428079988732 -34.558169749299374, -53.58148966854063 -34.647103866392094, -53.37851431856939 -34.54493167092565, -53.418773536421895 -34.353625629465306, -53.215728504967615 -34.25032559521788, -53.256068919302606 -34.05788212514531, -53.05295749436726 -33.95345258931006, -53.093378439763754 -33.75987044073116, -52.89020391168633 -33.65431001796166, -52.930704719018635 -33.45958821684295, -52.727470380155694 -33.3528958075071, -52.48332053380847 -33.441128008874536, -52.27962149267782 -33.33350578231761, -52.32047957110049 -33.137449573121906, -52.11673293857825 -33.02869532727396, -52.15766788888543 -32.83149691601747, -51.9538769779972 -32.721610374670405, -51.99488810782282 -32.523269754681195, -51.791056231774235 -32.412250957077084, -51.83214284548558 -32.212768434343786, -51.628273317340756 -32.10061774344886, -51.66943471610858 -31.89999394501684, -51.46553084846903 -31.786712055773542, -51.22009362438314 -31.87425919613508, -51.01579351456829 -31.76005209505822, -51.0572948479703 -31.55809412217309, -50.8529727916156 -31.442759080358478, -50.606798063759754 -31.529584752133864, -50.402112901122905 -31.41332576976851, -50.443945911387914 -31.210039988788754, -50.23925128370536 -31.09265745364407, -50.2811534194893 -30.888232944720837, -50.07645265343103 -30.76972911829522, -50.11842318217728 -30.56416810237766, -49.91371960087511 -30.444545619406895, -49.95575778756407 -30.237850686522474, -49.75105471029417 -30.117112562737297, -49.79315981751881 -29.90928668002935, -49.588460559385425 -29.787436319790174, -49.63063184742683 -29.578482839443403, -49.425939719047335 -29.455524043235727, -49.468176445950434 -29.245446710273495, -49.263494753141856 -29.121383682048247, -49.01628141017687 -29.207601183261175, -48.81132558730371 -29.08264053597483, -48.85386984590096 -28.871261655938454, -48.64893699702256 -28.745206361182422, -48.691543308351186 -28.532712739864962, -48.486636727445045 -28.405568122371122, -48.52930433456095 -28.19196486614765, -48.324427308979466 -28.06373667828895, -48.36715545321067 -27.849029318728675, -48.162311263376864 -27.719723746892814, -48.20509918440095 -27.503918247571562, -48.00029110350579 -27.373541918281635, -48.04313803942753 -27.15664468135375, -48.29056095136684 -27.070300871448843, -48.33323480374017 -26.852495991922325, -48.58022379069888 -26.76545249765556, -48.62272301014548 -26.546753613924842, -48.41846846356884 -26.414912091555554, -48.46102827843103 -26.19514066859405, -48.70760703666258 -26.107402104011737, -48.749991853370005 -25.886757374438144, -48.9961212289968 -25.798357552631085, -49.038329556407035 -25.57685429667189, -49.283998477469424 -25.48781031793643, -49.48740899062955 -25.620271075222703, -49.44544258865551 -25.841565996352756, -49.648863019052556 -25.97296831419646, -49.89394481225489 -25.88328667781452, -50.09706003054475 -26.013836263207978, -50.055406400705834 -26.23385275818721, -50.25851927333616 -26.36332993329474, -50.21693288216423 -26.582277689486588, -50.42004016325296 -26.710675408899707, -50.37852172671958 -26.9285471237378, -50.581620166912415 -27.055858794190783, -50.82589979713626 -26.965516983624713, -51.028642186443506 -27.09195678307846, -51.27229536016404 -27.000975232321576, -51.47465818706195 -27.12654195187501, -51.433727341650865 -27.342864993386648, -51.636060259472856 -27.467329927345506, -51.87895210243855 -27.375698535799206, -52.08087344750419 -27.499285201418015, -52.040282311585884 -27.714273473478432, -52.24216172563223 -27.836749176178976, -52.48424072096759 -27.74446798867963, -52.68567704241198 -27.86606147302594, -52.6454332004534 -28.07970186428758, -52.846815680821265 -28.20017649477006, -53.088031219149826 -28.107246718923257, -53.288939615599546 -28.226836391090167, -53.24905036238893 -28.439117121129545, -53.449893134568924 -28.55758130254384, -53.41008346512345 -28.768758569834002, -53.61085743070949 -28.88609422327581, -53.85100616908113 -28.79249352687002, -54.05126716484331 -28.908940280609045, -54.01182120220729 -29.118744365936344, -54.212001775423644 -29.23405782831417, -54.17263813920968 -29.44275184225017, -54.37273513713474 -29.556930008970543, -54.33345444627179 -29.764510757757364, -54.53346472016358 -29.877551995328943, -54.49426758963662 -30.08401665682265, -54.694187995053994 -30.195919694406847, -54.65507503584632 -30.401265810183247, -54.854902432945465 -30.51202973135771, -54.81587425198143 -30.71625519872881, -55.01560550581176 -30.825879433181612, -55.25388607401683 -30.731523111565927, -55.453033417338986 -30.84025300997063, -55.414385527588195 -31.043092575541912, -55.613425435969404 -31.15068215155115, -55.5748648650154 -31.35239980985065, -55.7737942448706 -31.45884938392126, -55.73532157267192 -31.6594441409611, -55.9341373369428 -31.764754349318817, -55.89575313905979 -31.964225530748248, -56.09445220750138 -32.06839731692633, -56.33102458802409 -31.973344895908262, -56.5290875051527 -32.07662676282274, -56.49109504256033 -32.274712736344185, -56.68903028564847 -32.376858102039435, -56.65112866928985 -32.57382243726018, -56.84893320798747 -32.6748330329503, -56.81112298482154 -32.87067603896598, -57.00879379715009 -32.97055387267685, -57.243738127332534 -32.87483745322411, -57.440730249851555 -32.97383358911257, -57.40332054201889 -33.16829631889956, -57.6001682665067 -33.266163426546605, -57.56285217311691 -33.45950895889078, -57.75955253427415 -33.556249753194145, -57.72233057250719 -33.7484792844501, -57.91888061488663 -33.84409672707456, -57.88175329700283 -34.03521170948654, -58.07815007527151 -34.12970900070769, -58.311108331929404 -34.033340042500704, -58.34792173877199 -33.84248162646898, -58.1520912805894 -33.74773457916684, -58.18900039415796 -33.55576449940151, -58.421425712117895 -33.4588051746881, -58.458116354826075 -33.26598956059964, -58.68975033274083 -33.168448347259286, -58.88443095398293 -33.26371178039679, -58.848055767879 -33.45625445742251, -59.032114559424116 -33.608561730723224, -59.253211546293244 -33.56843237140992, -59.43869175084082 -33.72047457210778, -59.40241539810893 -33.91253731010738, -59.58865829982979 -34.06419124378687, -59.55237594546129 -34.255430158625686, -59.329738543044385 -34.29469715874157, -59.293337957604734 -34.484792061048864, -59.47968638944943 -34.63593197583154, -59.44327910315667 -34.82519288161222, -59.22041226343586 -34.8630067989511, -59.18388707183587 -35.05112482166764, -58.961571515543454 -35.08791229315402, -58.77655997727 -34.93700236818315, -58.55558248684429 -34.97319122790445, -58.51883876729438 -35.15986737933547, -58.28585892052354 -35.2556259307237, -58.0893656160344 -35.164707421156024, -57.85533994050769 -35.2598328118013, -57.6581255911279 -35.168041915516866, -57.42307405412076 -35.26252230324054), (-49.319312505617354 -26.501623729222544, -49.36139435379246 -26.28224641554845, -49.15767719408029 -26.151054035077664, -48.91158983860942 -26.239447837215895, -48.86926676378753 -26.459026670545516, -49.07327116185158 -26.59001142039491, -49.319312505617354 -26.501623729222544)))",Graceful Dwarf Frog
158,23126,23113,Physalaemus nanus,species,20978,Amphibia,2.32,"MULTIPOLYGON (((-49.39687376511341 -27.284697792580626, -49.354740372010326 -27.501034224160474, -49.10832566530701 -27.588726677277734, -49.06601272867965 -27.80416504504433, -49.2703576440384 -27.93171606421176, -49.22810829445356 -28.146054780464848, -49.43246762015977 -28.27251700368234, -49.390282600768046 -28.485750389520366, -49.59465305271186 -28.61111822622028, -49.55253310460964 -28.823241029267724, -49.75691139353276 -28.947509316554275, -49.71485725568655 -29.158516703977348, -49.91924008749143 -29.281680699912496, -49.87725249666238 -29.491568251227914, -50.081636572723056 -29.61362362790314, -50.039716263391654 -29.82238732759768, -50.24409828086593 -29.943330164009293, -50.202245985156935 -30.150966393987787, -50.40662263729979 -30.270793168733036, -50.65251638201312 -30.18319057251408, -50.85654229671155 -30.30210583800272, -51.1018132772835 -30.21379219233897, -51.30546442899228 -30.331796162423707, -51.264202571130056 -30.537901398596603, -51.46782687629957 -30.654779922803176, -51.42663800021242 -30.859752776563145, -51.18155921276548 -30.9480513837349, -50.97757219281755 -30.831383511829006, -50.731848966708384 -30.918963919818214, -50.690205079936504 -31.12319988985052, -50.443945911387914 -31.210039988788754, -50.23925128370536 -31.09265745364407, -50.2811534194893 -30.888232944720837, -50.07645265343103 -30.76972911829522, -50.11842318217728 -30.56416810237766, -49.91371960087511 -30.444545619406895, -49.95575778756407 -30.237850686522474, -49.75105471029417 -30.117112562737297, -49.79315981751881 -29.90928668002935, -49.588460559385425 -29.787436319790174, -49.63063184742683 -29.578482839443403, -49.425939719047335 -29.455524043235727, -49.468176445950434 -29.245446710273495, -49.263494753141856 -29.121383682048247, -49.01628141017687 -29.207601183261175, -48.81132558730371 -29.08264053597483, -48.85386984590096 -28.871261655938454, -48.64893699702256 -28.745206361182422, -48.691543308351186 -28.532712739864962, -48.486636727445045 -28.405568122371122, -48.52930433456095 -28.19196486614765, -48.324427308979466 -28.06373667828895, -48.36715545321067 -27.849029318728675, -48.162311263376864 -27.719723746892814, -48.20509918440095 -27.503918247571562, -48.00029110350579 -27.373541918281635, -48.04313803942753 -27.15664468135375, -48.29056095136684 -27.070300871448843, -48.33323480374017 -26.852495991922325, -48.58022379069888 -26.76545249765556, -48.62272301014548 -26.546753613924842, -48.41846846356884 -26.414912091555554, -48.46102827843103 -26.19514066859405, -48.25680447481108 -26.062244935911536, -48.29942413280651 -25.841408881484078, -48.09523431895883 -25.707467221799174, -48.13791306620726 -25.48557490672058, -47.933760481681276 -25.350596070482453, -47.97649756278102 -25.127656333631116, -48.22315736872753 -25.039882503399483, -48.427055906776246 -25.175061490727327, -48.38454984523537 -25.39781290011212, -48.588479710631816 -25.5319562194549, -48.54603389777694 -25.753658629699803, -48.749991853370005 -25.886757374438144, -48.9961212289968 -25.798357552631085, -49.19982265041904 -25.93060971960917, -49.15767719408029 -26.151054035077664, -49.36139435379246 -26.28224641554845, -49.31931250561735 -26.501623729222544, -49.52304215241202 -26.631748661670244, -49.4810246474965 -26.850051370706097, -49.684763524948266 -26.979101651317222, -49.64281109631767 -27.196322605733457, -49.39687376511341 -27.284697792580626)), ((-47.77238543956494 -24.99164954276509, -47.52529677304159 -25.078780565894306, -47.32099599252757 -24.94195065017276, -47.36401502831629 -24.71779585151973, -47.611111659897176 -24.630646647602674, -47.815180097669156 -24.767671695738912, -47.77238543956494 -24.99164954276509)), ((-46.9122824898308 -24.66646413904224, -46.70788014932245 -24.52781490899763, -46.75117161303024 -24.302468824090617, -46.99864907334248 -24.215935707389942, -47.20284097781135 -24.35477496034053, -47.15976708250179 -24.579956019960235, -46.9122824898308 -24.66646413904224)))",Santa Catharina Dwarf Frog
159,23131,23113,Physalaemus signifer,species,20978,Amphibia,2.32,"MULTIPOLYGON (((-41.73850982793604 -17.720231433297098, -41.941008588707234 -17.876755468264935, -41.89613207112515 -18.11705759018442, -42.09878922320661 -18.27290339608854, -42.34628986566372 -18.188566528181994, -42.549062366383225 -18.343839724496853, -42.50437581196883 -18.5833230076194, -42.70729520002564 -18.737883245702573, -42.95484595573356 -18.653087490508824, -43.15784695367006 -18.80704872699978, -43.113360948173295 -19.045671294654912, -43.31649718775253 -19.1988860449398, -43.27204692153026 -19.43669224209938, -43.47531545701327 -19.589142067065858, -43.43090171424092 -19.82611442869491, -43.63429958417106 -19.97778134518765, -43.589923149758846 -20.213902885560664, -43.34197341024941 -20.298441363374643, -43.297458879991666 -20.533782787330818, -43.50106892073782 -20.684499848315422, -43.749109036699565 -20.600023588769506, -43.9527566293728 -20.750072590210173, -43.908457168988946 -20.984443467795327, -44.11222511962302 -21.13365840024695, -44.36018573571107 -21.04865726740537, -44.5639569736166 -21.197181585559598, -44.81172079264854 -21.111596245445458, -45.015469984260505 -21.259420707646296, -44.97158708730632 -21.492666505909913, -45.17543565684255 -21.639616328786783, -45.423021706660535 -21.553484963563335, -45.62681393039969 -21.69971425744573, -45.58317403102029 -21.9319044865912, -45.78705351297447 -22.077232632738966, -46.03440532369888 -21.990541669934714, -46.23819418018846 -22.13512988498409, -46.194807252859135 -22.366232335571333, -46.39867118576794 -22.509894303904755, -46.64573243614569 -22.422631327837184, -46.68890883619969 -22.191687937611064, -46.93561010685244 -22.10381705761047, -47.13914238851001 -22.24690318735521, -47.09618142791595 -22.477676735802024, -47.29977065810695 -22.619815777936555, -47.54609939417497 -22.531365722296556, -47.749513875905336 -22.672733413934818, -47.706829330077085 -22.902361397641695, -47.91028852684397 -23.042759582508175, -47.867660892473936 -23.271410177142453, -48.07116161342603 -23.41082688727703, -48.02859164087852 -23.638488205061204, -48.23213068728995 -23.776911962743924, -48.189619125533 -24.003572605926937, -48.39319329109071 -24.140992421777415, -48.639018424293766 -24.051949862203728, -48.8423569210164 -24.18855687001205, -48.80013898845499 -24.414003572140153, -48.554346958714376 -24.503046850755727, -48.51195445948221 -24.727673898710588, -48.71558921549439 -24.863054803802427, -48.96134417834401 -24.774011048472968, -49.16472514183161 -24.908563379103587, -49.12263150643744 -25.13195280712863, -48.876917578430124 -25.220996796150537, -48.83464711896187 -25.443550467561884, -49.038329556407035 -25.57685429667189, -48.9961212289968 -25.798357552631085, -48.749991853370005 -25.886757374438144, -48.70760703666258 -26.107402104011737, -48.911589838609416 -26.239447837215895, -49.15767719408029 -26.151054035077664, -49.36139435379246 -26.28224641554845, -49.31931250561735 -26.501623729222544, -49.07327116185158 -26.59001142039491, -49.0310105728544 -26.80851660271961, -49.23503331070543 -26.938432857570028, -49.192835949597765 -27.15585708946307, -48.946374217490074 -27.24356097978852, -48.90399843894929 -27.46009288688189, -48.65707737059884 -27.54710291576014, -48.6145246516426 -27.76272906095354, -48.819131650893894 -27.89115866164269, -48.77664063015041 -28.105685833735496, -48.98127123401946 -28.23303219328445, -48.93884266348027 -28.44645457176493, -49.14349358845624 -28.572711802659445, -49.101128218258594 -28.785023996326753, -49.30579617479165 -28.910186641985113, -49.55253310460964 -28.823241029267724, -49.75691139353276 -28.947509316554275, -49.71485725568655 -29.158516703977348, -49.468176445950434 -29.245446710273495, -49.263494753141856 -29.121383682048247, -49.01628141017687 -29.207601183261175, -48.81132558730371 -29.08264053597483, -48.85386984590096 -28.871261655938454, -48.64893699702256 -28.745206361182422, -48.691543308351186 -28.532712739864962, -48.486636727445045 -28.405568122371122, -48.52930433456095 -28.19196486614765, -48.324427308979466 -28.06373667828895, -48.36715545321067 -27.849029318728675, -48.162311263376864 -27.719723746892814, -48.20509918440095 -27.503918247571562, -48.00029110350579 -27.373541918281635, -48.04313803942753 -27.15664468135375, -48.29056095136684 -27.070300871448843, -48.33323480374017 -26.852495991922325, -48.58022379069888 -26.76545249765556, -48.62272301014548 -26.546753613924842, -48.41846846356884 -26.414912091555554, -48.46102827843103 -26.19514066859405, -48.25680447481108 -26.062244935911536, -48.29942413280651 -25.841408881484078, -48.09523431895883 -25.707467221799174, -48.13791306620726 -25.48557490672058, -47.933760481681276 -25.350596070482453, -47.68668376156032 -25.437709138798894, -47.48233336199604 -25.301899153351975, -47.52529677304159 -25.078780565894306, -47.32099599252757 -24.94195065017276, -47.36401502831629 -24.71779585151973, -47.15976708250179 -24.579956019960235, -46.9122824898308 -24.66646413904224, -46.70788014932245 -24.52781490899763, -46.75117161303024 -24.302468824090617, -46.54683446588314 -24.162829142285283, -46.29901027816709 -24.248723679658532, -46.09455315306451 -24.108289658541562, -45.846412574390996 -24.19354186721114, -45.802700914260896 -24.419188168520332, -45.55423380223769 -24.503748998848348, -45.34952032665558 -24.36270784445072, -45.39343442802016 -24.136926461346558, -45.18881360603265 -23.99492360824843, -44.94013204961979 -24.07888127376619, -44.73546769432289 -23.93610471541741, -44.77962289508122 -23.70919607647396, -44.575063434946856 -23.56548056907282, -44.326224641965865 -23.648847951038405, -44.1216563688358 -23.504377204219168, -44.1660423491914 -23.27636974985298, -43.96159112646788 -23.130984207871172, -43.712652346989245 -23.213775373961756, -43.5082269856706 -23.06765434338128, -43.2591484279489 -23.149805157211354, -43.21440341556507 -23.37799768590094, -42.965111935720074 -23.459420785899013, -42.76067117557932 -23.312735931835594, -42.51129122390043 -23.3935080758389, -42.30694428460288 -23.246103655351355, -42.057507150615294 -23.326223991217603, -41.85327964173908 -23.178109861553665, -41.898521290210994 -22.949719005453943, -41.69445548244886 -22.80074992549786, -41.739726513255675 -22.571404365981973, -41.535825296467664 -22.4215956641364, -41.28664075290044 -22.501286825570098, -41.08290198631963 -22.350804508507238, -40.83374464120851 -22.42986020954364, -40.63019364886429 -22.278715379770944, -40.67578690957512 -22.048368273588387, -40.92478870235499 -21.96918941281808, -40.970263641915096 -21.737945066935612, -40.76687995945477 -21.585858365582297, -40.8123796975072 -21.353706817899194, -40.609177755139626 -21.20084319435006, -40.65470149890879 -20.967799759449512, -40.451684069191174 -20.814176666284407, -40.203170357268874 -20.893736989435503, -40.000374823876655 -20.739507469910652, -40.04605691331125 -20.505583842033865, -39.843457065262726 -20.35062743756208, -39.889159390544904 -20.115849541766384, -39.68675791525868 -19.960184850476605, -39.73247969234623 -19.724569586386444, -39.53027925657398 -19.56821563735698, -39.57601970377959 -19.331780374782372, -39.37402295346698 -19.17475662101089, -39.41978129151968 -18.937519194896296, -39.667411453671804 -18.857285281521687, -39.713062698138515 -18.61923898185265, -39.5112094482007 -18.46145027510928, -39.55687920763799 -18.22263262832815, -39.355229315189376 -18.064218829675795, -39.10797657022857 -18.144734446256617, -38.90660654191487 -17.98582211729946, -38.65952776826208 -18.065805480144604, -38.45846178664351 -17.906408421004386, -38.50438312489473 -17.666926117972583, -38.751257932187116 -17.586789528521095, -38.797080091342536 -17.34653088880715, -39.04394198678443 -17.265727137479455, -39.08966264955106 -17.02471161888, -38.88863840523405 -16.864549206873292, -38.9343744970065 -16.62284123652587, -38.733563923702235 -16.462139431879873, -38.779314679452085 -16.219759798692852, -38.578720302553165 -16.058540941978265, -38.6244849599515 -15.81551084222945, -38.8707305325367 -15.73364028506786, -38.916395567102995 -15.489916351461243, -38.71592924552385 -15.328126676175666, -38.7616088100217 -15.083788835597261, -39.007639696746566 -15.001180703234846, -39.20818618110371 -15.16304383559246, -39.16262306157691 -15.407440386936063, -39.363377386196674 -15.568820725031365, -39.31783094289278 -15.812596453676642, -39.5187905483744 -15.97347099392444, -39.47326154613677 -16.216604119708357, -39.674423852362224 -16.376950194943287, -39.92116979735371 -16.294249762605187, -40.12257985454022 -16.45413845354811, -40.07719775458739 -16.696632890251, -40.27879971882001 -16.855954176776194, -40.52581670772736 -16.77287607331737, -40.727633791560834 -16.931709846886864, -40.682409436887724 -17.1735187821849, -40.8844074359954 -17.331747165593924, -41.13164084754325 -17.248269941290616, -41.33382099380472 -17.4059815203796, -41.28876518553426 -17.647059282025733, -41.49111507053854 -17.804128507928418, -41.73850982793604 -17.720231433297098)), ((-38.69835360306246 -14.185533137365969, -38.74396218757366 -13.939408592242517, -38.9895795926424 -13.855974794902071, -39.18978333867466 -14.018791255934257, -39.144290581405386 -14.264982250186357, -39.34470180958206 -14.427369156227067, -39.29922558492217 -14.672999830257666, -39.05321873016197 -14.756185494629271, -38.8528826246293 -14.593862894890556, -38.89847681216534 -14.348291567969664, -38.69835360306246 -14.185533137365969)), ((-29.445842249491648 -20.552990636771963, -29.398543348907765 -20.778661472304407, -29.16040631470983 -20.840951145409647, -28.969963528001983 -20.67793693313291, -29.01725064187525 -20.45251005947263, -29.25499369434567 -20.389852324949644, -29.302262907866606 -20.163403126645953, -29.540390144227672 -20.099848908870744, -29.73163586110877 -20.263107801424187, -29.684358553360482 -20.489799217474857, -29.445842249491648 -20.552990636771963)), ((-38.72637451855945 -12.787448211000045, -38.680836703653256 -13.03517983152743, -38.43562176843099 -13.118864830488581, -38.23615214300821 -12.954943607007692, -38.28179940262527 -12.707300222642123, -38.5268082798072 -12.623488623041776, -38.72637451855945 -12.787448211000045)))",Girard’s Dwarf Frog
160,23132,23113,Physalaemus olfersii,species,20978,Amphibia,2.32,"MULTIPOLYGON (((-47.15976708250179 -24.579956019960235, -47.20284097781135 -24.35477496034053, -46.99864907334248 -24.215935707389942, -47.041777061864906 -23.98973881943207, -46.83764439610064 -23.849911122404563, -46.59017802943862 -23.936469616198263, -46.38590926036497 -23.795850778248262, -46.13810731730885 -23.881777583709503, -45.933727712481726 -23.740374002186947, -45.68562055382401 -23.825665513236952, -45.48115549481378 -23.683483978004382, -45.52496244468986 -23.455832736074285, -45.32058718414464 -23.31270395637899, -45.07225389408896 -23.397404214520474, -44.86782776276573 -23.253515181784486, -44.9118774093819 -23.024753123242128, -44.70755328911264 -22.879940579028364, -44.459050844541196 -22.964062555457193, -44.41481025638157 -23.192939997182744, -44.1660423491914 -23.27636974985298, -43.96159112646788 -23.130984207871172, -44.006017290018065 -22.902001999289652, -43.80168617350736 -22.75571549582281, -43.552833282486546 -22.83857802390443, -43.34853702394628 -22.69156774156599, -43.09955547145995 -22.77379791636422, -42.89531965525353 -22.626073156530065, -42.646240576860805 -22.707669678453577, -42.44209077357317 -22.559240113109613, -42.1929453464586 -22.640202022469527, -41.988907093692035 -22.49107768954053, -42.034051206401784 -22.260837811885935, -42.283073771938376 -22.17977851954031, -42.328088812823324 -21.948660306011135, -42.57694044553716 -21.866884260322557, -42.78089122658719 -22.016318302708438, -43.02966740734513 -21.933925256400943, -43.233696441876276 -22.08266970662531, -43.482366107356796 -21.99966072174702, -43.52690805667936 -21.767833567651458, -43.32295544310682 -21.618931994265203, -43.36753440165984 -21.38618461125576, -43.61589024636555 -21.30242647322232, -43.6603304569702 -21.068858388576142, -43.908457168988946 -20.984443467795327, -44.11222511962302 -21.13365840024695, -44.0679653260143 -21.36713041273519, -44.27185061248957 -21.515495166997074, -44.51988297657027 -21.43054615463395, -44.723762585137564 -21.578207921272764, -44.97158708730632 -21.492666505909913, -45.17543565684255 -21.639616328786783, -45.13159738040724 -21.871940321854325, -45.335542242494256 -22.018000484682414, -45.58317403102029 -21.9319044865912, -45.78705351297447 -22.077232632738966, -46.03440532369888 -21.990541669934714, -46.077841727879786 -21.758496269974145, -46.324859708723295 -21.67119364657185, -46.528463631484186 -21.81595762431088, -46.48523575207341 -22.047847188412216, -46.68890883619969 -22.191687937611064, -46.64573243614569 -22.422631327837184, -46.84947153060813 -22.565535257072867, -46.80634737557449 -22.795519261632652, -47.010149319229214 -22.937473270648802, -47.25686391355066 -22.849627047428918, -47.46050691914985 -22.990806221350013, -47.4176551491542 -23.21964266335782, -47.62134874803306 -23.359849679883855, -47.867660892473936 -23.271410177142453, -48.07116161342603 -23.41082688727703, -48.31704108320599 -23.32178649136127, -48.5203242440449 -23.46040743975728, -48.47798496541935 -23.687870364118023, -48.68129739965687 -23.825489676418858, -48.926678905136384 -23.735845657950335, -49.1297402666012 -23.872655770035887, -49.08769836821568 -24.098905584466298, -49.29077676939377 -24.234695342855428, -49.53560579234076 -24.144440877262625, -49.73839989130599 -24.279409331222144, -49.98268809222435 -24.188557536356896, -50.185173918742066 -24.322701014513953, -50.14368570275147 -24.547482454594753, -50.34616743666305 -24.68058119598211, -50.30474643169265 -24.904334652802426, -50.50722085524333 -25.036379908163173, -50.46586776932952 -25.25909608012221, -50.66833166149928 -25.39007957271415, -50.62704720022023 -25.611749627204865, -50.38304501836609 -25.70267201420755, -50.341575330409 -25.923523015142067, -50.09706003054475 -26.013836263207978, -50.055406400705834 -26.23385275818721, -50.25851927333616 -26.36332993329474, -50.21693288216423 -26.582277689486588, -49.97198270903681 -26.67196865130136, -49.93021262726438 -26.890060181467945, -49.684763524948266 -26.979101651317222, -49.64281109631767 -27.196322605733457, -49.39687376511341 -27.284697792580626, -49.192835949597765 -27.15585708946307, -48.946374217490074 -27.24356097978852, -48.90399843894929 -27.46009288688189, -48.65707737059884 -27.54710291576014, -48.452497253131696 -27.417596398682914, -48.49511091653147 -27.200877536879663, -48.74206795302473 -27.113850883271308, -48.78450582644743 -26.896231988838597, -48.58022379069888 -26.76545249765556, -48.62272301014548 -26.546753613924842, -48.86926676378752 -26.459026670545516, -48.911589838609416 -26.239447837215895, -48.70760703666258 -26.107402104011737, -48.749991853370005 -25.886757374438144, -48.54603389777694 -25.753658629699803, -48.588479710631816 -25.5319562194549, -48.38454984523537 -25.39781290011212, -48.427055906776246 -25.175061490727327, -48.22315736872753 -25.039882503399483, -47.97649756278102 -25.127656333631116, -47.77238543956494 -24.99164954276509, -47.815180097669156 -24.767671695738912, -48.06185894930749 -24.679885972367703, -48.104483259321 -24.45506449674958, -47.90065705917496 -24.31784279272531, -47.653963136790196 -24.405640478997906, -47.611111659897176 -24.630646647602674, -47.36401502831629 -24.71779585151973, -47.15976708250179 -24.579956019960235)), ((-41.24245245854587 -20.33811502822015, -41.197166445731284 -20.572862171351286, -40.948691461454985 -20.65373561719488, -40.74565589406046 -20.49997500660151, -40.79108649443023 -20.265205925128733, -41.03940951386363 -20.184218041443643, -41.24245245854587 -20.33811502822015)), ((-42.10073035961727 -20.715002185881083, -41.85224778373856 -20.797058606141377, -41.64887661749816 -20.644541758007932, -41.69401228491347 -20.409828232143944, -41.942364480200126 -20.32767549133214, -42.14570997343725 -20.480333943481536, -42.10073035961727 -20.715002185881083)))",Atlantic Forest Dwarf Frog
161,23138,23113,Physalaemus lisei,species,20978,Amphibia,2.32,"MULTIPOLYGON (((-49.55253310460964 -28.823241029267724, -49.59465305271186 -28.61111822622028, -49.390282600768046 -28.485750389520366, -49.43246762015977 -28.27251700368234, -49.22810829445356 -28.146054780464848, -48.98127123401946 -28.23303219328445, -48.77664063015041 -28.105685833735496, -48.819131650893894 -27.89115866164269, -48.6145246516426 -27.76272906095354, -48.65707737059884 -27.54710291576014, -48.90399843894929 -27.46009288688189, -48.946374217490074 -27.24356097978852, -49.192835949597765 -27.15585708946307, -49.39687376511341 -27.284697792580626, -49.64281109631767 -27.196322605733457, -49.846555943087054 -27.32429148291693, -50.09194012878203 -27.235251266299603, -50.13364332048391 -27.018242139010752, -50.37852172671958 -26.9285471237378, -50.581620166912415 -27.055858794190783, -50.82589979713626 -26.965516983624713, -51.028642186443506 -27.09195678307846, -50.987449907575495 -27.308516881905952, -51.19017126168751 -27.433859541216673, -51.14905009273062 -27.6493301330554, -51.35174716511466 -27.77357024088295, -51.310697803683695 -27.987945487021964, -51.51336734612471 -28.111078062082733, -51.756717436049996 -28.02005967941398, -51.95898082881388 -28.142306113281688, -51.91827044721123 -28.355343814777257, -52.12049422265565 -28.47647437974408, -52.07985869368869 -28.68840668572504, -52.282039614909735 -28.808417521111853, -52.241479615732004 -29.01923997671573, -51.99846798684311 -29.110288700985016, -51.795900535704504 -28.99050441510613, -51.55219903023399 -29.080888080374205, -51.51117610854391 -29.29105983119152, -51.26691133354174 -29.380771661058716, -51.22569642510214 -29.590044414584945, -50.98087840914113 -29.67906856578044, -50.77718344298211 -29.558821852886087, -50.53173631283619 -29.647149999071356, -50.490071239446564 -29.855716451586026, -50.24409828086593 -29.943330164009293, -50.039716263391654 -29.82238732759768, -50.081636572723056 -29.61362362790314, -49.87725249666238 -29.491568251227914, -49.91924008749143 -29.281680699912496, -49.71485725568655 -29.158516703977348, -49.75691139353276 -28.947509316554275, -49.55253310460964 -28.823241029267724)), ((-53.37352537392509 -31.27211157150554, -53.575247010275405 -31.383072536171056, -53.535315226767636 -31.584902291361722, -53.29337844863814 -31.676000060789338, -53.09122628839302 -31.56526333250608, -52.84851657304051 -31.655670628367805, -52.64588429706137 -31.544018257420998, -52.68637769335055 -31.3417393717885, -52.92922514415342 -31.25133299366674, -53.13144058695957 -31.36320575080129, -53.37352537392509 -31.27211157150554)), ((-52.20011040505827 -30.386343067438432, -52.15938597188128 -30.592019693312672, -51.915559211146785 -30.681731839882833, -51.712342370905276 -30.56576674040663, -51.7533374189415 -30.35987229684327, -51.99727963185984 -30.270159582790157, -52.20011040505827 -30.386343067438432)))",Braun's Dwarf Frog
162,23144,23113,Physalaemus cuvieri,species,20978,Amphibia,2.32,"MULTIPOLYGON (((-59.55808116012946 -7.773732933614404, -59.74333451328576 -7.922690490330527, -59.70906060555045 -8.16563604152114, -59.48923978795483 -8.26014328790296, -59.454763023744505 -8.50329494346693, -59.64040077647496 -8.651415982473576, -59.85996240400793 -8.5565146522301, -60.044875732863545 -8.704039912216581, -60.263411012584356 -8.609070874899777, -60.447586148147835 -8.755995358275062, -60.66508042571044 -8.66096326156339, -60.84850401794982 -8.807282234036032, -61.06494316918899 -8.712191766440517, -61.247602288680696 -8.8579007543003, -61.46297271927088 -8.762756641343064, -61.64485485794597 -8.907851428527293, -61.611952988518254 -9.147934842121336, -61.7936389350227 -9.292251719078234, -62.00763404663732 -9.19664494356278, -62.18852562796363 -9.340335705340928, -62.401420639330865 -9.244680620782322, -62.5815063301214 -9.387741851934097, -62.79325637102987 -9.296140149397987, -62.97342980219969 -9.443416662814064, -63.18618178992389 -9.351420356810427, -63.367489290337716 -9.498939450201462, -63.58123081916668 -9.40654622763417, -63.76366472181539 -9.55429768066096, -63.97838285748607 -9.461505280969492, -64.16193499854226 -9.609478685263147, -64.37761627543945 -9.516284904534315, -64.56227798906905 -9.664469667423734, -64.77890840794181 -9.570872362597253, -64.96467052153771 -9.719257711132384, -64.93334527290848 -9.96154356634716, -65.11974851039487 -10.11042023327675, -65.3379278871179 -10.016709313558495, -65.5254205678637 -10.165762879977613, -65.74451570933 -10.071636762672446, -65.93308739838128 -10.220855847719752, -65.90212706734746 -10.46449323798078, -66.09133796892164 -10.61415687630706, -66.3119393545833 -10.519892379402936, -66.50221645792719 -10.669696464223351, -66.72369690415417 -10.575004715867843, -66.91502848184855 -10.724937295601421, -66.88446455882685 -10.969842309516075, -67.0764320332933 -11.120170266198466, -67.29937107651216 -11.025313944765184, -67.49237831676162 -11.175744014102985, -67.46204456589402 -11.42130120384421, -67.65568573387067 -11.572089958321673, -67.8800547795435 -11.477052119272471, -68.0747198543025 -11.62791574179302, -68.2999038297206 -11.532427750601965, -68.49557897402957 -11.683353409065155, -68.46569285072577 -11.930025598216272, -68.66199624679186 -12.08125702815938, -68.6321571765289 -12.327976028847884, -68.82908899449673 -12.4794898406257, -68.79929811413103 -12.72623094344855, -68.5723628478631 -12.820962126162149, -68.542407471203 -13.067210871153035, -68.73959984476096 -13.219218623471738, -68.70969233626307 -13.465446906730408, -68.90751702418532 -13.617681690638133, -69.13561487488174 -13.523460400400158, -69.1653059239849 -13.276749480606385, -69.39359416147687 -13.181785179444573, -69.5927643238803 -13.333778718025037, -69.8218026613387 -13.23832441975295, -70.02193801183863 -13.390290118365067, -69.99269590785802 -13.63793198463719, -69.76308996804889 -13.733149094476822, -69.56329508112773 -13.58096090490501, -69.33443251916553 -13.675678865407473, -69.304793131853 -13.922337412024412, -69.07611564209792 -14.01630259908811, -68.87765853590739 -13.86386477777769, -68.64976027237448 -13.957326919745979, -68.6197355970641 -14.202960599579503, -68.39204609330194 -14.295647889587533, -68.36185650274133 -14.54071095928458, -68.13438490138405 -14.632608133859831, -68.104031686673 -14.877079771995582, -68.30135952991598 -15.030141590306627, -68.27105202816514 -15.274491578936534, -68.0432072753579 -15.3652900487795, -68.01273596015331 -15.609011320782164, -67.78512235426649 -15.698981443046977, -67.75448855021018 -15.942054167258604, -67.52711520881722 -16.031182187984935, -67.330987032468 -15.877548709578702, -67.10447779099098 -15.966141787881737, -67.07348336534 -16.208047416828737, -66.84723721345648 -16.295780853005365, -66.81608589712978 -16.53699695941968, -66.59011175204748 -16.623858235353516, -66.39591481369196 -16.469840559849025, -66.17085050401337 -16.556163553471066, -66.13935557578924 -16.796157879430993, -65.91458534969429 -16.881593262278724, -65.88293929303344 -17.12085977775364, -65.65847184271203 -17.205396272130223, -65.46628960027087 -17.051028293407107, -65.24277545227734 -17.135025439701195, -65.2108030598243 -17.373019860655283, -64.98761296155521 -17.45610474000562, -64.95549534451484 -17.69333578460166, -64.73263774040628 -17.775498354437243, -64.70037639418663 -18.01194982050807, -64.8911419187823 -18.166768705639335, -64.85890600571244 -18.402955507708374, -64.63573551210307 -18.483793088893098, -64.6033558730604 -18.719170072270597, -64.38053079817692 -18.7990594378266, -64.34800895653164 -19.033611546590087, -64.12553765210045 -19.11254423896247, -64.09287514457061 -19.346256870418518, -64.28284664076207 -19.501561331395393, -64.25020606454616 -19.734944891888333, -64.44086363200574 -19.890318651616674, -64.40824601272078 -20.12335155967241, -64.18480582006288 -20.20049463350519, -64.15204604957701 -20.43264716170298, -64.3428911890424 -20.58816533847134, -64.31015388103627 -20.819932757204924, -64.50169004689374 -20.975467945156588, -64.46897624160835 -21.206829228444253, -64.24455921349019 -21.28215562975951, -64.21170175020434 -21.512598120032415, -64.4034280825911 -21.66820651709091, -64.37059362369737 -21.898209775699108, -64.56301598586987 -22.053783410279046, -64.5302055864933 -22.283327045653184, -64.72332532282354 -22.43884327808148, -64.69054005061261 -22.667907110710704, -64.88435846951072 -22.823343330056964, -64.85159940469897 -23.051907404228935, -64.62484748539843 -23.124569552543356, -64.43153123634494 -22.969078229152213, -64.46446326510066 -22.7409804581327, -64.27184809801246 -22.585403306847542, -64.04681106181812 -22.65786935867598, -63.855409456549296 -22.502167857683574, -63.88852957348625 -22.274061815203673, -63.697828422758704 -22.118313444742302, -63.474528525203695 -22.19061059634326, -63.28505113394439 -22.034770680795294, -63.318347381778906 -21.8067011170256, -63.12956931760834 -21.650852913163448, -63.16288191470207 -21.422348894203445, -62.974801529814044 -21.266514654573484, -62.753942203212375 -21.339111511259215, -62.56709461088943 -21.183233822131296, -62.34732801742862 -21.25527171676211, -62.31372491056116 -21.48273728362913, -62.09437648051542 -21.553767334441623, -62.06064543185903 -21.78029293398601, -61.8417228870278 -21.8503107458947, -61.8078655345077 -22.07588584140724, -61.589376518798886 -22.144887447335726, -61.55539450944019 -22.369501944393917, -61.337346587430176 -22.437483799364525, -61.30324157692321 -22.661128042494763, -61.085642232457104 -22.728087017435296, -61.05141588472193 -22.95075178643029, -60.83427251955419 -23.016685161716076, -60.79992650630476 -23.23836166762416, -60.583246438781146 -23.303267126373232, -60.54878243908914 -23.523947007175867, -60.73111760664986 -23.680235132258705, -60.69665463733611 -23.900421820680997, -60.479737792607 -23.963809347590857, -60.44515706438631 -24.182981809647035, -60.22173756524799 -24.28588515126121, -60.18694292284938 -24.504506801695836, -59.96271741099915 -24.607163034071174, -59.92770885553858 -24.825216062920795, -59.702681919856076 -24.927605303147786, -59.66745948384731 -25.145072135304634, -59.857573973211544 -25.259727342870637, -59.822447566869414 -25.476176556916613, -59.59689648065381 -25.57838528640942, -59.56155583496232 -25.794222804465473, -59.33520865098791 -25.89611877178156, -59.29965384362522 -26.111327786423235, -59.4907560593648 -26.22423835981895, -59.455296851147324 -26.438408105280637, -59.22842540271486 -26.54006219869042, -59.192751691882364 -26.753579545564744, -58.96508984961508 -26.854876227904356, -58.92920176028153 -27.06772517662986, -59.12128509652737 -27.178895031193683, -59.08549213494345 -27.390685628398447, -59.2774060426986 -27.500718291973506, -59.2417086545306 -27.71144626201457, -59.01378669159678 -27.812514311223715, -58.97787413300486 -28.02254536117501, -58.74916325852776 -28.123207295106784, -58.55610587536836 -28.013770379587285, -58.32635676070916 -28.113945903338916, -58.28992024627476 -28.323619363699546, -58.05939809756232 -28.423357055920636, -58.02274750086195 -28.632295276306845, -57.791458224356745 -28.731576894150308, -57.75459382123111 -28.939765615137677, -57.52254350499625 -29.038573107721316, -57.48546560684326 -29.245998380783565, -57.25266052156131 -29.344313898793914, -57.05670221425429 -29.235158133424367, -56.822922355426215 -29.332923497452487, -56.78532781554571 -29.539884219347996, -56.55081156269192 -29.637126943234517, -56.513005320413654 -29.84328862254756, -56.27775958579946 -29.939991362874753, -56.23974211950741 -30.145341069688797, -56.43727110406448 -30.25369374278511, -56.399343065572225 -30.457932124891677, -56.59674688657998 -30.565143669480726, -56.55890882507977 -30.768269014279113, -56.75618447524354 -30.87433976888519, -56.7184369353584 -31.0763506969819, -56.48311056502254 -31.172574386234622, -56.44515030145152 -31.373750082986028, -56.20909228813417 -31.46938844939828, -56.17091979251467 -31.669717452418418, -56.36910734523849 -31.774137266546116, -56.33102458802409 -31.973344895908262, -56.09445220750138 -32.06839731692633, -56.05615705504505 -32.266744559831, -56.254736354510854 -32.36977916621188, -56.21653081409208 -32.5670024109076, -55.97944387316713 -32.66144519495384, -55.94102578115786 -32.85779542524322, -56.13999672620636 -32.95945319346141, -56.101668115082845 -33.15467778385689, -56.30051804859413 -33.255202753884895, -56.262279486292215 -33.449302436102684, -56.02488759992305 -33.543118542834044, -55.98643563270468 -33.73633219974579, -56.185678939767314 -33.83549295742849, -56.14731689128874 -34.02758148652117, -55.909408121639615 -34.12074032112761, -55.87083251509654 -34.31193269624094, -55.632200920802674 -34.404415631568334, -55.43194355005639 -34.305705422769776, -55.19240059733673 -34.39750085391069, -55.15331194230748 -34.588002924871176, -54.91306766439891 -34.67909660114458, -54.87376808785777 -34.86867807109249, -54.632830650235405 -34.95905637466021, -54.431013077609464 -34.8598576887641, -54.18921649698794 -34.9495147283879, -53.986845529534634 -34.84939455564212, -54.026733453115085 -34.6594153182047, -53.82428079988732 -34.558169749299374, -53.58148966854063 -34.647103866392094, -53.37851431856939 -34.54493167092565, -53.418773536421895 -34.353625629465306, -53.215728504967615 -34.25032559521788, -53.256068919302606 -34.05788212514531, -53.05295749436726 -33.95345258931006, -53.093378439763754 -33.75987044073116, -52.89020391168633 -33.65431001796166, -52.930704719018635 -33.45958821684295, -52.727470380155694 -33.3528958075071, -52.48332053380847 -33.441128008874536, -52.27962149267782 -33.33350578231761, -52.32047957110049 -33.137449573121906, -52.11673293857825 -33.02869532727396, -52.15766788888543 -32.83149691601747, -51.9538769779972 -32.721610374670405, -51.99488810782282 -32.523269754681195, -51.791056231774235 -32.412250957077084, -51.83214284548558 -32.212768434343786, -51.628273317340756 -32.10061774344886, -51.66943471610858 -31.89999394501684, -51.46553084846903 -31.786712055773542, -51.22009362438314 -31.87425919613508, -51.01579351456829 -31.76005209505822, -51.0572948479703 -31.55809412217309, -50.8529727916156 -31.442759080358478, -50.606798063759754 -31.529584752133864, -50.402112901122905 -31.41332576976851, -50.443945911387914 -31.210039988788754, -50.23925128370536 -31.09265745364407, -50.2811534194893 -30.888232944720837, -50.07645265343103 -30.76972911829522, -50.11842318217728 -30.56416810237766, -49.91371960087511 -30.444545619406895, -49.95575778756407 -30.237850686522474, -49.75105471029417 -30.117112562737297, -49.79315981751881 -29.90928668002935, -49.588460559385425 -29.787436319790174, -49.63063184742683 -29.578482839443403, -49.425939719047335 -29.455524043235727, -49.468176445950434 -29.245446710273495, -49.263494753141856 -29.121383682048247, -49.01628141017687 -29.207601183261175, -48.81132558730371 -29.08264053597483, -48.85386984590096 -28.871261655938454, -48.64893699702256 -28.745206361182422, -48.691543308351186 -28.532712739864962, -48.486636727445045 -28.405568122371122, -48.52930433456095 -28.19196486614765, -48.324427308979466 -28.06373667828895, -48.36715545321067 -27.849029318728675, -48.162311263376864 -27.719723746892814, -48.20509918440095 -27.503918247571562, -48.00029110350579 -27.373541918281635, -48.04313803942753 -27.15664468135375, -48.29056095136684 -27.070300871448843, -48.33323480374017 -26.852495991922325, -48.58022379069888 -26.76545249765556, -48.62272301014548 -26.546753613924842, -48.41846846356884 -26.414912091555554, -48.46102827843103 -26.19514066859405, -48.25680447481108 -26.062244935911536, -48.29942413280651 -25.841408881484078, -48.09523431895883 -25.707467221799174, -48.13791306620726 -25.48557490672058, -47.933760481681276 -25.350596070482453, -47.68668376156032 -25.437709138798894, -47.48233336199604 -25.301899153351975, -47.52529677304159 -25.078780565894306, -47.32099599252757 -24.94195065017276, -47.36401502831629 -24.71779585151973, -47.15976708250179 -24.579956019960235, -46.9122824898308 -24.66646413904224, -46.70788014932245 -24.52781490899763, -46.75117161303024 -24.302468824090617, -46.54683446588314 -24.162829142285283, -46.29901027816709 -24.248723679658532, -46.09455315306451 -24.108289658541562, -45.846412574390996 -24.19354186721114, -45.802700914260896 -24.419188168520332, -45.55423380223769 -24.503748998848348, -45.34952032665558 -24.36270784445072, -45.39343442802016 -24.136926461346558, -45.18881360603265 -23.99492360824843, -44.94013204961979 -24.07888127376619, -44.73546769432289 -23.93610471541741, -44.77962289508122 -23.70919607647396, -44.575063434946856 -23.56548056907282, -44.326224641965865 -23.648847951038405, -44.1216563688358 -23.504377204219168, -44.1660423491914 -23.27636974985298, -43.96159112646788 -23.130984207871172, -43.712652346989245 -23.213775373961756, -43.5082269856706 -23.06765434338128, -43.2591484279489 -23.149805157211354, -43.21440341556507 -23.37799768590094, -42.965111935720074 -23.459420785899013, -42.76067117557932 -23.312735931835594, -42.51129122390043 -23.3935080758389, -42.30694428460288 -23.246103655351355, -42.057507150615294 -23.326223991217603, -41.85327964173908 -23.178109861553665, -41.898521290210994 -22.949719005453943, -41.69445548244886 -22.80074992549786, -41.739726513255675 -22.571404365981973, -41.535825296467664 -22.4215956641364, -41.28664075290044 -22.501286825570098, -41.08290198631963 -22.350804508507238, -40.83374464120851 -22.42986020954364, -40.63019364886429 -22.278715379770944, -40.67578690957512 -22.048368273588387, -40.92478870235499 -21.96918941281808, -40.970263641915096 -21.737945066935612, -40.76687995945477 -21.585858365582297, -40.8123796975072 -21.353706817899194, -40.609177755139626 -21.20084319435006, -40.65470149890879 -20.967799759449512, -40.451684069191174 -20.814176666284407, -40.203170357268874 -20.893736989435503, -40.000374823876655 -20.739507469910652, -40.04605691331125 -20.505583842033865, -39.843457065262726 -20.35062743756208, -39.889159390544904 -20.115849541766384, -39.68675791525868 -19.960184850476605, -39.73247969234623 -19.724569586386444, -39.53027925657398 -19.56821563735698, -39.57601970377959 -19.331780374782372, -39.37402295346698 -19.17475662101089, -39.41978129151968 -18.937519194896296, -39.667411453671804 -18.857285281521687, -39.713062698138515 -18.61923898185265, -39.5112094482007 -18.46145027510928, -39.55687920763799 -18.22263262832815, -39.355229315189376 -18.064218829675795, -39.10797657022857 -18.144734446256617, -38.90660654191487 -17.98582211729946, -38.65952776826208 -18.065805480144604, -38.45846178664351 -17.906408421004386, -38.50438312489473 -17.666926117972583, -38.751257932187116 -17.586789528521095, -38.797080091342536 -17.34653088880715, -39.04394198678443 -17.265727137479455, -39.08966264955106 -17.02471161888, -38.88863840523405 -16.864549206873292, -38.9343744970065 -16.62284123652587, -38.733563923702235 -16.462139431879873, -38.779314679452085 -16.219759798692852, -38.578720302553165 -16.058540941978265, -38.6244849599515 -15.81551084222945, -38.8707305325367 -15.73364028506786, -38.916395567102995 -15.489916351461243, -38.71592924552385 -15.328126676175666, -38.7616088100217 -15.083788835597261, -39.007639696746566 -15.001180703234846, -39.05321873016197 -14.756185494629271, -38.8528826246293 -14.593862894890556, -38.89847681216534 -14.348291567969664, -38.69835360306246 -14.185533137365969, -38.74396218757366 -13.939408592242517, -38.54405437143606 -13.776238262742835, -38.589676598455014 -13.529583747783965, -38.38998665063892 -13.366025732125268, -38.43562176843099 -13.118864830488581, -38.23615214300821 -12.954943607007692, -37.99115291591485 -13.038226452296293, -37.7920182760636 -12.874001997301239, -37.83776919198982 -12.62646064144066, -37.63886496122501 -12.461915826462603, -37.68462515788431 -12.213923665126252, -37.48595369591055 -12.049083547811858, -37.53172243523767 -11.800665136010137, -37.333286079798455 -11.635554980142958, -37.08921762013085 -11.71888272896473, -36.891161880118005 -11.553539220557424, -36.9370299680898 -11.304857873212473, -36.73921903012058 -11.139288190464466, -36.78509210178845 -10.890238144896081, -36.58752820549478 -10.724467963060922, -36.34425321343247 -10.807749870705667, -36.147106973058385 -10.64179859926188, -36.19306589319061 -10.392572928279202, -35.996176057545824 -10.226465483321602, -35.75350919056643 -10.309575329384078, -35.557066097946944 -10.143320752690837, -35.603100242253475 -9.893974313637214, -35.40692265225448 -9.727608031593405, -35.45295550685515 -9.477985020280647, -35.25704547819305 -9.31153307909399, -35.015308835366966 -9.394677683703941, -34.8198807992446 -9.228131054074176, -34.86597558898359 -8.978475974404759, -34.67082385733684 -8.811888234827618, -34.71691394185166 -8.562016297217879, -34.52204046849411 -8.39541356199106, -34.56812516598913 -8.145350928378969, -34.37353188136191 -7.978759325953164, -34.419610514040244 -7.728532258980461, -34.66022596675032 -7.644654131110506, -34.70624198516782 -7.394039650092584, -34.51169983292908 -7.227551671959234, -34.557710433699214 -6.976817931212732, -34.798205047158945 -6.892328037297363, -34.844152006847196 -6.641250824602403, -34.64966330548447 -6.474913284857083, -34.69560549201509 -6.223762374029641, -34.93597657510031 -6.1387036405224915, -34.9818541007437 -5.887253783426942, -34.78742115633651 -5.721113593575024, -34.83329455059942 -5.469635892521252, -35.07353942896586 -5.384052028477568, -35.119347149587526 -5.132320397848265, -35.35973413470566 -5.046392432560741, -35.40547386025517 -4.7944328516022665, -35.64599101781758 -4.708182139257334, -35.84102933074533 -4.874017937101752, -36.08192091411041 -4.787580569190139, -36.27739495500208 -4.953451130689907, -36.518633964927915 -4.8668266280863435, -36.56415022755198 -4.614228801402547, -36.8054711331402 -4.527323800976766, -37.00151264145725 -4.693110593045571, -37.2431353629446 -4.606028555705816, -37.288483164282525 -4.353079341177942, -37.53015729944832 -4.265749496350292, -37.57541941316143 -4.012672399757597, -37.81713282126873 -3.9251170767652392, -37.86230700487641 -3.671938913179274, -38.104047545309925 -3.5841805785343097, -38.30082257126446 -3.7496488234826653, -38.54278176146937 -3.6617457938604785, -38.587760888704565 -3.4083398637911366, -38.82971651795992 -3.320267468718912, -38.87459976032591 -3.066821674535974, -39.11653968743414 -2.9786026840076625, -39.16132486800046 -2.7251440770597877, -39.403236968426654 -2.636801333672596, -39.60054367847658 -2.8019198361470385, -39.842590489588645 -2.713466156503881, -39.887154589040506 -2.4599051699125387, -40.12914285790572 -2.3713619746023133, -40.32673056482284 -2.5363598528471187, -40.56880654698912 -2.4477174985875476, -40.76659845597385 -2.612707034894516, -41.00873367546188 -2.5239659986764447, -41.20670665747767 -2.688932753280246, -41.44887256835932 -2.6000935547526383, -41.647003394511415 -2.7650230914559053, -41.88917140100776 -2.6760862953120177, -41.933078732653684 -2.4222866145349635, -42.17510172398357 -2.333329267961073, -42.373334565487994 -2.498096331343753, -42.61531248762401 -2.4090535837255302, -42.658944457344234 -2.155332840241437, -42.90074701502354 -2.066304172275584, -43.099018034742244 -2.2308986256441496, -43.34072852166585 -2.14179684331235, -43.539056726623244 -2.3063192118782188, -43.780646655922965 -2.2171450619370665, -43.97900863867642 -2.381581096883692, -44.220449580703956 -2.292335370117643, -44.26345257387595 -2.0387865835847063, -44.06518844482804 -1.8744567997911437, -44.10822966746491 -1.6210644292088026, -44.34936065650908 -1.532033554373724, -44.39226572382029 -1.2788498104615749, -44.6331500576992 -1.1899246925524691, -44.67591719395199 -0.9369760794542998, -44.916543525885004 -0.8481792839359643, -45.114456327542996 -1.0121669894992684, -45.3548615999774 -0.92334464022745, -45.55272470020029 -1.0872487677692093, -45.79288103339198 -0.9984016392440116, -45.835135023049844 -0.7458384108673082, -46.07498672672588 -0.6571646606548208, -46.27261124922484 -0.8208579544999031, -46.512168814949746 -0.7321714968418326, -46.55407929991853 -0.4800010570064784, -46.79330396835948 -0.3915212021622275, -46.99062839092406 -0.5549944287857523, -47.229514347773545 -0.466513776362245, -47.27106990078374 -0.2147901952627305, -47.509595237759584 -0.1265488860910602, -47.706558821613015 -0.2897929307115726, -47.94470157619793 -0.2015625308000317, -48.14148057707237 -0.3646802877205484, -48.37921413967655 -0.2764615194863144, -48.42018910369947 -0.0253860320431801, -48.657518431364764 0.0625504611671308, -48.85384046579736 -0.1003197557674149, -49.09071797450687 -0.0124063049891231, -49.131310021763255 0.2380961768881014, -49.36775718113972 0.3256960032978797, -49.40818379403498 0.5757633604037294, -49.64419088653591 0.6630291771717585, -49.68445081066011 0.9126373274571863, -49.48893026501494 1.0751616075306825, -49.52925013698342 1.3244735463004387, -49.76486364432154 1.4110755717163221, -49.80501656957969 1.6598869185590401, -50.040177030889 1.7461055344866856, -50.08016180509571 1.9943930917912231, -50.314859841732414 2.0802090449812956, -50.35467529323495 2.3279499799448615, -50.58890165822362 2.4133443694416155, -50.628546648099416 2.660516226082401, -50.86229222760312 2.7454705139446913, -50.9017656496855 2.992051224510423, -50.707729033724604 3.1538796314883917, -50.74726645128595 3.400053529523714, -50.98060471677857 3.4841941428342387, -51.01997038533477 3.729738950980072, -50.82623379131212 3.8913421596663547, -50.865663736287644 4.1364397039420835, -51.09859405218634 4.219732353007379, -51.13785207471 4.46416402315332, -51.370286624326525 4.546946467884226, -51.409371684619316 4.7906919560927435, -51.641301786820634 4.872947587298548, -51.83404965824823 4.711836352959246, -52.065364752596125 4.793936682558282, -52.10403318601587 5.036759398103966, -52.3348212717288 5.118308688946805, -52.37331299950911 5.3604016348698265, -52.603565869152504 5.441384337162146, -52.64187999752576 5.682728715438516, -52.87158958472058 5.763129708321556, -53.062862307141074 5.602596935494258, -53.29189328588433 5.682820517962414, -53.482727867312576 5.52235638933634, -53.71105849148205 5.602403889379101, -53.74868985326415 5.842486908918664, -53.97644330673981 5.921923759765648, -54.013892364094175 6.1612148894377805, -54.241061280897156 6.240027314951779, -54.430630794836276 6.079990327636735, -54.65705316039774 6.158614447543549, -54.84612555534619 5.99866582376541, -55.07178106262239 6.077103308107575, -55.26033870405426 5.917256209545357, -55.22367025717642 5.678805178172284, -54.99818089057645 5.59990865391829, -54.96132616285752 5.360656199957563, -54.73522293272626 5.281128746984772, -54.54581389345131 5.441307125170645, -54.318947567550424 5.361607709678153, -54.281647022939154 5.121285477900506, -54.471472289641966 4.9609469771054435, -54.43424679290305 4.720143102292009, -54.20693659987154 4.639394746156264, -54.01670157457238 4.7998896580708, -53.788652779217884 4.718983280685341, -53.750985481630664 4.477151950255632, -53.52235644987363 4.395663808465599, -53.484506856200355 4.153105537964964, -53.675541531422326 3.9923090311721725, -53.63776483845382 3.7493135680493865, -53.40869832645423 3.6668428467803253, -53.37073935152249 3.423154826101716, -53.14110242178967 3.3401407799167426, -52.949295348758994 3.501223769176378, -52.71897135538529 3.418082399155349, -52.680579582403794 3.1734591807863004, -52.44970633530825 3.0897988374060645, -52.41113551395672 2.844527398493065, -52.179721120423466 2.760364825092416, -52.14097214424018 2.514465929955255, -51.90902485475377 2.429818274622952, -51.870098650128966 2.18331310479996, -51.63762685751334 2.098197912542147, -51.598524383767995 1.8511080574080965, -51.365536622245344 1.7655432616931463, -51.17155937919509 1.9274259470216726, -51.21090296546484 2.174746184633067, -51.44398352724096 2.259954423007692, -51.48315270833106 2.506695050771599, -51.28948181039928 2.6684507928729344, -51.05631189719452 2.5835988547065654, -51.01690308630225 2.3366359617066066, -50.78323754836512 2.2513346566949366, -50.743656268356006 2.003797356795659, -50.509504030697656 1.9180650254300788, -50.46975137194343 1.6699756218266844, -50.23512149530745 1.5838309733181735, -50.19519858105326 1.3352121496697753, -49.96010026056723 1.2486742515686033, -49.92000824691502 0.9995490602414667, -50.11524522304549 0.8371612008257191, -50.07521476069314 0.5877477739027851, -50.27044921693172 0.4253989949453068, -50.23048094359697 0.175723093219959, -49.99504622371961 0.0881922090002417, -49.79951758938432 0.2506478037705246, -49.56356398535033 0.1630821384064034, -49.523196993331965 -0.0872376511252711, -49.286797166800596 -0.1751273712148084, -49.24626375225219 -0.4258641030827052, -49.009427373343726 -0.5140573512536338, -48.9687288082049 -0.7651864530852466, -48.73146567487973 -0.8536624110730934, -48.69060326378454 -1.1051590191756697, -48.88722512173439 -1.268002799344056, -48.846419989974095 -1.5196703036943915, -49.04306235545263 -1.682408032227162, -49.00231516956927 -1.9342198781814848, -48.76470312434503 -2.023474316036846, -48.72379138086032 -2.275590846591398, -48.920713846011694 -2.438267053446298, -48.87985969762613 -2.690482327362831, -49.076802104541514 -2.8529921128594826, -49.31433187948528 -2.7632234759474525, -49.51101825384373 -2.925487295096807, -49.47044888845443 -3.177572328927397, -49.667144078552724 -3.3396264643288127, -49.90412281997666 -3.249545440100484, -49.94446176006477 -2.9976768736644583, -50.18097648065569 -2.907816041274213, -50.37708520994025 -3.069549644232579, -50.61305418222787 -2.9796449401523093, -50.8088417433932 -3.141094634787276, -50.76897496584283 -3.3924880598101894, -50.96474701873183 -3.553676998718828, -51.200059832869215 -3.4634361068665385, -51.39548146985089 -3.6243121657757533, -51.630189324448764 -3.534021421864302, -51.825239616064806 -3.6945726818379487, -52.0593182970176 -3.604233910146639, -52.25397658559913 -3.764448654586351, -52.21491467062816 -4.01501892497519, -52.4095307441188 -4.174898681544968, -52.37053934604131 -4.425436034979094, -52.56511031622466 -4.584956215805859, -52.79829841199583 -4.493933840287991, -52.992441440892776 -4.653074376514852, -53.22493480671703 -4.561990625817366, -53.41862997143613 -4.720740664327532, -53.3802246390417 -4.97056467664381, -53.57385637631495 -5.128899964187123, -53.80549012669073 -5.037424102218101, -53.99864679879815 -5.195343232425914, -54.229531820657016 -5.103802600019571, -54.42219423265769 -5.2612954311421385, -54.38439271945691 -5.5103011692721084, -54.576973798431766 -5.667326133999973, -54.8069252661532 -5.575376345087158, -54.84445804273861 -5.326749304901997, -55.073780731439285 -5.235087124342471, -55.2653983974688 -5.391697915912079, -55.22813691588837 -5.639933907056847, -55.41965857659494 -5.796048480382958, -55.647988541800586 -5.703967421553286, -55.83895323371098 -5.8596129723114325, -56.066441853405834 -5.767470778666296, -56.2568318885082 -5.922638431789916, -56.220202605473474 -6.169893351500776, -56.41047967213399 -6.324515493189627, -56.63690755353214 -6.231941185937658, -56.82658571006104 -6.386063841098511, -57.05212529218116 -6.293427768250457, -57.241187716447286 -6.447042862172112, -57.20520421641302 -6.693221214564525, -57.39413727729061 -6.846243988024217, -57.618551503285914 -6.753164924825606, -57.80684572385243 -6.905660197892479, -58.03032736158998 -6.81251982930342, -58.217966821670586 -6.964480346003387, -58.182641205411215 -7.209490635186497, -57.95938862020847 -7.303018783576124, -57.923862825651895 -7.548254975990557, -58.111877205607314 -7.699480115289309, -58.33489773315267 -7.605567555084768, -58.5222443517203 -7.756235129327204, -58.744300167672804 -7.662252866302116, -58.93096375505192 -7.812356476039321, -59.152038281655564 -7.718308641359391, -59.186695395979285 -7.474553694016737, -59.4070261060987 -7.380846313227477, -59.59244584006342 -7.530492278144981, -59.55808116012946 -7.773732933614404)), ((-14.613975208608593 -8.069538393674355, -14.53940636036944 -8.262637963873926, -14.311250964945799 -8.297329570948524, -14.1585014108839 -8.138586240518565, -14.2338491306393 -7.94591024435194, -14.081816241410024 -7.788052111972687, -14.157044179392727 -7.596590877407665, -14.383536778716802 -7.562562263013093, -14.53562726835247 -7.719667238542967, -14.461170513405477 -7.911552377580523, -14.613975208608593 -8.069538393674355)), ((-32.23846420275092 -3.819455397954852, -32.47530817935976 -3.7342957773453476, -32.66641476702296 -3.8991967987403915, -32.62038586205122 -4.149393340465708, -32.38321981848023 -4.234355266632558, -32.19240610258419 -4.069317586080915, -32.23846420275092 -3.819455397954852)), ((-29.540390144227672 -20.099848908870744, -29.73163586110877 -20.263107801424187, -29.684358553360482 -20.489799217474857, -29.445842249491648 -20.552990636771963, -29.398543348907765 -20.778661472304407, -29.16040631470983 -20.840951145409647, -28.969963528001983 -20.67793693313291, -29.01725064187525 -20.45251005947263, -29.25499369434567 -20.389852324949644, -29.302262907866606 -20.163403126645953, -29.540390144227672 -20.099848908870744)))",Barker Frog
163,23154,23113,Physalaemus albifrons,species,20978,Amphibia,2.32,"MULTIPOLYGON (((-39.34470180958206 -14.427369156227067, -39.29922558492217 -14.672999830257666, -39.05321873016197 -14.756185494629271, -38.8528826246293 -14.593862894890556, -38.89847681216534 -14.348291567969664, -38.69835360306246 -14.185533137365969, -38.74396218757366 -13.939408592242517, -38.9895795926424 -13.855974794902071, -39.18978333867466 -14.018791255934257, -39.144290581405386 -14.264982250186357, -39.34470180958206 -14.427369156227067)), ((-39.08966264955106 -17.02471161888, -38.88863840523405 -16.864549206873292, -38.9343744970065 -16.62284123652587, -39.18101706208603 -16.54124986406919, -39.382115617184866 -16.701505407698225, -39.33649874933002 -16.943257904336964, -39.53780292864542 -17.102957298974957, -39.49220365058545 -17.34401075089027, -39.24517735540795 -17.425328171397737, -39.04394198678443 -17.265727137479455, -39.08966264955106 -17.02471161888)), ((-39.40604056713076 -9.035755253958396, -39.36092894949218 -9.287618218260722, -39.116783167859126 -9.374070935155869, -39.071569805893546 -9.625574421226908, -38.82739760884755 -9.71164342804244, -38.78208472508339 -9.9627618954747, -38.981058117860925 -10.127903936428165, -38.935759851635225 -10.378710364668093, -38.69137487619125 -10.464277648740834, -38.64597797286231 -10.714655509000872, -38.401584898636116 -10.799785863487735, -38.356091612670184 -11.049710331203958, -38.11170296000125 -11.134383039568727, -38.066115562979405 -11.38382958956701, -37.82174386330087 -11.468024234943943, -37.77606464324171 -11.716968656585019, -37.97485879138941 -11.881830214581761, -37.92918948355617 -12.130365642468798, -38.12821118761576 -12.29493886277539, -38.08255253228219 -12.54304051964542, -38.28179940262527 -12.707300222642123, -38.5268082798072 -12.623488623041776, -38.72637451855945 -12.787448211000045, -38.680836703653256 -13.03517983152743, -38.43562176843099 -13.118864830488581, -38.23615214300821 -12.954943607007692, -37.99115291591485 -13.038226452296293, -37.7920182760636 -12.874001997301239, -37.83776919198982 -12.62646064144066, -37.63886496122501 -12.461915826462603, -37.68462515788431 -12.213923665126252, -37.48595369591055 -12.049083547811858, -37.53172243523767 -11.800665136010137, -37.333286079798455 -11.635554980142958, -37.379062626834724 -11.386735141888716, -37.18086369363439 -11.221380400354146, -36.9370299680898 -11.304857873212473, -36.73921903012058 -11.139288190464466, -36.78509210178845 -10.890238144896081, -36.58752820549478 -10.724467963060922, -36.34425321343247 -10.807749870705667, -36.147106973058385 -10.64179859926188, -36.19306589319061 -10.392572928279202, -35.996176057545824 -10.226465483321602, -36.04213644926074 -9.976929733888253, -35.84550515711172 -9.81069207362263, -35.603100242253475 -9.893974313637214, -35.40692265225448 -9.727608031593405, -35.45295550685515 -9.477985020280647, -35.25704547819305 -9.31153307909399, -35.30307634547043 -9.061659413584726, -35.10743591370945 -8.895147922959831, -34.86597558898359 -8.978475974404759, -34.67082385733684 -8.811888234827618, -34.71691394185166 -8.562016297217879, -34.52204046849411 -8.39541356199106, -34.56812516598913 -8.145350928378969, -34.37353188136191 -7.978759325953164, -34.419610514040244 -7.728532258980461, -34.66022596675032 -7.644654131110506, -34.70624198516782 -7.394039650092584, -34.51169983292908 -7.227551671959234, -34.557710433699214 -6.976817931212732, -34.798205047158945 -6.892328037297363, -34.844152006847196 -6.641250824602403, -34.64966330548447 -6.474913284857083, -34.69560549201509 -6.223762374029641, -34.93597657510031 -6.1387036405224915, -34.9818541007437 -5.887253783426942, -34.78742115633651 -5.721113593575024, -34.83329455059942 -5.469635892521252, -35.07353942896586 -5.384052028477568, -35.119347149587526 -5.132320397848265, -35.35973413470566 -5.046392432560741, -35.40547386025517 -4.7944328516022665, -35.64599101781758 -4.708182139257334, -35.84102933074533 -4.874017937101752, -36.08192091411041 -4.787580569190139, -36.27739495500208 -4.953451130689907, -36.518633964927915 -4.8668266280863435, -36.71452223821714 -5.032717267462815, -36.95608140882371 -4.945905212014537, -37.00151264145725 -4.693110593045571, -37.2431353629446 -4.606028555705816, -37.288483164282525 -4.353079341177942, -37.53015729944832 -4.265749496350292, -37.72670501655716 -4.431440444884411, -37.96863485660816 -4.3439440736835015, -38.0137991560143 -4.090698859931269, -38.25574975294407 -4.002987874711391, -38.30082257126446 -3.7496488234826653, -38.54278176146937 -3.6617457938604785, -38.587760888704565 -3.4083398637911366, -38.82971651795992 -3.320267468718912, -38.87459976032591 -3.066821674535974, -39.11653968743414 -2.9786026840076625, -39.3137826534373 -3.143843741916543, -39.55587591053589 -3.0555025301675087, -39.60054367847658 -2.8019198361470385, -39.842590489588645 -2.713466156503881, -40.040139618063876 -2.878586853797825, -40.282292777062025 -2.79002261811487, -40.480061357859796 -2.9551310348686552, -40.72229239889319 -2.8664566681896786, -40.920257339231114 -3.0315383230459174, -41.16253771330014 -2.9427542977484378, -41.20670665747767 -2.688932753280246, -41.44887256835932 -2.6000935547526383, -41.647003394511415 -2.7650230914559053, -41.88917140100776 -2.6760862953120177, -42.08743675883514 -2.8409641917643946, -42.32957823551925 -2.7519304100724966, -42.52795474541756 -2.916742268038356, -42.77004105748614 -2.8276121625094848, -42.968505289232866 -2.9923436181051906, -42.92493774794565 -3.246302591633194, -42.68274648998704 -3.3355194963957833, -42.639052077368916 -3.5895525952815914, -42.39668388475758 -3.678737555125291, -42.352864535654504 -3.932817617023941, -42.110331272447894 -4.021947468083789, -42.06638894664175 -4.276047288767479, -41.82370253789864 -4.365098856013349, -41.7796392196139 -4.61919120907879, -41.978411512876306 -4.784259842809031, -41.93437644345249 -5.038351686126794, -41.691420520491675 -5.127341866047048, -41.6472651802311 -5.381379286249296, -41.40417341319062 -5.470233305432949, -41.35989982618571 -5.724189107432692, -41.11668430608648 -5.812883875522411, -41.07229451967288 -6.066730913617016, -41.27126151823185 -6.23192590163026, -41.226896840945244 -6.485686097271291, -40.983424573353034 -6.574203461017278, -40.93894445914316 -6.827808227433262, -40.69536604197771 -6.9161088980239525, -40.6507725764327 -7.169531311197846, -40.407100246422516 -7.25759250629761, -40.36239553707844 -7.5108057620645114, -40.118641571589194 -7.598604835460451, -40.073827747349014 -7.8515822685315015, -39.830004460742884 -7.939096728184575, -39.785083671282194 -8.191811830927481, -39.541203411246244 -8.279019356764055, -39.49617782640689 -8.531445797707411, -39.25225297025298 -8.618324259119314, -39.20712477942436 -8.870435901148921, -39.40604056713076 -9.035755253958396)), ((-38.7616088100217 -15.083788835597261, -39.007639696746566 -15.001180703234846, -39.20818618110371 -15.16304383559246, -39.16262306157691 -15.407440386936063, -38.916395567102995 -15.489916351461243, -38.71592924552385 -15.328126676175666, -38.7616088100217 -15.083788835597261)), ((-43.539056726623244 -2.3063192118782188, -43.780646655922965 -2.2171450619370665, -43.97900863867642 -2.381581096883692, -43.93587007935534 -2.63529243342582, -43.694198749816024 -2.7245870723580454, -43.49574863041619 -2.5600487132075798, -43.539056726623244 -2.3063192118782188)), ((-32.19240610258419 -4.069317586080915, -32.23846420275092 -3.819455397954852, -32.47530817935976 -3.7342957773453476, -32.66641476702296 -3.8991967987403915, -32.62038586205122 -4.149393340465708, -32.38321981848023 -4.234355266632558, -32.19240610258419 -4.069317586080915)), ((-39.28068236648707 -13.525273772135238, -39.03508812410877 -13.609246644584848, -38.835094384272196 -13.446024703371336, -38.88061793408008 -13.198782901963233, -39.1260193171814 -13.114694683404933, -39.326088577571085 -13.277964833638253, -39.28068236648707 -13.525273772135238)))",Bahia Dwarf Frog
164,23156,23113,Physalaemus ephippifer,species,20978,Amphibia,2.32,"MULTIPOLYGON (((-60.479594153535984 4.6240451185526545, -60.659841375782634 4.4668077657072205, -60.87261920874769 4.543368934412389, -61.05213690779922 4.386416940169759, -61.26389295839418 4.462822784121758, -61.44266913971194 4.306166766380892, -61.65339083366118 4.382418723973644, -61.831413892805216 4.226069098120025, -61.79928246996488 3.993363776758326, -61.977114378480906 3.837230003736379, -62.18650467376753 3.9139027547471295, -62.36356730816621 3.7580990550974405, -62.331815834046466 3.525530497651229, -62.50868034325376 3.3699776379589825, -62.47702087059061 3.137094964473939, -62.65368522994848 2.9818143776491755, -62.62211803646076 2.748639337848596, -62.798580233687076 2.593652360880981, -62.76710559284659 2.360206801533518, -62.94336362815591 2.2055346619217584, -63.150506412468644 2.284372000107819, -63.32596566103362 2.130090809459701, -63.29487484570089 1.8969175179689992, -63.088033695400995 1.817504315456358, -63.056744963239396 1.583583576984466, -62.84911313186343 1.5034786014789845, -62.67247133531862 1.6578647749454056, -62.46375541703013 1.5776426416013447, -62.43197728851017 1.3424703150146096, -62.22247876219342 1.2615714436251526, -62.04446794805864 1.4164045955202873, -61.83390218311784 1.3353932364831178, -61.65512038364588 1.4906196198718835, -61.6874794244804 1.7268045942622716, -61.50850691702655 1.8823589618532401, -61.29660626324173 1.8017842101492205, -61.11687929947249 1.957709733754744, -60.9039412199845 1.8770169649996387, -60.87100387959258 1.639855331829516, -61.05129318206042 1.483869800621681, -61.01844636277312 1.2464802813542544, -60.80502145463019 1.1645937555079142, -60.77197629636058 0.9265094404592678, -60.95264501718141 0.7708010873169657, -60.91969041657518 0.5325271796395042, -60.7057779041114 0.4494732961853381, -60.67262459652602 0.2105374646562555, -60.85367317409191 0.0551506118100229, -60.82061045799796 -0.1839359264021125, -60.60620957454182 -0.2681292856520998, -60.572947786636774 -0.5078438631586351, -60.754376650675255 -0.6628647883564246, -60.72120548532068 -0.9026906619931531, -60.90245481961388 -1.0572961517105754, -60.86937461767131 -1.2972099089729574, -60.65475444603041 -1.3830237859218235, -60.62147449806625 -1.6235142861344227, -60.406094609444864 -1.709897195252603, -60.372614869768 -1.9509451428350537, -60.55480556055673 -2.105100941055373, -60.52141649708665 -2.3461800753015143, -60.305545993143085 -2.433610282682261, -60.27195678302624 -2.675210274229555, -60.055330752288484 -2.763171923803023, -59.87203271210578 -2.609048377638747, -59.65439755472528 -2.6970491029838053, -59.47038709215951 -2.5424668994043813, -59.25175758625673 -2.6305048392450874, -59.21738991692958 -2.8735955733324205, -58.9980255861004 -2.962133813117704, -58.81278504135665 -2.8071160209967587, -58.5924504703253 -2.895681646255667, -58.4065339265739 -2.7402177436577877, -58.18524525994485 -2.828808816066224, -57.9986675989922 -2.672907579737797, -58.03389258264902 -2.428409629039624, -57.847174514255215 -2.272078331405879, -57.624725594804474 -2.360247230046048, -57.58921798692286 -2.605192649139065, -57.3660715898728 -2.693828956680485, -57.33036751014404 -2.9392312999548023, -57.518091207646506 -3.0955545498587425, -57.48247197426821 -3.340952785474123, -57.258847580220134 -3.4304672237957825, -57.22303166916856 -3.676282407388528, -57.41112166544889 -3.83213796692951, -57.37539052832739 -4.077906478945867, -57.56334940082829 -4.233282799077269, -57.78653701831948 -4.142918806270289, -57.973855373835676 -4.297831380511373, -57.938493364629636 -4.5430698995256265, -58.125671498183976 -4.697468207959607, -58.09039611181839 -4.942604706704832, -57.86765731822288 -5.033808343251421, -57.83218321690748 -5.279289786118861, -57.60873571945078 -5.370880053267897, -57.573063172886236 -5.6166834543719135, -57.348912537243365 -5.708641556416898, -57.160218012877436 -5.5543958424361595, -56.93515767932678 -5.646312149171963, -56.8990046413783 -5.892864199684264, -56.67325747438204 -5.985119332106901, -56.63690755353214 -6.231941185937658, -56.41047967213399 -6.324515493189627, -56.373933281691876 -6.571583220691456, -56.146830964199566 -6.664456748728167, -56.11008854982963 -6.911746195944511, -55.882318234141195 -7.004898699646525, -55.69110111231706 -6.850406714423303, -55.46248463969411 -6.943473121568736, -55.42527063831707 -7.191375483332748, -55.19600463610794 -7.284689568059613, -55.15859680927372 -7.532758565069835, -54.92868827026061 -7.626299362635998, -54.73601707585961 -7.471443353062765, -54.5053073202555 -7.5648726372591915, -54.46743525196149 -7.813474297530853, -54.23610278825922 -7.9070978735401365, -54.04248601158682 -7.751809693171922, -53.81038677659623 -7.845306849448593, -53.77205663425211 -8.094390600069879, -53.53935547189849 -8.188049003189523, -53.344842574992526 -8.032331652567562, -53.11141043132044 -8.125848507485466, -53.07262892605482 -8.37536281053601, -52.83861657134835 -8.469007304959005, -52.64325873478933 -8.312863946625848, -52.40855249704572 -8.406351586635541, -52.21276945975016 -8.249719921929653, -51.97739307786921 -8.343047170911131, -51.93791313187927 -8.5932591808283, -51.70199379712642 -8.686668063922804, -51.505452231927364 -8.529618627743057, -51.26890183013563 -8.622851745217629, -51.07198981583471 -8.465328801396481, -50.834833192063485 -8.558382797957142, -50.79467679174016 -8.809184912794242, -50.55701666678567 -8.90227378326774, -50.51668337839331 -9.15304039892215, -50.278529211439945 -9.246141217296248, -50.08063802774251 -9.088268063470837, -49.84193445512855 -9.181162232118961, -49.6437434962225 -9.022826791939094, -49.40451663991166 -9.115511159562788, -49.20604824955984 -8.956724172751091, -48.966324563427975 -9.049195724406177, -48.76760130503365 -8.88996818980693, -48.80886959472326 -8.638225891101387, -48.61016878228105 -8.478529467808405, -48.36994407938204 -8.570615968698082, -48.328452200497765 -8.822567219196975, -48.087815461297396 -8.914604647610014, -47.888650962517545 -8.754530025306877, -47.93036216448175 -8.502384035153382, -47.731237046695554 -8.341872950777358, -47.490174235919824 -8.433539339056818, -47.29087161276709 -8.27263873486888, -47.33285056955049 -8.020050453151198, -47.133598813392496 -7.8587546867777425, -46.89216190431034 -7.950066115528704, -46.692764457468655 -7.788409921829734, -46.450988111190156 -7.879515589170291, -46.251468425816995 -7.717511552487069, -46.00938078245977 -7.808409510008946, -45.8097624259309 -7.646070420407296, -45.85240004337487 -7.392833745330492, -45.65286102525383 -7.230176274912975, -45.41052884637958 -7.320752927989179, -45.210923314680315 -7.157790967990891, -45.253797535389396 -6.904265305165811, -45.496087637987614 -6.813801329210237, -45.538816025192574 -6.5602151137347855, -45.33944445210389 -6.396998175098569, -45.097200061766614 -6.487348605527796, -44.897778903186975 -6.3238627234710725, -44.94073859071028 -6.07005574395783, -44.74141395193942 -5.90634705705843, -44.499005988701384 -5.9964139409013475, -44.29966388043687 -5.832467952775945, -44.34284536084334 -5.578497010222329, -44.14361103812462 -5.414372651126974, -44.18683147287646 -5.160336128441625, -43.98770777328022 -4.9960598666767595, -44.03096642830178 -4.741984975930839, -43.83195617620976 -4.577583357008373, -43.87525231779682 -4.323497352915552, -43.67635832418841 -4.15899698001759, -43.719691219073866 -3.904927140246668, -43.52091628132169 -3.7403546545898174, -43.564285196740684 -3.486328260028062, -43.80625992504727 -3.3968991545641476, -43.849495709947064 -3.142961825065565, -43.65092644460913 -2.9784340775831035, -43.694198749816024 -2.7245870723580454, -43.93587007935534 -2.63529243342582, -44.13434574725329 -2.7997260301575353, -44.37585789843939 -2.7103490279519398, -44.41882193798037 -2.45667087520894, -44.66008554035881 -2.3673544084095295, -44.702911020242965 -2.113846157103543, -44.9439146780029 -2.024613078889244, -44.986599844352384 -1.7713014324199852, -44.78846302957814 -1.6071738552916583, -44.83118953998596 -1.3540302871966352, -45.071870677625185 -1.2650681988218835, -45.26987537614008 -1.4290859806193497, -45.51032530802604 -1.3400877227472738, -45.70827204016098 -1.5040036468682427, -45.94846289123916 -1.4149700536107594, -45.99067132931617 -1.1622081708028231, -46.230550990093775 -1.0733370658665728, -46.42824545745805 -1.2370320512074597, -46.66782087823583 -1.1481378028952511, -46.7096828479298 -0.8957575218566768, -46.948918869104716 -0.8070591468171084, -47.14629958892942 -0.9705240532235389, -47.38518685476663 -0.8818145781803398, -47.4266909992142 -0.6298701705925176, -47.665211213020314 -0.5413894836630682, -47.862217511425 -0.7046153018592093, -48.100345175742376 -0.6161353680459366, -48.14148057707237 -0.3646802877205484, -48.37921413967655 -0.2764615194863144, -48.575786257130744 -0.4394393567185466, -48.81308427121613 -0.3512329645158502, -48.85384046579736 -0.1003197557674149, -49.09071797450687 -0.0124063049891231, -49.286797166800596 -0.1751273712148084, -49.523196993331965 -0.0872376511252711, -49.56356398535033 0.1630821384064034, -49.79951758938432 0.2506478037705246, -49.83971691971786 0.5005263847985526, -50.07521476069314 0.5877477739027851, -50.11524522304549 0.8371612008257191, -49.92000824691502 0.9995490602414667, -49.96010026056723 1.2486742515686033, -49.76486364432154 1.4110755717163221, -49.80501656957969 1.6598869185590401, -50.040177030889 1.7461055344866856, -50.08016180509571 1.9943930917912231, -50.314859841732414 2.0802090449812956, -50.35467529323495 2.3279499799448615, -50.58890165822362 2.4133443694416155, -50.78323754836512 2.2513346566949366, -51.01690308630225 2.3366359617066066, -51.05631189719452 2.5835988547065654, -50.86229222760312 2.7454705139446913, -50.9017656496855 2.992051224510423, -51.13502146439461 3.0765472459287535, -51.17432224528201 3.322515141691223, -50.98060471677857 3.4841941428342387, -51.01997038533477 3.729738950980072, -51.252815863927935 3.8133948948575203, -51.2920087269419 4.058289610476958, -51.5243526564559 4.14144368055029, -51.563371690031886 4.385667726134906, -51.795205445393265 4.468303121253192, -51.83404965824823 4.711836352959246, -52.065364752596125 4.793936682558282, -52.257729438954044 4.632891419635521, -52.48840653551051 4.714837326982311, -52.5268291548618 4.957430760396671, -52.7569655034159 5.0388177370758696, -52.79520972779065 5.280677248255797, -53.024797322826345 5.361489972726347, -53.21601464958901 5.200855069042491, -53.44491493319225 5.281499000064664, -53.482727867312576 5.52235638933634, -53.71105849148205 5.602403889379101, -53.90143620582202 5.442021772106392, -54.12904513921714 5.521894542658253, -54.166420205094795 5.761712438113916, -54.39343943163628 5.840967652150901, -54.582930045163664 5.6808481238439805, -54.80919443178274 5.75992322272705, -54.84612555534619 5.99866582376541, -55.07178106262239 6.077103308107575, -55.26033870405426 5.917256209545357, -55.48520748307362 5.9955087478178655, -55.673233068851545 5.835776226514785, -55.897295694273765 5.913845524135778, -56.084772261744234 5.754240514752743, -56.3080097598188 5.8321282896103375, -56.49492069242652 5.672663601913615, -56.717314547350384 5.7503715809948845, -56.75299141249101 5.9870546999461185, -56.97472553367565 6.064088595198673, -57.160580352064514 5.904934481961828, -57.381442565204 5.9817847853317, -57.56669038539161 5.822792819608499, -57.78666343279362 5.899461416848962, -57.97128896702614 5.7406439887938046, -58.190356066001215 5.817132765040147, -58.37434439618289 5.658502112848744, -58.59248924265208 5.734812949543277, -58.62687313291741 5.969230633918993, -58.84431446930233 6.0448357082203525, -59.027136997736534 5.886552007981402, -59.2436315773343 5.961976329085133, -59.42578020681407 5.803900062650136, -59.641313020270246 5.879145644176734, -59.822774224638664 5.721288556819128, -59.78923267401487 5.48804519284181, -59.57394758130833 5.412256966895632, -59.540211004597765 5.178161404203965, -59.324201566559324 5.10166354063825, -59.2902700336175 4.86672999624535, -59.47262996663747 4.708702243683495, -59.68839279927451 4.785738252291677, -59.87006152661377 4.627962827472513, -60.08484324115372 4.704839056902822, -60.26580760241691 4.547327162221851, -60.479594153535984 4.6240451185526545), (-60.22372868550237 -1.5552864752182491, -60.25729874741747 -1.3142933219976654, -60.07475988458552 -1.159249209931053, -59.85810171930495 -1.2451942918368142, -59.82424258078851 -1.4866802942403994, -60.0073304025749 -1.6417287107045102, -60.22372868550237 -1.5552864752182491)), ((-62.994062552188154 1.1148050905660358, -63.20139334127191 1.195479016822255, -63.37702701885296 1.0418774585014348, -63.345925238088 0.8075697489805718, -63.138897721739184 0.7263282816635888, -62.96266879349284 0.8799622438127533, -62.994062552188154 1.1148050905660358)))",Steindachner's Dwarf Frog
165,23158,23113,Physalaemus albonotatus,species,20978,Amphibia,2.32,"MULTIPOLYGON (((-68.23992419755447 -12.025262588054549, -68.46569285072577 -11.930025598216272, -68.66199624679186 -12.08125702815938, -68.6321571765289 -12.327976028847884, -68.82908899449673 -12.4794898406257, -68.79929811413103 -12.72623094344855, -68.99685847850199 -12.878003524409364, -69.2245711919722 -12.782793686348784, -69.42311653921723 -12.934568363316766, -69.39359416147687 -13.181785179444573, -69.5927643238803 -13.333778718025037, -69.8218026613387 -13.23832441975295, -70.02193801183863 -13.390290118365067, -69.99269590785802 -13.63793198463719, -69.76308996804889 -13.733149094476822, -69.56329508112773 -13.58096090490501, -69.33443251916553 -13.675678865407473, -69.13561487488174 -13.523460400400158, -68.90751702418532 -13.617681690638133, -68.87765853590739 -13.86386477777769, -68.64976027237448 -13.957326919745979, -68.6197355970641 -14.202960599579503, -68.39204609330194 -14.295647889587533, -68.19497364492743 -14.14297566925325, -67.96809807412932 -14.23515696180962, -67.93770029188609 -14.479725861908532, -68.13438490138405 -14.632608133859831, -68.104031686673 -14.877079771995582, -67.87678709818302 -14.968172013840828, -67.84627156940944 -15.212031789406163, -68.0432072753579 -15.3652900487795, -68.01273596015331 -15.609011320782164, -67.78512235426649 -15.698981443046977, -67.58858655579712 -15.545532613585342, -67.36182318484303 -15.634972348940614, -67.330987032468 -15.877548709578702, -67.10447779099098 -15.966141787881737, -67.07348336534 -16.208047416828737, -66.84723721345648 -16.295780853005365, -66.65260682973077 -16.14193729240607, -66.42725717863743 -16.229136149320404, -66.39591481369196 -16.469840559849025, -66.17085050401337 -16.556163553471066, -66.13935557578924 -16.796157879430993, -65.91458534969429 -16.881593262278724, -65.88293929303344 -17.12085977775364, -65.65847184271203 -17.205396272130223, -65.46628960027087 -17.051028293407107, -65.24277545227734 -17.135025439701195, -65.2108030598243 -17.373019860655283, -64.98761296155521 -17.45610474000562, -64.79704250095517 -17.301573332869328, -64.57483463309343 -17.384122050375016, -64.54254888385297 -17.620815720520845, -64.32068569406002 -17.702440074961398, -64.13176289335645 -17.547764533273163, -63.91090950850224 -17.628856729930863, -63.87832342295741 -17.86422271845306, -63.65783467860818 -17.944379716118814, -63.625112410213774 -18.17894877910269, -63.81303409379248 -18.333908847673452, -63.78033075217101 -18.56821434595918, -63.96893427402837 -18.723311887857513, -63.93625084870686 -18.957331872731537, -64.12553765210045 -19.11254423896247, -64.09287514457061 -19.346256870418518, -63.870765899082784 -19.424224897563555, -63.8379642753215 -19.65708390321235, -64.02743153287405 -19.812499791515325, -63.99465032787353 -20.045016234062107, -64.18480582006288 -20.20049463350519, -64.15204604957701 -20.43264716170298, -64.3428911890424 -20.58816533847134, -64.31015388103627 -20.819932757204924, -64.08640695641758 -20.895673994490682, -64.0535275314045 -21.126535124817742, -64.24455921349019 -21.28215562975951, -64.21170175020434 -21.512598120032415, -64.4034280825911 -21.66820651709091, -64.37059362369737 -21.898209775699108, -64.56301598586987 -22.053783410279046, -64.5302055864933 -22.283327045653184, -64.72332532282354 -22.43884327808148, -64.69054005061261 -22.667907110710704, -64.88435846951072 -22.823343330056964, -64.85159940469897 -23.051907404228935, -64.62484748539843 -23.124569552543356, -64.59194008420789 -23.35215639137107, -64.78595875889192 -23.507539469250602, -64.75307706825224 -23.734595930306803, -64.94779947546563 -23.889848405366532, -64.91494459113557 -24.1163552936063, -65.11037200013345 -24.271454882122313, -65.07754503070464 -24.497393263545323, -65.27367867221096 -24.652317768495262, -65.2408807391658 -24.87766898031312, -65.01176708679175 -24.947664829591083, -64.97881599952174 -25.171987529602625, -65.17516037499486 -25.326738101045258, -65.1422378295849 -25.550445783479443, -64.91278931214553 -25.618981243949076, -64.8797135990594 -25.841642327824044, -65.0762677261436 -25.996182522891615, -65.3064006640378 -25.928047323391112, -65.50416887609282 -26.08232841330999, -65.47130684054437 -26.30475296764092, -65.24048942307446 -26.372492085705534, -65.04322005362005 -26.218201911111393, -64.81343715140466 -26.285268817600123, -64.78023630366816 -26.506224849098952, -64.97699918048207 -26.660519251038505, -65.20747093197946 -26.59385257720514, -65.40545676701666 -26.747871365033294, -65.372468611493 -26.968556070891267, -65.5711720941142 -27.12228225984444, -65.53821544163742 -27.342274610960082, -65.73763771168677 -27.495687154439622, -65.7047137431184 -27.71497090880833, -65.47217510832202 -27.780464276090836, -65.43909130815348 -27.99865328598193, -65.63873828452056 -28.151720100495762, -65.60568667359792 -28.369177505715424, -65.37279614216772 -28.43319960189345, -65.33958465678022 -28.64954916427199, -65.53945538595117 -28.802238556557384, -65.77303939177176 -28.738596260920342, -65.97413538857917 -28.8909255950859, -66.20874023198407 -28.82656122339432, -66.4110481733811 -28.978512409724445, -66.64665390250316 -28.913415542206543, -66.85015978786403 -29.064970504650564, -66.81758741708695 -29.281601499704564, -66.58129878040187 -29.346341297448575, -66.54855641624017 -29.561850343859568, -66.75231286509576 -29.71294965906127, -66.71961055379559 -29.927659881178705, -66.48294176003652 -29.990943428559934, -66.45006933916098 -30.204520808338273, -66.21371301466117 -30.26669851352355, -66.18067212211949 -30.479138449787996, -65.94463839530367 -30.54020956131554, -65.91143068867844 -30.751507858949918, -65.67572962763896 -30.811472016438422, -65.47394049448138 -30.66050006764795, -65.23928949566731 -30.71972308903001, -65.20572185812952 -30.92955122412971, -64.9714281536489 -30.98767013228819, -64.77141567491506 -30.836334231348214, -64.80517170419104 -30.626837709721684, -64.60590117604086 -30.47507073401158, -64.37340720865586 -30.53284568243589, -64.33946915932896 -30.742003811467825, -64.10736061868096 -30.79868083739274, -64.07326951473513 -31.006694297119935, -64.2714639006263 -31.158368567316014, -64.23739657531938 -31.3655698905952, -64.00495818842941 -31.420762721574633, -63.9707378516309 -31.626812638617093, -63.73869956082052 -31.680907967987867, -63.704327990697436 -31.885804423450786, -63.47269915781557 -31.9388041374038, -63.438178147247015 -32.14254542787074, -63.20696805331163 -32.19445173986002, -63.01101716390467 -32.043008949018336, -62.78097535380286 -32.09421923090456, -62.74614568583118 -32.29647650056559, -62.516544571347794 -32.3466003181363, -62.4815726286124 -32.547702218481646, -62.25242112680277 -32.59674259514531, -62.05898966175124 -32.445084613196784, -61.83104645129177 -32.49345074451354, -61.638976630666264 -32.34145754679744, -61.41225567643508 -32.38916225473434, -61.37685425933634 -32.58844544217286, -61.15061528489349 -32.635079923022325, -61.11508235843361 -32.83321195218836, -60.88933369390358 -32.87878013153351, -60.85367113152566 -33.075761188516395, -60.6284210101785 -33.120267256372024, -60.59263069402374 -33.316097819038944, -60.36788725071648 -33.359546221009644, -60.33197107109598 -33.55422705084761, -60.10774234076695 -33.59662247934049, -60.07170219563362 -33.79015461333048, -59.84799611184991 -33.83150199883157, -59.811833906271204 -34.02388674136375, -59.58865829982979 -34.06419124378687, -59.55237594546129 -34.255430158625686, -59.329738543044385 -34.29469715874157, -59.293337957604734 -34.484792061048864, -59.07124638048923 -34.52302715200227, -58.886330161046686 -34.37159468345982, -58.665567176694 -34.40923224724558, -58.4700609246282 -34.31671760019151, -58.23735848776974 -34.41309170511387, -58.041117908570854 -34.319711134487235, -58.07815007527151 -34.12970900070769, -58.311108331929404 -34.033340042500704, -58.34792173877199 -33.84248162646898, -58.58008966603242 -33.745512992361895, -58.616684067288446 -33.55380762640063, -58.421425712117895 -33.4588051746881, -58.458116354826075 -33.26598956059964, -58.262695830890266 -33.16986462860194, -58.299482229321086 -32.97593745391176, -58.10390241920069 -32.87868698419, -58.140784082594024 -32.68364719365289, -58.372932574864876 -32.58613568927256, -58.5679433653564 -32.68364913428579, -58.53137514319582 -32.8784101229963, -58.7262222743538 -32.9747970710699, -58.68975033274083 -33.168448347259286, -58.884430953982985 -33.26371178039679, -59.104760685387134 -33.22314103562332, -59.14102237008454 -33.02945907002196, -58.957059107621745 -32.876689491107335, -58.99331215374323 -32.68221273268321, -59.21342318340726 -32.640159014091005, -59.39804296400442 -32.793030174958766, -59.619454432036434 -32.75038303047714, -59.655483443831 -32.554419044464844, -59.87742456858918 -32.510726309998915, -60.064095973915045 -32.66343747057734, -60.28731757164687 -32.619132627962436, -60.323107828409036 -32.421679363896956, -60.13579758945107 -32.26887719356818, -59.9133344194576 -32.31362013025677, -59.72741827738528 -32.16055797639845, -59.76332418290285 -31.962664364647885, -59.57816063776356 -31.80926847286435, -59.35773571105693 -31.853858667219463, -59.321718615899925 -32.05139206298142, -59.101827641722025 -32.09493859570415, -58.9079716237155 -31.99688332329433, -58.94419969422219 -31.79938054145958, -58.75017429016734 -31.70019456089503, -58.78649870715526 -31.50158589315943, -58.59230672601922 -31.401266897648934, -58.62872702076376 -31.201552475317584, -58.4343712829139 -31.100098428722994, -58.47088698167754 -30.899278677762425, -58.27637031864289 -30.796687822994908, -58.31298094270987 -30.594763472003333, -58.118306196940324 -30.491034339454956, -58.155011262652465 -30.28800642763286, -57.960181287275674 -30.183137843633503, -57.72809165382398 -30.28157441171639, -57.5325596504467 -30.175841936056216, -57.56966644527216 -29.97139739397566, -57.37398942420063 -29.864524056896563, -57.411188601245726 -29.658976633852102, -57.21536947576115 -29.550962091314442, -57.25266052156131 -29.344313898793914, -57.05670221425429 -29.235158133424367, -56.822922355426215 -29.332923497452487, -56.626302477051624 -29.222898616605004, -56.66398721398588 -29.01483752895754, -56.46723868555145 -28.903672089589513, -56.505013081804776 -28.694513549936, -56.308138879825336 -28.58220844609815, -56.34600239312975 -28.371955733454364, -56.58044070638152 -28.274325560531864, -56.61809399897052 -28.063302441523998, -56.42160836739254 -27.949588438623046, -56.45935089160142 -27.73748045241021, -56.262740821696525 -27.62263033324622, -56.30057203644165 -27.409441782629187, -56.53471517284416 -27.31143295108086, -56.57233699356108 -27.09750056037457, -56.37611381543461 -26.98124405710052, -56.41382444235461 -26.766242280686676, -56.21747805225023 -26.64885535694262, -56.25527694547844 -26.43278956649106, -56.05881030498554 -26.31427525262262, -56.09669692022052 -26.097151228356232, -56.3307544817615 -25.99888415904364, -56.36843318691503 -25.781052760657072, -56.172350023877755 -25.661142884315574, -56.21011657338549 -25.44226706769391, -56.01391436616197 -25.321238712255102, -56.05176821695525 -25.10132538300167, -55.85544992301914 -24.97918295462774, -55.62078589049308 -25.07722292526281, -55.42386800722301 -24.95423751762301, -55.462099980984306 -24.732946757618894, -55.26507676007829 -24.60885529722553, -55.02934615478742 -24.706317407962988, -54.8317507624613 -24.581385272713852, -54.87035512530747 -24.358732106902046, -54.672665327707335 -24.232703235555448, -54.4359127190084 -24.329583951124444, -54.23767882767845 -24.202717889103003, -54.000109806505236 -24.29908803460536, -53.80135235702542 -24.171384826738795, -53.840603425206666 -23.947063483445426, -53.64177084756116 -23.81827883515601, -53.68110157073485 -23.592951748270206, -53.482196953967104 -23.463093013465322, -53.243538481010646 -23.558804611648316, -53.04414778951258 -23.428119314943554, -52.80474048112586 -23.523313145227238, -52.60488518607109 -23.391802607327126, -52.64484032868043 -23.164863787323874, -52.44493281036698 -23.032298428756846, -52.48496335367632 -22.804375261497896, -52.2850067446534 -22.670764003166486, -52.04463350725166 -22.76530545420643, -51.84425111630483 -22.630883313473884, -51.60319972802509 -22.724902534465244, -51.40241386699421 -22.589672157369538, -51.443044508112024 -22.360202174151535, -51.242229816322634 -22.223949261060937, -51.282931337681646 -21.993520179944774, -51.08209097520705 -21.856255262043263, -50.84020162439012 -21.94963473013251, -50.63899776964976 -21.811579813545478, -50.3965037420777 -21.9044354280096, -50.194959442720375 -21.765594516987104, -50.23623479457183 -21.53369220463771, -50.03468542753916 -21.393866832867708, -50.07602689249666 -21.161034617391927, -50.318670609621364 -21.06828257511391, -50.35983109420039 -20.83478770256814, -50.158595270779585 -20.6937901656824, -50.19982220428034 -20.45939068986062, -50.4420372719556 -20.366249696062024, -50.48308298733917 -20.131219598565462, -50.28216161148441 -19.989069878175915, -50.03987473207226 -20.082147650754564, -49.838633396188015 -19.93925170843089, -49.87999113371666 -19.703086849931832, -50.12234597935313 -19.610073724578235, -50.32327410619712 -19.753161891319046, -50.5650597276595 -19.659670536123027, -50.60599077561926 -19.42316518878211, -50.405384731399295 -19.279884852816362, -50.44638288372127 -19.042529726923053, -50.6877382857044 -18.948727620191196, -50.72855477165746 -18.7108095847012, -50.969395463723856 -18.616645053507384, -51.16933117904114 -18.760309146010805, -51.40955343609619 -18.66570455217414, -51.44993297809066 -18.42753611760684, -51.68961476350805 -18.33260356177249, -51.888812071720906 -18.47573429476757, -51.848690277828354 -18.71360084987596, -52.04785052460221 -18.855801620475145, -52.28675813105198 -18.76033508977599, -52.48549763514761 -18.901796947509418, -52.72370987042528 -18.80590897961112, -52.9220070430996 -18.94662755293219, -53.15949912962256 -18.850324782391475, -53.19882685225572 -18.613430013608117, -53.435717714078635 -18.516851165854977, -53.474851873385646 -18.279480036126877, -53.277365749772414 -18.13834354441992, -53.31657696608775 -17.900166538713187, -53.55300361379527 -17.803477053338675, -53.5920212380434 -17.564860117760045, -53.39488303819559 -17.422582358666126, -53.43397793604437 -17.183190383981845, -53.66994010324899 -17.086433274153723, -53.70884138795661 -16.846638776622857, -53.51205156124283 -16.70324527634643, -53.27594526582419 -16.799844064164034, -53.23677370028295 -17.039993863136747, -53.00006692902231 -17.136388020532635, -52.96070343557027 -17.3761268956018, -52.72340473142525 -17.472294143620136, -52.52534171376212 -17.328579217502583, -52.56497058081621 -17.088504606362605, -52.36685781893456 -16.94388961010501, -52.406560406560004 -16.703062850953966, -52.64411271030306 -16.607183040665227, -52.68362600974106 -16.365951905952997, -52.48585022601965 -16.22026998690302, -52.52543749374516 -15.978319973100175, -52.76253717134799 -15.882389075958196, -52.8019350711827 -15.640073669770176, -53.03845207110254 -15.543966650169272, -53.23543708460585 -15.690009170294978, -53.4712236439577 -15.593572222453671, -53.667734729143916 -15.738931636850479, -53.902767216463474 -15.64217082559449, -53.94143641938686 -15.400234518228762, -54.17584947607307 -15.30334583918085, -54.37143480106565 -15.44820443596489, -54.60505704883039 -15.351010952803792, -54.80011614376971 -15.495180993287677, -55.032925242553674 -15.397689071815451, -55.070847000399326 -15.156233622883653, -54.87623821349018 -15.011872927694276, -54.91424126263338 -14.769752096712882, -55.146574513738585 -14.672395829005238, -55.184380321446866 -14.43003022776522, -55.41605791183824 -14.332626160615545, -55.609745848121364 -14.477363089896878, -55.840572067031005 -14.379698580860364, -55.87789822843126 -14.137532712049996, -56.10804931503944 -14.039855225980277, -56.300676635386026 -14.184103087548431, -56.529943672553316 -14.086183977382985, -56.721962746521555 -14.229753158252178, -56.95032582505573 -14.131598865768026, -56.986879668508124 -13.890132578626924, -57.214537873306114 -13.792012048553113, -57.40542326207682 -13.93509586859821, -57.632147200718435 -13.836758884014992, -57.82237987440061 -13.979160975579237, -58.04815105600932 -13.88061410556853, -58.08392017428582 -13.639943059379357, -58.30895935438956 -13.54147578661781, -58.4979902823911 -13.683397091666222, -58.72204881035627 -13.584738460560482, -58.7573191719744 -13.344451223929081, -58.980630520965036 -13.245905324178278, -59.168420612783876 -13.387349504587867, -59.39072493746323 -13.288630505212005, -59.577796978475405 -13.429392610497315, -59.79907814125144 -13.330507119387294, -59.833548766899014 -13.091171521756317, -60.0540598874171 -12.992442653628688, -60.239831371093516 -13.132733120821396, -60.459295392033326 -13.03385565072367, -60.644312335087136 -13.173463447291343, -60.8627145738495 -13.074443977388151, -61.04696357091133 -13.21336694182546, -61.26428988904658 -13.11421211911657, -61.29765260170302 -12.876468919259679, -61.5141812402083 -12.777524038486577, -61.69705513296165 -12.915983787629958, -61.91248724165288 -12.816920891398016, -62.094560942287 -12.954696523131421, -62.30757466277396 -12.868818799379618, -62.48847919339971 -13.019943999313135, -62.70253410709458 -12.933621300098489, -62.8846091324276 -13.084924018102374, -63.0996930527011 -12.998152176067569, -63.132056201740696 -12.75970065990736, -63.347514370069405 -12.672105696225847, -63.5312501050328 -12.82333205239873, -63.74771393734892 -12.735286914817122, -63.93259712771763 -12.88666776426449, -64.15005303754197 -12.798168593045418, -64.18198842635192 -12.55793489816304, -64.39978935360438 -12.468631604882889, -64.58628648668706 -12.619908344009328, -64.80505401154475 -12.530151027440771, -64.99267215365022 -12.681558891311663, -65.21239128480741 -12.591344038077192, -65.40112043541619 -12.742870527339688, -65.62177562404939 -12.652194697601262, -65.65307826373423 -12.409670845156622, -65.87403539534284 -12.31821690367125, -66.06430655492352 -12.469600788153343, -66.28617130216617 -12.377687292759786, -66.47752221450821 -12.52916595542724, -66.70027763163729 -12.436789864755319, -66.89269639044737 -12.588350438320505, -67.11632497771359 -12.495508805104924, -67.14692879204826 -12.250819052747739, -67.37081286554216 -12.157229574799064, -67.56469141105913 -12.308609652546142, -67.78941731941427 -12.214557571455844, -67.98432762312878 -12.365995419988073, -68.20987649931766 -12.27147823634209, -68.23992419755447 -12.025262588054549), (-64.65418586691456 -24.412659734816344, -64.68719067717207 -24.187161558024894, -64.49297275661719 -24.031870621581465, -64.26626027498128 -24.102045516686836, -64.23308354484394 -24.327095420265064, -64.42678972628079 -24.482419361461076, -64.65418586691456 -24.412659734816344)), ((-52.604625237405045 -18.188965909942016, -52.56495474012871 -18.427012889011706, -52.3266186253432 -18.522781529292207, -52.127833689924415 -18.38038056524223, -52.16776739421857 -18.142012084413956, -52.406223683668884 -18.046365154707477, -52.604625237405045 -18.188965909942016)), ((-58.361218309893616 -31.49983233661322, -58.3245809603938 -31.698742357649767, -58.09270899844239 -31.796770227801805, -57.89722444426151 -31.695861919611048, -57.934172938319705 -31.49665630266787, -58.16629531498836 -31.39865362925843, -58.361218309893616 -31.49983233661322)))",Menwig Frog
166,23174,23169,Pseudopaludicola falcipes,species,20978,Amphibia,2.32,"MULTIPOLYGON (((-61.224372724279334 -39.16519762112835, -60.99005938869202 -39.19786713690527, -60.87401276458269 -39.04010697866507, -60.64143870206962 -39.07218619386588, -60.5233152528678 -39.261456731861394, -60.290894821043 -39.2923849358444, -60.17818319555465 -39.13462222491352, -59.94751168407706 -39.16498713689368, -59.83682175971728 -39.0077175673549, -59.607891207056525 -39.0375349497047, -59.499193329493764 -38.88076918790886, -59.271995358655275 -38.910054476351185, -59.08267305643517 -38.76395132446825, -58.856852456578906 -38.79259708874281, -58.66902205616458 -38.646090562500824, -58.44458870838662 -38.67411158577684, -58.25825345660985 -38.52721994805813, -58.03521650932127 -38.55463096497044, -57.85037901828798 -38.407372390069604, -57.61416831606775 -38.49904311690206, -57.415200654483414 -38.41592121829557, -57.45300837242311 -38.24093873010065, -57.253892938368836 -38.156748470495195, -57.29179581370994 -37.980681419979696, -57.092535679092336 -37.895417560943265, -57.13053316795923 -37.71826155313147, -56.93113141443604 -37.63191900797459, -56.96922296794733 -37.453669804878714, -56.769682686644884 -37.36624364548175, -56.807867750959915 -37.18689717294269, -56.60819204218885 -37.09838263671049, -56.64647005855515 -36.91793499136429, -56.44666203152427 -36.8283274883058, -56.48503243632567 -36.64677494467252, -56.2850952088541 -36.55607006460236, -56.32355743365987 -36.373409082294344, -56.5616483157643 -36.28164850948786, -56.599893857564695 -36.098075067133905, -56.40035707492335 -36.00606175810468, -56.16204760350192 -36.097829833198446, -55.96186136159699 -36.00491772448596, -56.00050550211125 -35.82003002076559, -55.800199461979304 -35.7260084570883, -55.83893368882113 -35.54000287787655, -55.638510999809256 -35.444868242596996, -55.398849017959265 -35.53594651611571, -55.19781357691738 -35.43990333966438, -55.23693867930986 -35.252575089980176, -55.03579805504546 -35.15541394187165, -54.795044921171865 -35.245786015098275, -54.59332087292276 -35.147709422700984, -54.632830650235405 -34.95905637466021, -54.431013077609464 -34.8598576887641, -54.18921649698794 -34.9495147283879, -53.986845529534634 -34.84939455564212, -54.026733453115085 -34.6594153182047, -53.82428079988732 -34.558169749299374, -53.58148966854063 -34.647103866392094, -53.37851431856939 -34.54493167092565, -53.418773536421895 -34.353625629465306, -53.215728504967615 -34.25032559521788, -53.256068919302606 -34.05788212514531, -53.05295749436726 -33.95345258931006, -53.093378439763754 -33.75987044073116, -52.89020391168633 -33.65431001796166, -52.930704719018635 -33.45958821684295, -52.727470380155694 -33.3528958075071, -52.48332053380847 -33.441128008874536, -52.27962149267782 -33.33350578231761, -52.32047957110049 -33.137449573121906, -52.11673293857825 -33.02869532727396, -52.15766788888543 -32.83149691601747, -51.9538769779972 -32.721610374670405, -51.99488810782282 -32.523269754681195, -51.791056231774235 -32.412250957077084, -51.83214284548558 -32.212768434343786, -51.628273317340756 -32.10061774344886, -51.66943471610858 -31.89999394501684, -51.46553084846903 -31.786712055773542, -51.22009362438314 -31.87425919613508, -51.01579351456829 -31.76005209505822, -51.0572948479703 -31.55809412217309, -50.8529727916156 -31.442759080358478, -50.606798063759754 -31.529584752133864, -50.402112901122905 -31.41332576976851, -50.443945911387914 -31.210039988788754, -50.23925128370536 -31.09265745364407, -50.2811534194893 -30.888232944720837, -50.07645265343103 -30.76972911829522, -50.11842318217728 -30.56416810237766, -49.91371960087511 -30.444545619406895, -49.95575778756407 -30.237850686522474, -49.75105471029417 -30.117112562737297, -49.79315981751881 -29.90928668002935, -49.588460559385425 -29.787436319790174, -49.63063184742683 -29.578482839443403, -49.425939719047335 -29.455524043235727, -49.468176445950434 -29.245446710273495, -49.263494753141856 -29.121383682048247, -49.01628141017687 -29.207601183261175, -48.81132558730371 -29.08264053597483, -48.85386984590096 -28.871261655938454, -48.64893699702256 -28.745206361182422, -48.691543308351186 -28.532712739864962, -48.486636727445045 -28.405568122371122, -48.52930433456095 -28.19196486614765, -48.324427308979466 -28.06373667828895, -48.36715545321067 -27.849029318728675, -48.162311263376864 -27.719723746892814, -48.20509918440095 -27.503918247571562, -48.00029110350579 -27.373541918281635, -48.04313803942753 -27.15664468135375, -48.29056095136684 -27.070300871448843, -48.33323480374017 -26.852495991922325, -48.58022379069888 -26.76545249765556, -48.62272301014548 -26.546753613924842, -48.41846846356884 -26.414912091555554, -48.46102827843103 -26.19514066859405, -48.25680447481108 -26.062244935911536, -48.29942413280651 -25.841408881484078, -48.09523431895883 -25.707467221799174, -48.13791306620726 -25.48557490672058, -47.933760481681276 -25.350596070482453, -47.97649756278102 -25.127656333631116, -48.22315736872753 -25.039882503399483, -48.427055906776246 -25.175061490727327, -48.38454984523537 -25.39781290011212, -48.588479710631816 -25.5319562194549, -48.54603389777694 -25.753658629699803, -48.749991853370005 -25.886757374438144, -48.70760703666258 -26.107402104011737, -48.911589838609416 -26.239447837215895, -48.86926676378752 -26.459026670545516, -49.07327116185158 -26.59001142039491, -49.0310105728544 -26.80851660271961, -48.78450582644743 -26.896231988838597, -48.74206795302473 -27.113850883271308, -48.49511091653147 -27.200877536879663, -48.452497253131696 -27.417596398682914, -48.65707737059884 -27.54710291576014, -48.90399843894929 -27.46009288688189, -48.946374217490074 -27.24356097978852, -49.192835949597765 -27.15585708946307, -49.23503331070543 -26.938432857570028, -49.4810246474965 -26.850051370706097, -49.684763524948266 -26.979101651317222, -49.93021262726438 -26.890060181467945, -50.13364332048391 -27.018242139010752, -50.09194012878203 -27.235251266299603, -49.846555943087054 -27.32429148291693, -49.804669321621645 -27.540423979693784, -49.55878999757962 -27.62879276814108, -49.354740372010326 -27.501034224160474, -49.10832566530701 -27.588726677277734, -49.06601272867965 -27.80416504504433, -49.2703576440384 -27.93171606421176, -49.22810829445356 -28.146054780464848, -49.43246762015977 -28.27251700368234, -49.390282600768046 -28.485750389520366, -49.59465305271186 -28.61111822622028, -49.8409025818668 -28.523459767816583, -50.044967981628844 -28.64793659347864, -50.00309782006909 -28.859862097446566, -50.207161910677144 -28.983234706093963, -50.165359385822825 -29.19404468150718, -50.36941887682755 -29.31630861898741, -50.61494806442079 -29.227973412083443, -50.81866000241783 -29.349336646686307, -51.06357087722196 -29.260309397733796, -51.10485767079342 -29.049917299669257, -50.90149450831635 -28.928338478802388, -50.94285248139019 -28.716831068365185, -51.18731244770112 -28.627121956153967, -51.228480459729326 -28.41472453954238, -51.47239048699117 -28.32435254927299, -51.67502924990083 -28.446373033508777, -51.91827044721123 -28.355343814777257, -51.95898082881388 -28.142306113281688, -51.756717436049996 -28.02005967941398, -51.7975019899832 -27.805921445424303, -51.59520221659827 -27.68256341545669, -51.636060259472856 -27.467329927345506, -51.87895210243855 -27.375698535799206, -51.91961769449381 -27.159620813325898, -52.16193659621959 -27.067382127350598, -52.363470982930124 -27.191200532588496, -52.32307433842227 -27.407024752708203, -52.08087344750419 -27.499285201418015, -52.040282311585884 -27.714273473478432, -52.24216172563223 -27.836749176178976, -52.48424072096759 -27.74446798867963, -52.524561295603306 -27.529732968072683, -52.766044974511885 -27.436851527754747, -52.80616910446818 -27.221288912442954, -53.0470482191657 -27.12782476677695, -53.08697492939581 -26.911449097458107, -53.32724040519571 -26.81742007753749, -53.52743368840771 -26.939732494060735, -53.76692582848872 -26.84511589005185, -53.966613658635126 -26.966558703926832, -54.20530787243217 -26.871363326773555, -54.404469023657896 -26.991937499514297, -54.64234123069011 -26.896172395531146, -54.68122179882758 -26.67988258631639, -54.48251654084564 -26.559054229771352, -54.52148020810442 -26.34169616524031, -54.75886269906616 -26.245476819089177, -54.957104709745295 -26.36656238355132, -54.91842819524436 -26.583609103482424, -55.116573560517764 -26.70357433726225, -55.352920709264936 -26.606753365701024, -55.55048602453661 -26.725857117385697, -55.785951278054796 -26.628498215977892, -55.82404527367436 -26.412097738129344, -55.626967253428305 -26.292728214555964, -55.66514773125337 -26.0752683675565, -55.90011299827387 -25.97751295733644, -56.09669692022052 -26.097151228356232, -56.3307544817615 -25.99888415904364, -56.52671565036411 -26.11767156996213, -56.759844178100934 -26.018902700620888, -56.95516386605986 -26.136841539179667, -57.187342592807596 -26.03758090018585, -57.224424231557734 -25.820461892848623, -57.45586457509725 -25.720802409044172, -57.49273574225943 -25.503010299639687, -57.723431348647324 -25.40297141501902, -57.917018699669796 -25.520636547552208, -58.1467219066692 -25.42014272094325, -58.339611352577265 -25.536973510276038, -58.56830332564509 -25.436035107930845, -58.76047808231564 -25.552034663418407, -58.724520268350716 -25.768675536659508, -58.91653238598026 -25.88354644093669, -59.143934333881305 -25.78207655282065, -59.33520865098791 -25.89611877178156, -59.29965384362522 -26.111327786423235, -59.4907560593648 -26.22423835981895, -59.455296851147324 -26.438408105280637, -59.646224296500634 -26.550185223952333, -59.61086111746914 -26.763310505702453, -59.801611135268786 -26.87395272989045, -59.76634441052073 -27.086028738193257, -59.9569143556636 -27.19553498953876, -60.1749987600229 -27.13980636695309, -60.35863982663375 -27.295583358964603, -60.32358533275115 -27.507053863056047, -60.50795322059264 -27.6626665737315, -60.472898446997135 -27.873486021605135, -60.65799555867275 -28.028914724429807, -60.87875397701907 -27.97356056250564, -61.06518674643975 -28.128826572953322, -61.03025850501794 -28.339405165368913, -61.21742414518917 -28.494451603980387, -61.182499913258866 -28.70434093359192, -61.37040069866458 -28.859148248704575, -61.335481425381914 -29.068333934663737, -61.524119606206014 -29.222882712087955, -61.74827286272466 -29.168291343027533, -61.93824358286116 -29.32261169414346, -61.90346963726864 -29.531473269460268, -62.094180724380905 -29.68549961728983, -62.05941628446331 -29.893621258860577, -62.250869842444956 -30.04733446760199, -62.216115924928005 -30.254702758713883, -62.40831402888216 -30.408083865429166, -62.63584918392468 -30.35414905034404, -62.82937370427379 -30.507234946373302, -62.79478480201206 -30.714199110771435, -62.98905609389939 -30.866917795233277, -62.95448252168312 -31.073094469282175, -63.14950249482814 -31.22542735673924, -63.37966653144869 -31.171638635634746, -63.57600388536609 -31.323625330792513, -63.54161197118452 -31.52934181426244, -63.31071586891336 -31.582732872886385, -63.27617622817783 -31.787297770107998, -63.47269915781557 -31.9388041374038, -63.438178147247015 -32.14254542787074, -63.20696805331163 -32.19445173986002, -63.17229940936315 -32.397036505684866, -62.9415172524578 -32.4478519474809, -62.90670279585201 -32.64927916458288, -62.676357689069306 -32.699006577303535, -62.64139925365342 -32.89927554892665, -62.41150022308602 -32.94791807405881, -62.37639965529644 -33.14702842250791, -62.571353242161734 -33.297812358231745, -62.53626555944163 -33.49607682809281, -62.30606952716897 -33.54324552217814, -62.27083986183533 -33.740349126375605, -62.041104284872404 -33.78643892684959, -61.84735539323091 -33.63581768620941, -61.61884784876463 -33.681227266652904, -61.583332080285544 -33.87686254590173, -61.7764682544355 -34.027397115195974, -61.74096025956092 -34.2221806206147, -61.512172092171966 -34.26612518139336, -61.47652777260086 -34.45975002447805, -61.248226369191855 -34.50262875376185, -61.21244763221304 -34.695096226028014, -61.405110232680244 -34.84498101028628, -61.36933691246975 -35.03658506214042, -61.14076147764142 -35.07801290411994, -61.10485396193002 -35.26846021264364, -60.876779412392224 -35.308831564936, -60.84073963403527 -35.498124127886015, -60.6131744582088 -35.537444396067805, -60.577004359103256 -35.72558445522284, -60.34995694276017 -35.76385926035121, -60.313658473288285 -35.95084929356273, -60.08713709796925 -35.98808446375555, -60.05071221644266 -36.17392717708062, -59.82472505793092 -36.210128739196705, -59.78817573003528 -36.39482705911915, -59.56273085688781 -36.43000123054519, -59.52605905512853 -36.61355829629081, -59.30116442726475 -36.647711476840286, -59.113730681858414 -36.498698988916736, -58.89018381753749 -36.53223012081997, -58.85328257781191 -36.71438043760885, -58.63030357765983 -36.746903854188616, -58.593287438528336 -36.92792297045036, -58.37088381662099 -36.959445502754136, -58.33375476235274 -37.13933719048163, -58.11193391936415 -37.169865823204375, -57.914359816210364 -37.0839972456032, -57.67897697210344 -37.17710597360755, -57.641419843684474 -37.35607133486319, -57.405253615165606 -37.448487274448674, -57.36747611588328 -37.626550959413315, -57.56618053171057 -37.71200994613331, -57.528498274294975 -37.88898329738179, -57.727053228825866 -37.97336661468294, -57.68946674604962 -38.14925389740118, -57.88786919874781 -38.232566756192185, -58.11010258735692 -38.20477970411088, -58.29564781962996 -38.35217525626652, -58.519277029204545 -38.32378568666417, -58.70631445582737 -38.4708103043113, -58.93133063630907 -38.44180357033488, -59.119857255324504 -38.58843902722824, -59.34625083264228 -38.55880042898407, -59.536263000955714 -38.7050284145113, -59.76402366405671 -38.67474320982469, -59.95551708230164 -38.82054534024284, -60.18463377068875 -38.78959875580347, -60.29660351539184 -38.94640323601673, -60.527445210811464 -38.91489822418561, -60.644753236552035 -38.72601635930802, -60.87574627899511 -38.6933726525566, -60.99100565397623 -38.85017252121878, -61.223714242550045 -38.81694390870782, -61.34102785039474 -38.97420609276673, -61.57545827977896 -38.940376478810144, -61.69485517122118 -39.098089039807746, -61.931013243314155 -39.06364201421049, -62.05252257352117 -39.22179252405137, -61.93661330635439 -39.4149109495714, -61.698802653125284 -39.44881064576434, -61.57856104623042 -39.29014194980404, -61.342502011536254 -39.32341818521695, -61.224372724279334 -39.16519762112835)), ((-64.10736061868096 -30.79868083739274, -63.90991182879063 -30.64658997641787, -63.944025560884896 -30.437776911091, -63.74732075750026 -30.28528820235996, -63.781455981514455 -30.075688408409974, -64.01212475468841 -30.018223052821323, -64.20937637985456 -30.17075555461317, -64.44115443689519 -30.112591831718497, -64.63968442465087 -30.264770975313926, -64.60590117604086 -30.47507073401158, -64.37340720865586 -30.53284568243589, -64.33946915932896 -30.742003811467825, -64.10736061868096 -30.79868083739274)))",Hensel’s Swamp Frog
167,23176,23169,Pseudopaludicola mystacalis,species,20978,Amphibia,2.32,"MULTIPOLYGON (((-48.657518431364764 0.0625504611671308, -48.85384046579736 -0.1003197557674149, -49.09071797450687 -0.0124063049891231, -49.131310021763255 0.2380961768881014, -49.36775718113972 0.3256960032978797, -49.40818379403498 0.5757633604037294, -49.64419088653591 0.6630291771717585, -49.68445081066011 0.9126373274571863, -49.48893026501494 1.0751616075306825, -49.52925013698342 1.3244735463004387, -49.76486364432154 1.4110755717163221, -49.80501656957969 1.6598869185590401, -50.040177030889 1.7461055344866856, -50.08016180509571 1.9943930917912231, -50.314859841732414 2.0802090449812956, -50.35467529323495 2.3279499799448615, -50.58890165822362 2.4133443694416155, -50.628546648099416 2.660516226082401, -50.86229222760312 2.7454705139446913, -50.9017656496855 2.992051224510423, -50.707729033724604 3.1538796314883917, -50.74726645128595 3.400053529523714, -50.98060471677857 3.4841941428342387, -51.01997038533477 3.729738950980072, -50.82623379131212 3.8913421596663547, -50.865663736287644 4.1364397039420835, -51.09859405218634 4.219732353007379, -51.13785207471 4.46416402315332, -51.370286624326525 4.546946467884226, -51.409371684619316 4.7906919560927435, -51.641301786820634 4.872947587298548, -51.83404965824823 4.711836352959246, -52.065364752596125 4.793936682558282, -52.10403318601587 5.036759398103966, -52.3348212717288 5.118308688946805, -52.37331299950911 5.3604016348698265, -52.603565869152504 5.441384337162146, -52.64187999752576 5.682728715438516, -52.87158958472058 5.763129708321556, -53.062862307141074 5.602596935494258, -53.29189328588433 5.682820517962414, -53.32977821734582 5.923156768787389, -53.558244860436616 6.002776755736769, -53.74868985326415 5.842486908918664, -53.97644330673981 5.921923759765648, -54.013892364094175 6.1612148894377805, -54.241061280897156 6.240027314951779, -54.430630794836276 6.079990327636735, -54.65705316039774 6.158614447543549, -54.84612555534619 5.99866582376541, -55.07178106262239 6.077103308107575, -55.26033870405426 5.917256209545357, -55.22367025717642 5.678805178172284, -54.99818089057645 5.59990865391829, -54.80919443178274 5.75992322272705, -54.582930045163664 5.6808481238439805, -54.54581389345131 5.441307125170645, -54.318947567550424 5.361607709678153, -54.12904513921714 5.521894542658253, -53.90143620582202 5.442021772106392, -53.863878120879775 5.201425999688902, -53.635686781133074 5.120949653953804, -53.59794639264197 4.87959381673019, -53.369180093058574 4.798528317611756, -53.331258148603695 4.556430692284788, -53.10192448127404 4.4747908982028575, -52.91038486611953 4.635663894390178, -52.68036837608568 4.553871505855482, -52.64201543871545 4.310800788698775, -52.411452689551226 4.228457237447925, -52.372921430103304 3.9846868648508327, -52.141820508647825 3.9018080955047987, -52.103111820790204 3.657357875523638, -51.871480956006366 3.5739602507559463, -51.83259576605059 3.3288504294439867, -51.60044332816014 3.2449507233175665, -51.407079451721984 3.406535114493237, -51.17432224528201 3.322515141691223, -51.13502146439461 3.0765472459287535, -51.32871709467662 2.914817367392044, -51.28948181039928 2.6684507928729344, -51.05631189719452 2.5835988547065654, -51.01690308630225 2.3366359617066066, -50.78323754836512 2.2513346566949366, -50.743656268356006 2.003797356795659, -50.509504030697656 1.9180650254300788, -50.46975137194343 1.6699756218266844, -50.23512149530745 1.5838309733181735, -50.19519858105326 1.3352121496697753, -49.96010026056723 1.2486742515686033, -49.92000824691502 0.9995490602414667, -50.11524522304549 0.8371612008257191, -50.07521476069314 0.5877477739027851, -50.27044921693172 0.4253989949453068, -50.23048094359697 0.175723093219959, -49.99504622371961 0.0881922090002417, -49.79951758938432 0.2506478037705246, -49.56356398535033 0.1630821384064034, -49.523196993331965 -0.0872376511252711, -49.286797166800596 -0.1751273712148084, -49.24626375225219 -0.4258641030827052, -49.009427373343726 -0.5140573512536338, -48.81308427121613 -0.3512329645158502, -48.575786257130744 -0.4394393567185466, -48.534867234787384 -0.6907385931831175, -48.297158683859266 -0.7792169599877706, -48.100345175742376 -0.6161353680459366, -47.862217511425 -0.7046153018592093, -47.665211213020314 -0.5413894836630682, -47.4266909992142 -0.6298701705925176, -47.38518685476663 -0.8818145781803398, -47.14629958892942 -0.9705240532235389, -47.10464038479043 -1.2227908423675868, -47.3020745159306 -1.3862212030219971, -47.260466322143884 -1.6386634061641938, -47.457950970457574 -1.8020329716289025, -47.41639447877114 -2.0546238415443825, -47.1771458884389 -2.14397527189829, -47.135433650005496 -2.3968247007952272, -47.33317705112526 -2.56018711107746, -47.29151611555028 -2.8131392025060897, -47.48930960720941 -2.976379976525028, -47.447700669195484 -3.2294077877188236, -47.645541334518526 -3.39250068597137, -47.603985087760435 -3.6455772535032627, -47.80187000215727 -3.8084960969719086, -47.76036713927661 -4.061594456108372, -47.520767358457164 -4.151927632697414, -47.479105874965995 -4.4051809118774745, -47.67725578656763 -4.56794202705141, -47.6356472946801 -4.821170689985933, -47.833840994089684 -4.983697230328002, -47.792286189357014 -5.236874353997126, -47.99052072965756 -5.39914043839337, -47.94902030647211 -5.652239168390299, -48.147292733531685 -5.8142190594394645, -48.10584738506097 -6.067212629010175, -48.304154737784074 -6.228880751451975, -48.26276515590473 -6.481742500358354, -48.461104466485494 -6.6430734592338405, -48.419771341717365 -6.8957768524072005, -48.618139635894494 -7.056745450920073, -48.57686365733477 -7.30926409687267, -48.775257954648055 -7.469845353921162, -49.0146677456417 -7.377923154572685, -49.21281814513222 -7.538116786942631, -49.1718266956552 -7.790207138666626, -49.36999172888858 -7.949972381844457, -49.32906051608583 -8.201819006131224, -49.5272371901963 -8.361131568093061, -49.48636689056792 -8.61270873338628, -49.68455220803324 -8.77154459738326, -49.92331707469691 -8.678847794075908, -50.12121095595529 -8.83723678670256, -50.08063802774251 -9.088268063470837, -50.278529211439945 -9.246141217296248, -50.23802020484766 -9.496846024439131, -50.4359056885653 -9.654180159965449, -50.67398493888001 -9.560874810723673, -50.8715402537282 -9.717721259986224, -51.109034460909555 -9.62420375259875, -51.14905721495302 -9.37405402888382, -51.38603561125055 -9.280549900729497, -51.58289581295878 -9.436974414474948, -51.543121648176225 -9.686826473201332, -51.7399514754166 -9.842667973465948, -51.97620002796597 -9.748737006492577, -52.1726350814765 -9.904061801825193, -52.133183856092046 -10.153228343534689, -52.329577471027946 -10.307934192135312, -52.565048833106346 -10.213565816438184, -52.76101869549527 -10.36773226356598, -52.995796676240886 -10.273158780311661, -53.1913221991482 -10.426777283448088, -53.425383216770825 -10.332002953176202, -53.62044413213826 -10.48506526098833, -53.85376504596621 -10.390094467847884, -54.048341415223035 -10.542592621310071, -54.280899536864695 -10.447429869357492, -54.474971761012625 -10.59935620249709, -54.70674486484009 -10.504006111836787, -54.90029369400301 -10.655353252111066, -54.86250996569191 -10.901925050681875, -55.05596773114391 -11.052556375000403, -55.28675864381529 -10.956744835885923, -55.479666681652986 -11.10677835637704, -55.70962095008295 -11.01078218018739, -55.90196084164077 -11.160211414869009, -56.131057832848 -11.064035725077687, -56.32281153755157 -11.212854485999976, -56.28594638240432 -11.45770167426643, -56.477584264209554 -11.605752617002654, -56.705599824911474 -11.50910733039288, -56.896626784799096 -11.656531604240826, -56.86013106313669 -11.900441645650965, -57.0510323992211 -12.047070228583811, -57.277927516805946 -11.949952055091217, -57.46819385704171 -12.095939002705665, -57.69415700040595 -11.998645330231193, -57.88377172274923 -12.143985947393126, -58.10878463139582 -12.046522631860945, -58.2977315227231 -12.191212509999097, -58.52177646618479 -12.09358548749626, -58.71003972685605 -12.237620501464725, -58.93309950828507 -12.13983578288669, -59.12066375615879 -12.283212087575919, -59.342721715253845 -12.185275753241442, -59.52957198915985 -12.327989779951757, -59.75061200444165 -12.229907974198237, -59.936733767119335 -12.371956426789094, -60.15674025756687 -12.273735352559758, -60.34211939807692 -12.415115203388796, -60.561077324137386 -12.31676111682232, -60.74570015975675 -12.457469602487677, -60.71194173756331 -12.696324445043643, -60.89637883269765 -12.836147069388968, -61.113990766823065 -12.737326756691969, -61.29765260170302 -12.876468919259679, -61.26428988904658 -13.11421211911657, -61.44775796695265 -13.252448344834242, -61.66399476952252 -13.153164855514213, -61.84666938784618 -13.290712685799782, -62.061803622214356 -13.191307249665039, -62.242190076672514 -13.342669322293235, -62.45585321155639 -13.257183946630885, -62.63741730252562 -13.408722692891136, -62.8521196045715 -13.322785571274238, -63.03485430205953 -13.474488975705478, -63.25058333293492 -13.388095776831578, -63.434481094537276 -13.539951633930189, -63.651223861723906 -13.45309807223406, -63.83627662631123 -13.605093991669657, -63.80409399582119 -13.844169792877178, -63.98980739084092 -13.996518473552028, -64.20819053408235 -13.909566029163837, -64.39504969129777 -14.062028320358454, -64.61441574058317 -13.974599598959102, -64.80241130678984 -14.127162511945784, -64.77056701519622 -14.367370359716656, -64.95922284767943 -14.520235868913565, -65.18019057479452 -14.432678228666955, -65.36997169113617 -14.585616600508871, -65.33832257312295 -14.826319773018707, -65.11672104307063 -14.913524892373912, -65.0849282358314 -15.15358029806118, -65.27490801713049 -15.306983707326978, -65.24314247549673 -15.546927912729686, -65.02122628250638 -15.632913997702982, -64.98931703389619 -15.872175949181383, -64.76772832620725 -15.957284747070366, -64.73567683791138 -16.19584669188181, -64.51442386192444 -16.280067173642006, -64.48223161476493 -16.517911782541624, -64.26132255827389 -16.60123338088467, -64.22899104621267 -16.83834375248775, -64.0084340366553 -16.92075636219929, -63.97596476639944 -17.15711602680288, -63.755767869138495 -17.238610004546512, -63.72316235974196 -17.474202927417487, -63.503333576378054 -17.55476909103732, -63.31677111551862 -17.400151523321036, -63.097981138502945 -17.48019783793525, -63.065092234577094 -17.71444485879125, -62.84668940188875 -17.793553507149905, -62.81367034599498 -18.027002609378453, -62.595662370196024 -18.105165600958518, -62.562514723805634 -18.337802265366065, -62.34490924691271 -18.415012062209296, -62.31163458148231 -18.646822210068695, -62.094439173485625 -18.72307172400816, -61.911193994093 -18.56795566287211, -61.69509316405792 -18.643689454565, -61.6615618500274 -18.87408798973292, -61.44588871965291 -18.94885498342022, -61.412236587701756 -19.17840065459121, -61.196998413532285 -19.252194904738666, -61.16322706625502 -19.48087514010174, -60.94345992331536 -19.583575842717103, -60.75717469721904 -19.457380051871272, -60.53631380747646 -19.55982156349367, -60.349248853159594 -19.432859349916743, -60.12730892972505 -19.53503253906217, -60.09271332622629 -19.764371918668136, -59.86998177061689 -19.866468479849058, -59.681574011702594 -19.739024524642403, -59.45778740436377 -19.840830994287757, -59.42267685083384 -20.07027351873709, -59.198112108861295 -20.171969604380813, -59.16279158121017 -20.401007632651854, -58.937453667841936 -20.50257226421263, -58.74718035259403 -20.374917816208328, -58.52082255015543 -20.476157467325457, -58.484990317320936 -20.705223520944184, -58.257874329746045 -20.806297628926725, -58.221833086770005 -21.034909276498784, -57.99396447576328 -21.135796726078233, -57.80189809420315 -21.007911452906754, -57.573047888053964 -21.108438611818265, -57.53649924442141 -21.3370029971134, -57.72909896282667 -21.464613237943805, -57.69264045472154 -21.692254936112064, -57.46328397227509 -21.792705900281593, -57.426617276640144 -22.01983247057098, -57.19652589332384 -22.120033731129777, -57.15965135248868 -22.346625367826235, -56.92883132413907 -22.4465560561223, -56.89174931514965 -22.67259318995488, -56.660207072827376 -22.772232533397958, -56.465532602826855 -22.645712136287823, -56.5029094357172 -22.419282503113006, -56.30811196549786 -22.29168105754513, -56.075438340388246 -22.39077617132729, -55.880026660288976 -22.262363928790357, -55.917782105495036 -22.034594323032174, -55.722257871121 -21.90511266172111, -55.76009882543798 -21.676397891618713, -55.56446496670671 -21.545854822328362, -55.33051142413724 -21.64428253679207, -55.292382782629346 -21.873372100837784, -55.48849472815709 -22.00365994581859, -55.45045034895841 -22.231804597429985, -55.21600699032179 -22.33002822675342, -55.177759784674464 -22.557583113745526, -54.94264367855092 -22.655462310434995, -54.90419428156619 -22.882408061340804, -54.66841307082382 -22.979922195564416, -54.4709082962988 -22.85039275371545, -54.23430186971913 -22.947431685558588, -54.19536887398547 -23.17408882864841, -53.958118969755674 -23.270729078238, -53.75964437389847 -23.140626355189912, -53.52160671494411 -23.23676992348522, -53.322633151024206 -23.10584492261695, -53.36212132903793 -22.87853603733204, -53.16308191257443 -22.746553062244796, -52.92414158997063 -22.84211693330802, -52.724632751154275 -22.709318847270648, -52.48496335367632 -22.804375261497896, -52.2850067446534 -22.670764003166486, -52.04463350725166 -22.76530545420643, -51.84425111630483 -22.630883313473884, -51.60319972802509 -22.724902534465244, -51.40241386699421 -22.589672157369538, -51.16071045679402 -22.6831621288269, -51.11989259043551 -22.911934453162857, -50.87765208473587 -23.004935610378844, -50.67614204701795 -22.869116146380428, -50.717214869791405 -22.640080479528397, -50.51569023212684 -22.503243014726912, -50.556831260486206 -22.273239465813433, -50.3552952032141 -22.13539468823567, -50.11229379795543 -22.227763773493262, -49.91043181130124 -22.089128963935025, -49.666869834663146 -22.18095561492802, -49.46470544160479 -22.041535201759338, -49.220610711099994 -22.13281361619432, -49.1787342264314 -22.363540856524832, -48.93417695647227 -22.45428846328578, -48.73145522128485 -22.314284701544455, -48.48641105925003 -22.40446654265992, -48.28344992743979 -22.263683370075707, -48.325795300633445 -22.03252589044529, -48.12286721236143 -21.89077899173473, -48.16527106799532 -21.658677091737733, -47.962379204064746 -21.515979268361487, -47.71684009581119 -21.60557135759362, -47.51375121989008 -21.462119390518165, -47.556436699442116 -21.228893063390974, -47.801988334855025 -21.139311016462955, -47.844506930432345 -20.905361332123654, -47.64169702800453 -20.760802041241682, -47.684271878314036 -20.52594998146993, -47.48150769754426 -20.38048113586112, -47.52413805736887 -20.14474170335468, -47.32142274805784 -19.99837807959163, -47.36410787097998 -19.76176676923799, -47.60928857487596 -19.671709640544453, -47.65180873360504 -19.434430574842075, -47.44936834043094 -19.287019302945165, -47.20418371295301 -19.377056431819426, -47.00157556188313 -19.22894954282811, -46.75601977720851 -19.31847539719284, -46.55326841319135 -19.169680972391895, -46.307370884743534 -19.25869192579323, -46.10450098788209 -19.109218406120082, -45.858291348593696 -19.1977111164792, -45.81492407576752 -19.435671802631237, -46.017969684389016 -19.58498842281358, -45.97465052822196 -19.82210501172127, -46.17777502205345 -19.970577749004367, -46.134504747300184 -20.20683374590345, -45.887905234446606 -20.29476719231917, -45.684609255707414 -20.146456016534394, -45.728083022982815 -19.910051090597523, -45.52487179963359 -19.76089198153858, -45.278030094105816 -19.84829712105208, -45.07475714681851 -19.69846057665117, -45.118474190959404 -19.461066176515658, -44.91529802635654 -19.31041095993416, -44.668270094875396 -19.397301954429633, -44.46506621188604 -19.245991625788513, -44.5090165105741 -19.007645309784362, -44.30592136260438 -18.855546922025137, -44.05876325535675 -18.94193900879806, -43.85567437571305 -18.78920902754418, -43.89984775939135 -18.549949827564927, -44.1469294980775 -18.46351876597544, -44.190961489499216 -18.223563512955575, -44.437793124091854 -18.136582263758903, -44.48168179577027 -17.895951785964076, -44.27892315044102 -17.74219943236397, -44.03216451603046 -17.82921127945239, -43.82941360740324 -17.674858833144544, -43.87352418656502 -17.433368305632026, -43.67089398844982 -17.278302719839864, -43.71504269815182 -17.03607333715182, -43.51253616833151 -16.88031445420137, -43.265797408236494 -16.96690511338474, -43.063341101248824 -16.810586787941936, -42.8164952463662 -16.896693047546336, -42.77200490966828 -17.13906645838442, -42.97452717882129 -17.295269329360426, -42.93007078674583 -17.53691496020102, -42.68292601078147 -17.62241736827646, -42.48034825184823 -17.466331769786027, -42.52496938987804 -17.22462777951498, -42.32253849415031 -17.067873876262396, -42.07544587051683 -17.15293925952508, -41.87313124443645 -16.995646463612477, -41.62601194404243 -17.08021528690578, -41.423838428557815 -16.922396028226217, -41.17672286761902 -17.006467939779515, -41.13164084754325 -17.248269941290616, -41.33382099380472 -17.4059815203796, -41.5810779376682 -17.321997479822958, -41.783415480288 -17.47917947025256, -41.73850982793604 -17.720231433297098, -41.941008588707234 -17.876755468264935, -42.18838573765069 -17.79234210411401, -42.39100847088207 -17.94830866408102, -42.34628986566372 -18.188566528181994, -42.549062366383225 -18.343839724496853, -42.50437581196883 -18.5833230076194, -42.25675532144413 -18.667584241590678, -42.211939421276725 -18.90632965556928, -42.41490480494872 -19.060759880699912, -42.37012039007186 -19.298699348993843, -42.122210463312285 -19.38225827987159, -41.91920969048033 -19.227959434225525, -41.67126974557132 -19.310964010841236, -41.46840848534433 -19.15607173035127, -41.51350472210268 -18.91804774226312, -41.31081054265209 -18.76244839678416, -41.35593396741922 -18.523629454107393, -41.153409673124486 -18.367342544247958, -40.90576371442137 -18.44999706842716, -40.860495049511286 -18.688834239508264, -40.61274272250628 -18.77084059354256, -40.56735742174595 -19.00890020953271, -40.31951161102788 -19.090240988085405, -40.2740118979483 -19.327504133707947, -40.47649460811499 -19.483422543577912, -40.43101714718398 -19.71987173524482, -40.1829211065093 -19.80040287539753, -40.13733008224767 -20.036025261601697, -40.33997024836398 -20.19111314767292, -40.294400863554955 -20.425892480898263, -40.49723102786837 -20.580257142584802, -40.74565589406046 -20.49997500660151, -40.948691461454985 -20.65373561719488, -40.90328547348906 -20.887639489469912, -41.10649980023442 -21.04064407771725, -41.06111921530683 -21.2736666097369, -41.26450950578294 -21.42589754019108, -41.513277635898305 -21.345247974726306, -41.71683108183635 -21.496834698134823, -41.67162782543306 -21.728922990681642, -41.8753457531692 -21.879705205260755, -41.83017167032071 -22.11087654947399, -42.034051206401784 -22.260837811885935, -41.988907093692035 -22.49107768954053, -42.1929453464586 -22.640202022469527, -42.14783200189231 -22.8694964061884, -42.35202606167047 -23.01776830133169, -42.30694428460288 -23.246103655351355, -42.057507150615294 -23.326223991217603, -41.85327964173908 -23.178109861553665, -41.898521290210994 -22.949719005453943, -41.69445548244886 -22.80074992549786, -41.739726513255675 -22.571404365981973, -41.535825296467664 -22.4215956641364, -41.28664075290044 -22.501286825570098, -41.08290198631963 -22.350804508507238, -41.12835133271082 -22.120482192785204, -40.92478870235499 -21.96918941281808, -40.970263641915096 -21.737945066935612, -40.76687995945477 -21.585858365582297, -40.8123796975072 -21.353706817899194, -40.609177755139626 -21.20084319435006, -40.65470149890879 -20.967799759449512, -40.451684069191174 -20.814176666284407, -40.203170357268874 -20.893736989435503, -40.000374823876655 -20.739507469910652, -40.04605691331125 -20.505583842033865, -39.843457065262726 -20.35062743756208, -39.889159390544904 -20.115849541766384, -39.68675791525868 -19.960184850476605, -39.73247969234623 -19.724569586386444, -39.53027925657398 -19.56821563735698, -39.57601970377959 -19.331780374782372, -39.37402295346698 -19.17475662101089, -39.41978129151968 -18.937519194896296, -39.667411453671804 -18.857285281521687, -39.713062698138515 -18.61923898185265, -39.5112094482007 -18.46145027510928, -39.55687920763799 -18.22263262832815, -39.355229315189376 -18.064218829675795, -39.10797657022857 -18.144734446256617, -38.90660654191487 -17.98582211729946, -38.65952776826208 -18.065805480144604, -38.45846178664351 -17.906408421004386, -38.50438312489473 -17.666926117972583, -38.751257932187116 -17.586789528521095, -38.797080091342536 -17.34653088880715, -39.04394198678443 -17.265727137479455, -39.08966264955106 -17.02471161888, -38.88863840523405 -16.864549206873292, -38.9343744970065 -16.62284123652587, -38.733563923702235 -16.462139431879873, -38.779314679452085 -16.219759798692852, -38.578720302553165 -16.058540941978265, -38.6244849599515 -15.81551084222945, -38.8707305325367 -15.73364028506786, -38.916395567102995 -15.489916351461243, -38.71592924552385 -15.328126676175666, -38.7616088100217 -15.083788835597261, -39.007639696746566 -15.001180703234846, -39.05321873016197 -14.756185494629271, -38.8528826246293 -14.593862894890556, -38.89847681216534 -14.348291567969664, -38.69835360306246 -14.185533137365969, -38.74396218757366 -13.939408592242517, -38.54405437143606 -13.776238262742835, -38.589676598455014 -13.529583747783965, -38.38998665063892 -13.366025732125268, -38.43562176843099 -13.118864830488581, -38.23615214300821 -12.954943607007692, -37.99115291591485 -13.038226452296293, -37.7920182760636 -12.874001997301239, -37.83776919198982 -12.62646064144066, -37.63886496122501 -12.461915826462603, -37.68462515788431 -12.213923665126252, -37.48595369591055 -12.049083547811858, -37.53172243523767 -11.800665136010137, -37.333286079798455 -11.635554980142958, -37.08921762013085 -11.71888272896473, -36.891161880118005 -11.553539220557424, -36.9370299680898 -11.304857873212473, -36.73921903012058 -11.139288190464466, -36.78509210178845 -10.890238144896081, -36.58752820549478 -10.724467963060922, -36.34425321343247 -10.807749870705667, -36.147106973058385 -10.64179859926188, -36.19306589319061 -10.392572928279202, -35.996176057545824 -10.226465483321602, -35.75350919056643 -10.309575329384078, -35.557066097946944 -10.143320752690837, -35.603100242253475 -9.893974313637214, -35.40692265225448 -9.727608031593405, -35.45295550685515 -9.477985020280647, -35.25704547819305 -9.31153307909399, -35.015308835366966 -9.394677683703941, -34.8198807992446 -9.228131054074176, -34.86597558898359 -8.978475974404759, -34.67082385733684 -8.811888234827618, -34.71691394185166 -8.562016297217879, -34.52204046849411 -8.39541356199106, -34.56812516598913 -8.145350928378969, -34.37353188136191 -7.978759325953164, -34.419610514040244 -7.728532258980461, -34.66022596675032 -7.644654131110506, -34.70624198516782 -7.394039650092584, -34.51169983292908 -7.227551671959234, -34.557710433699214 -6.976817931212732, -34.798205047158945 -6.892328037297363, -34.844152006847196 -6.641250824602403, -34.64966330548447 -6.474913284857083, -34.69560549201509 -6.223762374029641, -34.93597657510031 -6.1387036405224915, -34.9818541007437 -5.887253783426942, -34.78742115633651 -5.721113593575024, -34.83329455059942 -5.469635892521252, -35.07353942896586 -5.384052028477568, -35.119347149587526 -5.132320397848265, -35.35973413470566 -5.046392432560741, -35.40547386025517 -4.7944328516022665, -35.64599101781758 -4.708182139257334, -35.84102933074533 -4.874017937101752, -36.08192091411041 -4.787580569190139, -36.27739495500208 -4.953451130689907, -36.518633964927915 -4.8668266280863435, -36.56415022755198 -4.614228801402547, -36.8054711331402 -4.527323800976766, -37.00151264145725 -4.693110593045571, -37.2431353629446 -4.606028555705816, -37.288483164282525 -4.353079341177942, -37.53015729944832 -4.265749496350292, -37.57541941316143 -4.012672399757597, -37.81713282126873 -3.9251170767652392, -37.86230700487641 -3.671938913179274, -38.104047545309925 -3.5841805785343097, -38.30082257126446 -3.7496488234826653, -38.54278176146937 -3.6617457938604785, -38.587760888704565 -3.4083398637911366, -38.82971651795992 -3.320267468718912, -38.87459976032591 -3.066821674535974, -39.11653968743414 -2.9786026840076625, -39.16132486800046 -2.7251440770597877, -39.403236968426654 -2.636801333672596, -39.60054367847658 -2.8019198361470385, -39.842590489588645 -2.713466156503881, -39.887154589040506 -2.4599051699125387, -40.12914285790572 -2.3713619746023133, -40.32673056482284 -2.5363598528471187, -40.56880654698912 -2.4477174985875476, -40.76659845597385 -2.612707034894516, -41.00873367546188 -2.5239659986764447, -41.20670665747767 -2.688932753280246, -41.44887256835932 -2.6000935547526383, -41.647003394511415 -2.7650230914559053, -41.88917140100776 -2.6760862953120177, -41.933078732653684 -2.4222866145349635, -42.17510172398357 -2.333329267961073, -42.373334565487994 -2.498096331343753, -42.61531248762401 -2.4090535837255302, -42.658944457344234 -2.155332840241437, -42.90074701502354 -2.066304172275584, -43.099018034742244 -2.2308986256441496, -43.34072852166585 -2.14179684331235, -43.539056726623244 -2.3063192118782188, -43.780646655922965 -2.2171450619370665, -43.97900863867642 -2.381581096883692, -44.220449580703956 -2.292335370117643, -44.26345257387595 -2.0387865835847063, -44.06518844482804 -1.8744567997911437, -44.10822966746491 -1.6210644292088026, -44.34936065650908 -1.532033554373724, -44.39226572382029 -1.2788498104615749, -44.6331500576992 -1.1899246925524691, -44.67591719395199 -0.9369760794542998, -44.916543525885004 -0.8481792839359643, -45.114456327542996 -1.0121669894992684, -45.3548615999774 -0.92334464022745, -45.55272470020029 -1.0872487677692093, -45.79288103339198 -0.9984016392440116, -45.835135023049844 -0.7458384108673082, -46.07498672672588 -0.6571646606548208, -46.27261124922484 -0.8208579544999031, -46.512168814949746 -0.7321714968418326, -46.55407929991853 -0.4800010570064784, -46.79330396835948 -0.3915212021622275, -46.99062839092406 -0.5549944287857523, -47.229514347773545 -0.466513776362245, -47.27106990078374 -0.2147901952627305, -47.509595237759584 -0.1265488860910602, -47.706558821613015 -0.2897929307115726, -47.94470157619793 -0.2015625308000317, -48.14148057707237 -0.3646802877205484, -48.37921413967655 -0.2764615194863144, -48.42018910369947 -0.0253860320431801, -48.657518431364764 0.0625504611671308), (-42.13943713970212 -12.992400910021423, -41.93832659177267 -12.830889910159785, -41.692702167001414 -12.917898196031267, -41.648062044657735 -13.166373756640468, -41.84919757767995 -13.32782588088846, -42.09494961714286 -13.24086009082356, -42.13943713970212 -12.992400910021423), (-42.29886588994953 -15.937339808137986, -42.50095625938407 -16.095469310607236, -42.747586817775776 -16.009262015054794, -42.7920125247045 -15.764875392365983, -42.58997084034099 -15.606646895737866, -42.34345339839871 -15.69290528272688, -42.29886588994953 -15.937339808137986), (-41.894950636058354 -15.619978478453099, -42.141512713710085 -15.534176199971427, -42.1861310623412 -15.28909680416684, -41.98434289353646 -15.129790107172296, -41.73790819030774 -15.215653808933421, -41.69313566297673 -15.460761519687262, -41.44655917419289 -15.54610714923111, -41.40166464409267 -15.79059751555183, -41.60349594004323 -15.94972226990737, -41.850206835126606 -15.864447590387302, -41.894950636058354 -15.619978478453099)), ((-45.028248641034565 -23.62518461890423, -44.77962289508122 -23.70919607647396, -44.575063434946856 -23.56548056907282, -44.61926172529141 -23.337581412402866, -44.41481025638157 -23.192939997182744, -44.459050844541196 -22.964062555457193, -44.70755328911264 -22.879940579028364, -44.9118774093819 -23.024753123242128, -44.86782776276573 -23.253515181784486, -45.07225389408896 -23.397404214520474, -45.32058718414464 -23.31270395637899, -45.52496244468986 -23.455832736074285, -45.48115549481378 -23.683483978004382, -45.68562055382401 -23.825665513236952, -45.64186085693001 -24.05231999093457, -45.39343442802016 -24.136926461346558, -45.18881360603265 -23.99492360824843, -45.23277367730901 -23.768136926242708, -45.028248641034565 -23.62518461890423)), ((-14.081816241410024 -7.788052111972687, -14.157044179392727 -7.596590877407665, -14.383536778716802 -7.562562263013093, -14.53562726835247 -7.719667238542967, -14.461170513405477 -7.911552377580523, -14.613975208608593 -8.069538393674355, -14.53940636036944 -8.262637963873926, -14.311250964945799 -8.297329570948524, -14.1585014108839 -8.138586240518565, -14.2338491306393 -7.94591024435194, -14.081816241410024 -7.788052111972687)), ((-46.54683446588314 -24.162829142285283, -46.29901027816709 -24.248723679658532, -46.09455315306451 -24.108289658541562, -46.13810731730885 -23.881777583709503, -46.38590926036497 -23.795850778248262, -46.59017802943862 -23.936469616198263, -46.83764439610064 -23.849911122404563, -47.041777061864906 -23.98973881943207, -46.99864907334248 -24.215935707389942, -46.75117161303024 -24.302468824090617, -46.54683446588314 -24.162829142285283)), ((-42.805587386915164 -23.084466694867544, -42.601290623727834 -22.936902114492575, -42.646240576860805 -22.707669678453577, -42.89531965525353 -22.626073156530065, -43.09955547145995 -22.77379791636422, -43.34853702394628 -22.69156774156599, -43.552833282486546 -22.83857802390443, -43.80168617350736 -22.75571549582281, -44.006017290018065 -22.902001999289652, -43.96159112646788 -23.130984207871172, -43.712652346989245 -23.213775373961756, -43.5082269856706 -23.06765434338128, -43.2591484279489 -23.149805157211354, -43.0547745554845 -23.002957655373294, -42.805587386915164 -23.084466694867544)), ((-29.445842249491648 -20.552990636771963, -29.398543348907765 -20.778661472304407, -29.16040631470983 -20.840951145409647, -28.969963528001983 -20.67793693313291, -29.01725064187525 -20.45251005947263, -29.25499369434567 -20.389852324949644, -29.445842249491648 -20.552990636771963)), ((-32.23846420275092 -3.819455397954852, -32.47530817935976 -3.7342957773453476, -32.66641476702296 -3.8991967987403915, -32.62038586205122 -4.149393340465708, -32.38321981848023 -4.234355266632558, -32.19240610258419 -4.069317586080915, -32.23846420275092 -3.819455397954852)))",Cope’s Swamp Frog
168,23181,23169,Pseudopaludicola pusilla,species,20978,Amphibia,2.32,"MULTIPOLYGON (((-76.87443719086315 4.156043210541167, -76.89808712082232 4.396151404762155, -76.69716872223606 4.529504470002312, -76.7209055619094 4.76874145035281, -76.52045258738055 4.901375720649468, -76.54427523000209 5.1397253124920645, -76.34428955526742 5.271625415446183, -76.3681968982765 5.509071935387816, -76.16868034823293 5.640222980043836, -76.19267129337858 5.876751237917243, -76.41591240860929 5.982402212982749, -76.4397206964756 6.218273070133202, -76.24055400110538 6.348218658929089, -76.26444588359654 6.58314524143779, -76.48723863805789 6.688394731956836, -76.51094841159205 6.922633247747756, -76.31213100471619 7.051353464228739, -76.33592436254087 7.284623137850287, -76.13757134492741 7.412546357255764, -75.91554732637029 7.307646287944874, -75.71778867043727 7.435210429436579, -75.49610907323691 7.3302278771715645, -75.47179461234794 7.097514667682177, -75.2500790825846 6.992293982855326, -75.05308202895597 7.119948454107854, -74.8317476460331 7.014662461996168, -74.80700244662668 6.781570127206502, -75.00384366633583 6.653459712446541, -74.97917442056581 6.419401637731007, -74.75741167386896 6.313764171422332, -74.73256598333546 6.0790627154967325, -74.92973550617008 5.949688534579283, -74.90496571964051 5.714045988853108, -75.10262555682463 5.583877678455979, -75.07793275947611 5.34730819514256, -74.85532519233301 5.241220862982763, -74.83045433299036 5.004051361003987, -75.02844616501662 4.872655756616325, -75.00365224861541 4.634586193238788, -75.20213626541288 4.5024278428347, -75.17742038913461 4.263473663533646, -75.37639509652736 4.130567249726801, -75.35175836280615 3.8907443891593445, -75.12788705716045 3.784141587855207, -74.92906730462501 3.9174865162471044, -74.95396287840201 4.156994586995697, -74.75563865849763 4.289595621425481, -74.78061112568672 4.528231908767806, -74.58278387366978 4.6600741788313185, -74.60783213573123 4.897822932773724, -74.41050323745027 5.028892053600767, -74.43562620136349 5.265738013013508, -74.65782698975026 5.371839524476702, -74.68277370019214 5.608094010409486, -74.48577052266508 5.7379220187705755, -74.26399357205958 5.63194848043874, -74.06766534344673 5.761430095409784, -74.09293445448198 5.996426644376588, -73.8971084452795 6.125094877207289, -73.92244901301889 6.359145792852005, -73.72712641603896 6.486988206543943, -73.75253737032448 6.720080191837347, -73.55771933128716 6.847084835079007, -73.33768876959438 6.74146363697042, -73.14358019265674 6.86808907175512, -73.16929732383501 7.099864598600803, -73.38888722586623 7.2053604890826835, -73.41443576643441 7.436496683201604, -73.22063009444267 7.561791866147264, -73.24624584674763 7.79193217611823, -73.46543175590791 7.897115988127545, -73.49087931791418 8.12658794929272, -73.29737636684153 8.250538314657453, -73.32289124694047 8.478993307900444, -73.12989277416165 8.602060787937807, -72.91158757808883 8.497148400356403, -72.88584053464095 8.269033410029786, -72.66758472531605 8.16392030747119, -72.6416725757995 7.935135838561365, -72.42347414677333 7.829841348637593, -72.23164269564126 7.953454689450086, -72.257780915392 8.181880955858968, -72.06646795684918 8.304598829034509, -71.84925450134166 8.199373080731869, -71.6587034159601 8.32167214186431, -71.68512205464924 8.548710326393257, -71.4950946681669 8.670098247591461, -71.52157084027485 8.896106119925891, -71.33206772578995 9.01657468107452, -71.11634453925375 8.911524794335227, -70.92762705175281 9.031558208813562, -70.95437085697183 9.25614857578051, -70.76618225891362 9.375248977789603, -70.5515199914227 9.27025290059562, -70.36413537266779 9.388909451643372, -70.39113725140625 9.612064964458991, -70.20428569884183 9.72977609737457, -70.23133781724638 9.951875018925277, -70.0450195908286 10.068634419422626, -69.83193626604141 9.963794104293155, -69.64644294544844 10.080096997343619, -69.43399599055715 9.97519688370656, -69.40655151839044 9.753894123782041, -69.59174696644294 9.637088518915247, -69.56434846010944 9.414730366015558, -69.75008392211119 9.29696929688817, -69.96351364053488 9.402068812588231, -70.15008041305167 9.283858760661223, -70.12292714408828 9.060049777256895, -70.31003035511227 8.940895646510711, -70.28292711382083 8.716047084215752, -70.47056652083427 8.595955795771925, -70.68558823092121 8.701210037860449, -70.87403804701583 8.580683358054497, -70.84719274277647 8.354408936507374, -71.03617461111561 8.232958442805355, -71.00938347419066 8.005662865749423, -71.19889697700721 7.883296665273806, -71.41546311720275 7.98871663214873, -71.60576450485806 7.865930883627991, -71.82289440681816 7.9713144623368555, -72.01396857607207 7.848112943600218, -71.98766804325899 7.6190442417165265, -72.17926463891528 7.494949414417386, -72.15302469211248 7.264881455014968, -72.34514301374422 7.139902939021721, -72.3189646839614 6.9088470267951445, -72.10044268641663 6.803143245316246, -71.90856241948035 6.928601579638068, -71.69058412671775 6.822880676162212, -71.66401972816317 6.5916053409589725, -71.85565476780191 6.465666677416972, -71.8291496063619 6.233424994062784, -72.0213135694476 6.106618164788213, -71.99486868009176 5.873422529268536, -72.18756089627391 5.745758469939018, -72.16117732087733 5.511621761334284, -72.35439707585677 5.383111890269743, -72.32807586315349 5.148047471929426, -72.5218223981548 5.018703692102529, -72.74212032812964 5.124893411620454, -72.93661775503374 4.995192716265739, -72.910593421727 4.758838667352106, -73.10561173441273 4.628325633057081, -73.07965415108306 4.39107411076194, -73.27519239399174 4.259761917352465, -73.49689812821201 4.36615968825736, -73.6931597186521 4.234515500643061, -73.66751222975043 3.996021059149082, -73.86428722500423 3.8636014149105913, -73.83871092550409 3.624242595990656, -73.61611400820463 3.5176602521509173, -73.41953895926984 3.6505292734456165, -73.19741956479855 3.5439940475654432, -73.00157440539152 3.6765446970620035, -72.77995431123827 3.570061113519904, -72.58485634216527 3.7022867989802917, -72.36375696803084 3.5958593729279524, -72.16942308775506 3.727753660972241, -72.1959518694111 3.965614587624592, -72.00215143832823 4.096708012649256, -71.78206824315394 3.990402825345672, -71.589053137593 4.121149239352259, -71.36953931196715 4.0149019217734185, -71.1773253852135 4.1452954667157185, -70.95840099284597 4.039110581352719, -70.76700367881374 4.169145562908843, -70.79425625887889 4.40489127243805, -70.60340638260894 4.534085805825471, -70.38558698131567 4.428010223132735, -70.19557270564724 4.556832392407274, -70.22308891316563 4.791249462257554, -70.03362632463524 4.919211375174762, -69.81694467173355 4.813238282551582, -69.62833570332013 4.94081501083631, -69.41231296601853 4.834904443698976, -69.22457133163095 4.962091299050693, -69.25253944345044 5.1946991953755814, -69.06535662681817 5.321000172468979, -68.85052636117172 5.215184096815798, -68.66422728665951 5.341083775767495, -68.45009671258097 5.235333178567561, -68.26469401486979 5.36082745384995, -68.05128004388988 5.255147068341032, -67.86678592451382 5.3802319973123724, -67.89536072525382 5.610497282165847, -67.71143387481925 5.73466729008729, -67.49928416601672 5.6290732875021545, -67.31628005897515 5.752824314612347, -67.34506873664054 5.981664252660161, -67.16263388776416 6.10448615781103, -67.19145742733994 6.332379861286937, -67.00959139568427 6.4542647526892685, -66.79926785436102 6.348764803077705, -66.61833981139034 6.470216980223502, -66.64736454432577 6.6966568899382715, -66.46700677647918 6.817159848526686, -66.49606247037214 7.042633360299494, -66.31627438863521 7.16218037761285, -66.1078098230977 7.056769418204712, -66.07859340267932 6.831799225193466, -65.87038312766973 6.726442012005864, -65.69193504641261 6.846062694846552, -65.48453397688448 6.740776865529305, -65.30705481718135 6.859953049090931, -65.10047638352638 6.754743554210203, -64.92397497062638 6.873473192837691, -64.9536471919491 7.096890534469871, -64.77772090028458 7.2146485989279485, -64.80741507238287 7.4370955504429395, -64.63664107953544 7.591716560880144, -64.43557174305295 7.524040996149047, -64.26397688784003 7.6789436900504064, -64.06180446920519 7.6110856086936, -63.88939718150394 7.766259768734719, -63.91975680782866 7.989130536454949, -63.74713575539171 8.144401944946798, -63.54356516464526 8.076965819884318, -63.37014475644003 8.232484810338201, -63.165493569153796 8.164855524136854, -62.99128310791234 8.320611299055129, -62.785561062855976 8.25278571688541, -62.61057022727415 8.408767290288454, -62.4037875296965 8.340742242174823, -62.22802637601893 8.496938443512771, -62.02019370061669 8.428710727020647, -61.843672663878976 8.58511020536678, -61.63480115736186 8.51667658843796, -61.45753105227794 8.673267816964243, -61.24763233551491 8.604625040900189, -61.215276969835145 8.378815709047343, -61.393103771372424 8.222043665120664, -61.36083763091048 7.995669895704205, -61.15046101004076 7.9256718976718705, -60.97208090679115 8.08262088643944, -60.76069012873002 8.012418912308751, -60.581585157066726 8.16955362340136, -60.61441745499167 8.39670971281762, -60.82607227026753 8.466345074403323, -60.85871052672937 8.692541104226386, -60.67997625003699 8.849480573091794, -60.71270281791897 9.07508431087435, -60.92388158952333 9.143371534889427, -60.95641446729161 9.367995198501207, -61.16685210566381 9.435492756424415, -61.19919136745614 9.65912699948912, -61.40888447422158 9.72582937212206, -61.58596663887485 9.569471273425494, -61.79463728741857 9.635950947817104, -61.82650026516845 9.858210296966778, -62.034416894403535 9.923887774088431, -62.210190335003176 9.767888301349222, -62.417066968123095 9.833345001114903, -62.44845308151578 10.054214447259005, -62.654567061631965 10.118862867506813, -62.68575989127014 10.338719403880239, -62.8911086263731 10.402555618693887, -62.92210841307774 10.621391941602509, -63.12668943912479 10.684412402990949, -63.299976861877184 10.529191835068787, -63.26926073062242 10.31074482363568, -63.064973440152215 10.247128299453577, -63.034064370479285 10.027662353720334, -63.20772657549233 9.872210392110363, -63.411718000160576 9.936425818737327, -63.58459327941614 9.781163859169858, -63.78750877970235 9.845168571551874, -63.959587944738814 9.690107905245421, -64.16141836780322 9.75390570788471, -64.19147472530553 9.972154785485476, -64.3925208970849 10.035136051648617, -64.42238495685217 10.252370807646724, -64.62264518520986 10.314532735660851, -64.79272951492207 10.160074645029711, -64.99188813319225 10.222031999009738, -65.16115084628069 10.067792224666963, -65.36555623189498 10.172955985869482, -65.54120320124409 10.061774242971715, -65.74641106587407 10.166943823817965, -65.77543543271163 10.383241159536777, -65.9809005869322 10.48835262101156, -66.00979917734122 10.704058855316562, -66.21551498915505 10.809094322151603, -66.392859969571 10.698488296828883, -66.59934523381101 10.803502469537591, -66.77761173665304 10.692422662691847, -66.98485257660415 10.797409421815455, -67.16403077269642 10.685856371925698, -67.37201290206114 10.7908095885468, -67.55209255930524 10.678783971714656, -67.76080128374183 10.783697511215275, -67.94177176639703 10.671200144344763, -68.15119198550397 10.776067870222143, -68.17913141372401 10.99334102862257, -68.38874296836586 11.09806076704456, -68.41654334210745 11.314666759565085, -68.6263391029526 11.419220646189528, -68.65399941387962 11.635143644666336, -68.86397222856948 11.739513967183747, -69.04678029092774 11.628069921528517, -69.25741551592272 11.73235506435665, -69.44106452866335 11.620434096983873, -69.65234570670526 11.724627760524026, -69.67948939849505 11.940620751511936, -69.89091759736053 12.044591059734072, -69.91791503433373 12.259853087871633, -70.12948292377664 12.363582673123219, -70.31453005412097 12.252181048287529, -70.28772875622825 12.036554407341155, -70.47330025150087 11.92417914442494, -70.44654885466957 11.707447274912328, -70.23402667714885 11.6034553725581, -70.20712579644264 11.385990435322823, -70.3929463740988 11.272149834863676, -70.6059438968263 11.376271008114145, -70.79256326537345 11.261961374408482, -71.0061492398023 11.365977445607856, -71.1935535716364 11.251200539693786, -71.4077098241776 11.355105395004763, -71.59588490458103 11.239863143632324, -71.8105928991929 11.343650708773618, -71.83666756666801 11.562534627780837, -71.64824802682399 11.677289272068048, -71.43399724037083 11.57364654499954, -71.24633808249213 11.687933032413193, -71.27268057449072 11.90537313560868, -71.08553783644888 12.018698768144805, -71.11193443530793 12.235031982627772, -71.32526628849634 12.338382333391579, -71.35150961303049 12.553944220374376, -71.5649378906803 12.65700316606769, -71.75257729910604 12.544651622992609, -71.96654520419271 12.647560433711279, -72.15492839481503 12.534730490707316, -72.12911012025022 12.31850991140425, -72.31799816277822 12.204723205585072, -72.29223934643646 11.987388583528857, -72.48163153938286 11.872650162328283, -72.69700372742682 11.975727315717375, -72.88711559220366 11.860522048687153, -72.86164002080481 11.641761364589902, -73.05225055550456 11.525615167954346, -73.26854298424392 11.628707239791947, -73.45985256698309 11.512102078394513, -73.67660613270259 11.615041644711788, -73.86859851859371 11.497980256747567, -74.08579286502481 11.600761505524506, -74.27845145640777 11.483246809109795, -74.25373800153704 11.262482501761276, -74.44687868002102 11.144051190830245, -74.66490096299746 11.246851845558128, -74.85868527425974 11.127976839410575, -75.07709887943903 11.230613533287919, -75.27150934573423 11.111298345507565, -75.24735615139862 10.888885531246645, -75.44223583276153 10.768674971635503, -75.6614087889572 10.871337421810418, -75.85689070118204 10.750697634840465, -75.83306612176952 10.526939003146346, -76.02900956724714 10.405419822044262, -76.00526431394317 10.180587728365536, -75.78532014185865 10.077534257568512, -75.76139862673689 9.85189696584654, -75.95767697826582 9.729052749700545, -75.93383478064362 9.502359002544754, -76.13057620818218 9.378655926126985, -76.35128097258055 9.4821010343027, -76.54859915937946 9.358000609480015, -76.52509817959442 9.130005186992038, -76.72287116912969 9.005064883478783, -76.69945372616417 8.776035642212276, -76.89767971625052 8.650266514147553, -76.87434687297932 8.420214577618543, -77.07302401291113 8.293628154774105, -77.29512770938919 8.39753814633993, -77.31819187128603 8.627830113273486, -77.5401987759853 8.731401670496105, -77.56307948230902 8.960905508006642, -77.78498156262276 9.064120318030259, -77.807678394712 9.292819358059553, -78.02946765805875 9.39565940809723, -78.22889911086692 9.270021761060386, -78.45090127032931 9.372698200566091, -78.47313746023151 9.60078199467556, -78.69500470698016 9.703054468018074, -78.8949590509046 9.577477273507261, -79.11700133829495 9.67956991197502, -79.31740073419105 9.553624396539796, -79.53959418736085 9.655532572386246, -79.74041785320338 9.529224793843394, -79.71903035234058 9.300587299286185, -79.49653231101516 9.198429954010201, -79.29572715272701 9.325160769113644, -79.07337043825946 9.222825772226985, -79.05150871576392 8.993518142367353, -78.82899658488573 8.890773668673257, -78.80694700929213 8.660637994611026, -78.58428735749185 8.55750171945092, -78.56205023904066 8.326554390387136, -78.33925101091465 8.223044311953252, -78.31682668220608 7.991302143033845, -78.0938958699363 7.8874365736145755, -78.07128468597514 7.6549168003589525, -77.84823032777877 7.55071435709269, -77.8254326660109 7.317434629275273, -77.60226284456255 7.212914224419377, -77.57927910490349 6.978892599404166, -77.35600194573074 6.874073430126912, -77.33283255058565 6.639328365656549, -77.10945622043846 6.534229903361209, -77.08610161471401 6.298780249803359, -77.28639657306688 6.168183325520732, -77.26312987000307 5.931795692705455, -77.03929462948965 5.826256292826533, -77.01584212911435 5.589194628385236, -77.21649873259497 5.457421833107874, -77.19313417680252 5.219448566739088, -77.39424573824937 5.086948892691636, -77.37097022692114 4.84807957364534, -77.14630678646873 4.741962525021487, -77.12284382971701 4.502463318077022, -77.32432097287189 4.368829731664498, -77.30094710736779 4.128463092939204, -77.07581908656117 4.021987201908244, -77.05225717718022 3.7810244571218665, -76.82703791235164 3.67438326791744, -76.62575918925019 3.808861485505851, -76.64959559717082 4.049557422861518, -76.87443719086315 4.156043210541167), (-71.60079706856098 9.57070097754387, -71.81670922743312 9.675371414684475, -71.84292583248798 9.898963252834971, -71.65344651224466 10.017525218737994, -71.4379965888303 9.91298327032682, -71.41156480614613 9.689751882832642, -71.19621035070294 9.58500375043463, -71.16962211660521 9.361084269336908, -71.35860042740846 9.241542830998243, -71.57442198726068 9.346412394014513, -71.60079706856098 9.57070097754387), (-72.70809334860776 10.316098984240424, -72.89928298424502 10.197133351440996, -72.87367239260932 9.973577712277082, -73.06536611733125 9.8536931709382, -73.28287870084965 9.957843493231707, -73.30825983790866 10.181724424110627, -73.11635886974082 10.301130873693097, -73.14180547549485 10.523939396155427, -72.95040452457991 10.642425758270944, -72.73376725916494 10.538581739850354, -72.70809334860776 10.316098984240424), (-68.24924056285566 10.0063476146022, -68.45967727505266 10.111391334635671, -68.48753781091641 10.33080561902958, -68.30514181958839 10.444752850305271, -68.09521301164692 10.3397960604121, -68.067173373134 10.120805863099893, -68.24924056285566 10.0063476146022), (-73.71840451709647 10.165759861226029, -73.936405532883 10.269515442958324, -73.96138549994699 10.492948576657195, -74.17940149703794 10.596403556902379, -74.20421307740801 10.819056793957795, -74.01124677371222 10.9379568305258, -74.03612819138607 11.159523494893229, -73.84364828610201 11.277507779999645, -73.62647180471122 11.174396102022357, -73.4346694683338 11.291930212393876, -73.21794686684001 11.188671612730726, -73.19259941949984 10.967713978579875, -73.38420460769807 10.849704834365797, -73.35892273640418 10.627659459928445, -73.5510238223018 10.508729171413037, -73.52580854421096 10.285603815502942, -73.71840451709647 10.165759861226029), (-66.5133051303051 10.153502590178123, -66.30653186459284 10.048339145891998, -66.27768944206827 9.83052515881715, -66.45577891901205 9.717412894785992, -66.66308056101646 9.822636285836785, -66.69176326791856 10.040911408834248, -66.5133051303051 10.153502590178123), (-67.135612068609 10.46879887957256, -66.92784987088758 10.363737521323158, -66.89929862602455 10.146062860275341, -67.07867475020986 10.033003327334114, -67.2869579102344 10.138136817607078, -67.46724181011378 10.024609893959518, -67.43889140452525 9.805433205056156, -67.61972876757153 9.690925254105883, -67.82926131683367 9.796109419663305, -67.85743912708107 10.015726234508087, -67.67625806950922 10.129719445238388, -67.7044725270331 10.34827824439342, -67.52384234219818 10.461289617882267, -67.31534290254153 10.356257055189023, -67.135612068609 10.46879887957256)), ((-64.25148698367299 10.407036316050371, -64.05013326031136 10.344665834319333, -63.87842997974384 10.499527679730699, -63.908669765244 10.716553760899428, -63.736754644329366 10.871392770374792, -63.76708580893137 11.087782075438643, -63.96904864931042 11.148939539160768, -64.14037673725494 10.994311975669186, -64.11032905036575 10.77831624795388, -64.28144296354819 10.62365993508031, -64.25148698367299 10.407036316050371)), ((-68.70922046445538 12.065198425028672, -68.7367812979254 12.279322808230853, -68.9464305910971 12.38337448453111, -69.12901139313493 12.273418434593825, -69.10163417689043 12.058907661761365, -68.89149148228108 11.954738453595894, -68.70922046445538 12.065198425028672)))",Colombian Swamp Frog
169,23197,23182,Alsodes nodosus,species,20978,Amphibia,2.32,"MULTIPOLYGON (((-71.78457003164878 -30.153391930231084, -72.00080502438954 -30.298794496591427, -71.97102232645338 -30.517713686362942, -72.18792704179383 -30.662477763390378, -72.15822197111672 -30.880503675139074, -71.9113262360323 -30.953536939110023, -71.88141268472931 -31.170434291752834, -72.09868091109952 -31.31452232319335, -72.0688447615303 -31.530508645175814, -71.82145417186273 -31.60218441533123, -71.79140905065644 -31.81703106680962, -72.00904082164152 -31.96041998596208, -71.97907287024763 -32.17433917725976, -71.7311866785599 -32.244652978835546, -71.70100926720177 -32.45742269990468, -71.91900460081786 -32.60009075550369, -71.88890412086167 -32.81191789018866, -72.10758243470897 -32.953872655681735, -72.07756040961442 -33.16474665571581, -71.82857006460794 -33.23346242705596, -71.79833632554349 -33.44317513950467, -72.01738302855611 -33.58437150267406, -71.98722750835726 -33.79311793932783, -72.20696102899338 -33.933568008428296, -72.17688527179774 -34.1413387355659, -72.39730454882984 -34.281026958484134, -72.3673101103656 -34.487812951189085, -72.11659945443957 -34.554726393148215, -72.0863892276892 -34.76033972623194, -72.30718670791575 -34.89922034542859, -72.2770575758646 -35.103838416873494, -72.49854461128487 -35.241927353902774, -72.75046267089209 -35.175427182940105, -72.97293209196377 -35.312740196409784, -72.94319105851079 -35.51652189729378, -72.69067355336595 -35.58282518605638, -72.66071135277483 -35.78542930810692, -72.88357385675864 -35.92189237503928, -72.8536975160038 -36.12347860356414, -73.07724577671195 -36.25910821839599, -72.99251231603414 -36.474257864228385, -73.16251644082021 -36.6244878879252, -73.41804686770624 -36.558701029553944, -73.59036595891945 -36.70893870618089, -73.50637314775986 -36.9258332033469, -73.68024859310313 -37.076936656099825, -73.59595797629771 -37.294553232898984, -73.77141594315114 -37.446512053595676, -73.68682799812103 -37.66483796454846, -73.86389527979398 -37.81764126859524, -73.77901060217958 -38.03666342171151, -73.51593129897985 -38.10185815608041, -73.33967286348798 -37.948182699391275, -73.42567547259084 -37.73018390697767, -73.25102016942684 -37.57735388988209, -73.33670550878551 -37.360048353020865, -73.16362655171406 -37.20807470240909, -73.24899454269648 -36.99147533759727, -73.0774657748502 -36.8403685074462, -72.82137445245748 -36.90500030631151, -72.65217805486283 -36.753911385738355, -72.73825648810634 -36.539048663824566, -72.5705531543361 -36.388847077203636, -72.60065123923899 -36.188441407305405, -72.37808759356781 -36.05200853411674, -72.12573423233455 -36.11601362269656, -71.90418014327639 -35.97879311607246, -71.65255082122798 -36.04184950524913, -71.62185387136827 -36.241923202739166, -71.84308072634627 -36.379111240498105, -71.81246256497538 -36.57817146607918, -71.97703972826221 -36.7291624757205, -71.88862262758107 -36.94268678488628, -71.63466322648392 -37.00418746683089, -71.47094932744018 -36.852367987510064, -71.21834857348804 -36.912913648222876, -71.05693506896856 -36.761183813651066, -71.08805899048676 -36.563477759471276, -70.86823779063116 -36.425554934080395, -70.89943521097359 -36.22684096892466, -70.68033289117294 -36.0881292687395, -70.71160224939783 -35.888414043262244, -70.9616927465271 -35.827226627388654, -70.99275302637895 -35.62632836562733, -70.77400396650351 -35.48680496193699, -70.8051364884135 -35.28491346803552, -70.58710196632083 -35.14462872499965, -70.61830519094971 -34.94175166976037, -70.40098576180452 -34.80072028462714, -70.43225816275735 -34.59686572799299, -70.21565431070651 -34.45510274431146, -70.2469943745893 -34.25027913745231, -70.03110651386302 -34.10779994218054, -70.0625127403345 -33.90201612924417, -70.3095391816363 -33.8384951806815, -70.34074408226624 -33.63153846776632, -70.12519020399289 -33.488323308540664, -70.15646159704855 -33.28041820460932, -70.4030192705067 -33.215505320957014, -70.43408971486528 -33.00643305195316, -70.2188700944143 -32.8625010325093, -70.25000735389648 -32.652493402153254, -70.49609669503103 -32.586188208624186, -70.52703338686727 -32.37502034133603, -70.31214828151728 -32.23039182813974, -70.34315210412976 -32.018302870019326, -70.58877356321925 -31.95060617372602, -70.80402083024548 -32.09526254345684, -71.05042534053788 -32.026702279554925, -71.08095674852791 -31.813227014246436, -71.32750147048355 -31.74354320080656, -71.3578282206524 -31.528921609993773, -71.6045015556849 -31.458117483451918, -71.63462234360799 -31.24235505175689, -71.41834977628889 -31.097627784475613, -71.44854473930526 -30.88096166896669, -71.69473243203139 -30.808790228390908, -71.72472189073767 -30.590994249580937, -71.50880342862585 -30.4456070628263, -71.53886731169473 -30.226925279666332, -71.32362504103124 -30.080916154671005, -71.3537618767895 -29.861361804405313, -71.13919657814552 -29.714749606643544, -71.16940490636041 -29.494336339582834, -71.41390526869185 -29.420281300216207, -71.44391197939115 -29.19876274983537, -71.6885352346566 -29.123614673546037, -71.90374540827546 -29.270246054879465, -71.87401648126973 -29.492015854040414, -71.62879805237912 -29.56690434161564, -71.59886454558108 -29.787570266457987, -71.81442887125533 -29.933592597071645, -71.78457003164878 -30.153391930231084)), ((-68.84462417324329 -32.61991653155468, -68.87652996246554 -32.41063915417531, -69.1200800329522 -32.346892510017796, -69.33238409392763 -32.49271019008376, -69.30072795792579 -32.702238484680315, -69.51374907098395 -32.84742191110421, -69.48215322759525 -33.056029328682406, -69.6958913116666 -33.200561454249815, -69.6643572086021 -33.40823756831757, -69.41882721300225 -33.47114655319239, -69.2054914747093 -33.32665086374567, -69.23728172336256 -33.119211047718274, -69.02466772140417 -32.97406331304915, -69.0565164543449 -32.76569944850777, -68.84462417324329 -32.61991653155468)), ((-79.07860759185282 -33.50059019250065, -79.05349981353989 -33.71459055409154, -78.79790604942853 -33.797707424969566, -78.56784534522203 -33.66693761590283, -78.59332447135222 -33.45302147001378, -78.84849421112793 -33.369789306140035, -79.07860759185282 -33.50059019250065)), ((-80.79477446223987 -33.54489933355575, -81.02699718216886 -33.6720532568872, -81.00342206005804 -33.886300892900174, -80.74723314593535 -33.97334793507379, -80.51498370497613 -33.84623227487494, -80.53894878826586 -33.6320329539584, -80.79477446223987 -33.54489933355575)), ((-69.32350123296943 -34.088547658370594, -69.10985130057539 -33.9447595955946, -69.1417763386666 -33.73942709930383, -69.38709689008917 -33.67765217834937, -69.60115431656911 -33.82147928096532, -69.56948537427401 -34.02704096610261, -69.32350123296943 -34.088547658370594)))",Black Spiny-chest Frog
170,23201,23198,Batrachyla antartandica,species,20978,Amphibia,2.32,"MULTIPOLYGON (((-75.89244773313463 -46.60937409882062, -75.7995192862787 -46.83901891902233, -75.48497993147264 -46.899107117428485, -75.39002144262496 -47.1279972065585, -75.07444538615783 -47.18644168388476, -74.85657730223186 -47.01618209866814, -74.54275128106497 -47.07317478354977, -74.4440487653951 -47.30022162815265, -74.66085197355564 -47.47133838786075, -74.9774386595696 -47.41455124997804, -75.19774290205412 -47.58527023579246, -75.51609780718472 -47.52700875835184, -75.73992257955733 -47.69729188658394, -75.6443748276212 -47.926708879383874, -75.87074383927484 -48.09740361735397, -75.77490930939 -48.32705425037719, -76.00387548374084 -48.49813671226237, -75.90775998125739 -48.72800092108227, -75.5807867732583 -48.78573475346142, -75.48247887338361 -49.01474648344616, -75.71304399448763 -49.18707056457912, -75.61442314585055 -49.41625786563465, -75.84769023315178 -49.58892269531971, -75.74876225375027 -49.81826535420984, -75.41460364525982 -49.873892214022575, -75.31338367161088 -50.10232123047968, -75.54829433272872 -50.27617246250589, -75.44673255078531 -50.50471890987745, -75.68445625163801 -50.678862780676646, -75.58255845723569 -50.90750639770678, -75.2408974513781 -50.96095275254885, -75.13660124700246 -51.1886222839952, -75.37601422998162 -51.36389684310842, -75.27134433759578 -51.591625858140986, -75.51368819211676 -51.76714401953695, -75.40865034219689 -51.994912310612285, -75.05914893188388 -52.04610714751572, -74.95159881275242 -52.27284177931205, -74.60085940279697 -52.32214113270105, -74.4907728711992 -52.54781747906307, -74.13883236560329 -52.59521025282728, -74.02618592734741 -52.819804045103204, -73.67308273411871 -52.86527989433051, -73.43610607558806 -52.68642512324279, -73.55077737328573 -52.46290819845333, -73.90042308446712 -52.417169093861645, -74.01256052799002 -52.19256292073193, -74.361078582937 -52.144927536411565, -74.47070406348128 -51.91925602343871, -74.23383402858654 -51.742292498647146, -73.88867587385 -51.79017632398734, -73.65599883174035 -51.61266720743312, -73.76711246831744 -51.38809556104804, -74.10897167009439 -51.339957870822914, -74.21766548486593 -51.11435575221842, -73.9864263841903 -50.937968737509806, -74.0946504362153 -50.71243115528902, -73.86613535750924 -50.536369745346306, -73.97388754862259 -50.31091655342806, -73.7480379870175 -50.135205085685065, -73.85531657833748 -49.90985609214514, -73.63207578543897 -49.73451847738994, -73.73887937370732 -49.50929343129032, -74.0671455643748 -49.458329245758726, -74.1717175649552 -49.23216919485616, -73.94979704389107 -49.05805217335651, -74.05393220164254 -48.83205378038782, -73.83452326326231 -48.65835540959033, -73.93821980615785 -48.43253834021113, -73.72127059100251 -48.25928140000264, -73.40181839347773 -48.31102121338165, -73.18847806492201 -48.13740945334581, -73.29337357420596 -47.9128760564384, -73.082382402702 -47.739751172918666, -73.18680019870088 -47.51543913556164, -73.50062297750524 -47.46316860921144, -73.60299598257976 -47.23801236449525, -73.91594227965118 -47.184086492445424, -74.01628575147295 -46.958110566319895, -73.80528539149304 -46.7871394028291, -73.9052201262474 -46.56144053079672, -73.69649663338747 -46.39099633690894, -73.38894672976349 -46.44542222039084, -73.28745987278477 -46.67004188734722, -72.97908009438387 -46.7228510192839, -72.87561694453822 -46.9466630951773, -73.08205095656072 -47.11875085415303, -72.9781106826871 -47.34282240270621, -72.6662076806671 -47.39371431691836, -72.46098186681859 -47.220824697492155, -72.56643503327258 -46.99784436595534, -72.3634076132046 -46.82550488812426, -72.46835073303093 -46.602784493466054, -72.77485673649916 -46.5513126036828, -72.87784335326758 -46.32777882760425, -73.18356880440167 -46.27469819534538, -73.28461215079105 -46.05037515981737, -73.08141242103345 -45.88021964338685, -72.77829790924123 -45.93357285178111, -72.5783662868454 -45.76319240395835, -72.27708079259546 -45.81524816863651, -72.08039230709784 -45.64467610439622, -72.18381530477785 -45.422846751147645, -72.48255415471024 -45.3704982847902, -72.58411645314033 -45.14791064100588, -72.38831166434491 -44.978764134865195, -72.4894014697108 -44.756528317349265, -72.29560105481191 -44.58802611519317, -72.39621973969493 -44.36616000911782, -72.20438575075451 -44.19831971309542, -72.30453481255583 -43.97684098590986, -72.11463031687019 -43.80967973193274, -71.82567643571491 -43.86319802044909, -71.63876669915061 -43.695934426150735, -71.73969690974785 -43.47594955820749, -71.5546343424518 -43.309397962605196, -71.65507300892418 -43.089833986632065, -71.93936275977467 -43.03573476905573, -72.038113052677 -42.81552187411702, -71.85378508458051 -42.65049589112445, -71.95207281955427 -42.430738694426076, -71.76953609798092 -42.26645562586527, -71.48976723896851 -42.32113072547656, -71.31004584695839 -42.15680746701914, -71.40902529794258 -41.93860585753202, -71.68658545027553 -41.883645226225674, -71.78395413704892 -41.664848517041264, -71.60490369825142 -41.502095213755695, -71.7018160449746 -41.28380275584356, -71.52446227200181 -41.12183537312661, -71.62092049155785 -40.9040628021629, -71.44523344317308 -40.742894747347535, -71.54123980914922 -40.52565741460024, -71.36719029456957 -40.36530163367807, -71.46274713611245 -40.148614600554524, -71.29030669105026 -39.989083580232965, -71.38541638803234 -39.77296161322105, -71.6519164515385 -39.71530511114336, -71.74554105152545 -39.4986986601304, -71.57371599816331 -39.340813940229786, -71.66691778160325 -39.12480408714477, -71.49665655654206 -38.967767587110956, -71.58943752583382 -38.752368354915156, -71.42071360780947 -38.59619117266328, -71.51307581591598 -38.38141627075143, -71.77315565127722 -38.32176776637834, -71.94280088835758 -38.47712487308601, -71.85145448735986 -38.692951729695174, -72.0226459552836 -38.84916784084982, -71.9308999422594 -39.06562212021347, -72.10366424723246 -39.222686166737, -72.3690971701899 -39.162465441914975, -72.54438283743985 -39.31953394633934, -72.45332437378771 -39.53765616474203, -72.63024664523182 -39.69554870823296, -72.53880648053902 -39.91427286978253, -72.71739406459251 -40.07297700818922, -72.62557135698283 -40.29228842869618, -72.8058536836824 -40.45179124238256, -73.07888769573293 -40.391139408970396, -73.16954321272117 -40.17077294097079, -72.98834252351008 -40.01211424933917, -73.07863777971217 -39.79233728481109, -72.89913987166504 -39.63447680235775, -72.98907512382453 -39.41530420725056, -73.25736044578882 -39.352947031930356, -73.43774079160913 -39.5099531736254, -73.3489636458667 -39.73017167355072, -73.53105417802213 -39.88797543654435, -73.80279379736149 -39.82469600405349, -73.98749311134056 -39.9824178902475, -73.89959503770429 -40.20428604354399, -73.62577044718161 -40.267388566660955, -73.53631857400302 -40.488805254237114, -73.72192094576619 -40.64816364627421, -73.997861158585 -40.58523922930206, -74.18614865215864 -40.744486168622224, -74.09762507384403 -40.96752564897169, -74.28775512697366 -41.12751308190704, -74.19892067204117 -41.3511145761183, -73.918654672781 -41.4136799413728, -73.82819475727938 -41.63677790331713, -74.01930535183281 -41.798359288019626, -73.92851111440915 -42.02198551938188, -74.121525233278 -42.18427685374019, -74.40624756021182 -42.12207299637976, -74.60210923888549 -42.28418771062616, -74.51235182903932 -42.50937699825714, -74.22535063638217 -42.57139970916459, -74.13389132365957 -42.796032487293246, -74.33081898814339 -42.95969413598687, -74.23902930137423 -43.18480462848451, -74.43796886494687 -43.34912563310545, -74.34585051809653 -43.574696437520934, -74.0533670516997 -43.634885919866484, -73.85538434621036 -43.46970461802894, -73.5644932478433 -43.52862747409936, -73.36949878015292 -43.363258223332714, -73.46439895943668 -43.13981346746202, -73.27136364894935 -42.975122139090686, -72.98442494037853 -43.033039239702134, -72.88819885596372 -43.255411878049635, -73.08022481428935 -43.42093877834277, -72.98358633054757 -43.64375247807075, -73.17756239373666 -43.809957766232074, -73.46920821014234 -43.752514033526396, -73.66619892565387 -43.91854391575814, -73.95947966385849 -43.859839249524484, -74.15950494102182 -44.02566275558052, -74.4543949617506 -43.96567237479029, -74.65747350911589 -44.13125796167104, -74.56470387140742 -44.35769614058392, -74.76991157752276 -44.52388594213347, -74.67681978551339 -44.75073068374262, -74.88419787017243 -44.91750530811979, -74.7907865923104 -45.144738210980954, -75.00037740329022 -45.31207776131228, -74.90664958256141 -45.53968019687506, -75.11849663470376 -45.70756427208811, -75.0244555047017 -45.93551739449678, -75.23860352060078 -46.103925090425655, -75.14425262254245 -46.33220984667432, -75.36074757491419 -46.50111975742634, -75.67258073902822 -46.44086509467368, -75.89244773313463 -46.60937409882062)))",Marbled Wood Frog
171,23202,23198,Batrachyla leptopus,species,20978,Amphibia,2.32,"MULTIPOLYGON (((-72.37808759356781 -36.05200853411674, -72.40826972713428 -35.85058409237595, -72.66071135277483 -35.78542930810692, -72.88357385675864 -35.92189237503928, -72.8536975160038 -36.12347860356414, -73.07724577671195 -36.25910821839599, -72.99251231603414 -36.474257864228385, -73.16251644082021 -36.6244878879252, -73.41804686770624 -36.558701029553944, -73.59036595891945 -36.70893870618089, -73.50637314775986 -36.9258332033469, -73.68024859310313 -37.076936656099825, -73.93889789730379 -37.0102669898777, -74.11513363710324 -37.16134534223784, -74.03195141021533 -37.37997452587736, -74.20980210911732 -37.53189627540819, -74.12634322313524 -37.75123778372072, -73.86389527979398 -37.81764126859524, -73.77901060217958 -38.03666342171151, -73.95771463699913 -38.190299843181855, -74.22210189280877 -38.12403216708236, -74.40326545091476 -38.27760624773435, -74.31925677849685 -38.49833224221726, -74.05290283832744 -38.5644624889985, -73.96742698854797 -38.78483647517342, -73.70041180859837 -38.84972326966384, -73.61345897310697 -39.06972092896769, -73.79469411125626 -39.22586234528026, -73.70742546430003 -39.44649820666638, -73.89037757131813 -39.60343653613632, -73.80279379736149 -39.82469600405349, -73.98749311134056 -39.9824178902475, -73.89959503770429 -40.20428604354399, -74.08607255355503 -40.36277763303053, -73.997861158585 -40.58523922930206, -74.18614865215864 -40.744486168622224, -74.09762507384403 -40.96752564897169, -74.28775512697366 -41.12751308190704, -74.19892067204117 -41.3511145761183, -73.918654672781 -41.4136799413728, -73.82819475727938 -41.63677790331713, -74.01930535183281 -41.798359288019626, -74.30178285205405 -41.73597447338681, -74.495699124726 -41.89739630201085, -74.40624756021182 -42.12207299637976, -74.60210923888549 -42.28418771062616, -74.51235182903932 -42.50937699825714, -74.22535063638217 -42.57139970916459, -74.13389132365957 -42.796032487293246, -74.33081898814339 -42.95969413598687, -74.6201338176916 -42.89785253505761, -74.81999548281696 -43.061301843185994, -74.7296328541631 -43.28746487173893, -74.93155102410138 -43.45155486353843, -74.8408894793603 -43.678178488932716, -75.04490316510163 -43.84289073798055, -74.95394549313157 -44.069957090407335, -74.65747350911589 -44.13125796167104, -74.56470387140742 -44.35769614058392, -74.76991157752276 -44.52388594213347, -75.06884400235326 -44.46276361122936, -75.27716996658701 -44.62866304106055, -75.18562947117681 -44.856560226612494, -75.3961743948949 -45.02302355308103, -75.30434777354704 -45.2513083614399, -75.00037740329022 -45.31207776131228, -74.90664958256141 -45.53968019687506, -75.11849663470376 -45.70756427208811, -75.0244555047017 -45.93551739449678, -75.23860352060078 -46.103925090425655, -75.54777375562266 -46.04350119902213, -75.7652408236202 -46.211531291337856, -75.67258073902822 -46.44086509467368, -75.89244773313463 -46.60937409882062, -75.7995192862787 -46.83901891902233, -75.48497993147264 -46.899107117428485, -75.39002144262496 -47.1279972065585, -75.07444538615783 -47.18644168388476, -74.85657730223186 -47.01618209866814, -74.54275128106497 -47.07317478354977, -74.4440487653951 -47.30022162815265, -74.66085197355564 -47.47133838786075, -74.9774386595696 -47.41455124997804, -75.19774290205412 -47.58527023579246, -75.51609780718472 -47.52700875835184, -75.73992257955733 -47.69729188658394, -75.6443748276212 -47.926708879383874, -75.87074383927484 -48.09740361735397, -75.77490930939 -48.32705425037719, -76.00387548374084 -48.49813671226237, -75.90775998125739 -48.72800092108227, -76.1393777860377 -48.89944673222467, -76.04298757511253 -49.12950432514101, -75.71304399448763 -49.18707056457912, -75.61442314585055 -49.41625786563465, -75.84769023315178 -49.58892269531971, -75.74876225375027 -49.81826535420984, -75.41460364525982 -49.873892214022575, -75.31338367161088 -50.10232123047968, -75.54829433272872 -50.27617246250589, -75.44673255078531 -50.50471890987745, -75.68445625163801 -50.678862780676646, -75.58255845723569 -50.90750639770678, -75.2408974513781 -50.96095275254885, -75.13660124700246 -51.1886222839952, -75.37601422998162 -51.36389684310842, -75.27134433759578 -51.591625858140986, -74.92519294846981 -51.64302209992333, -74.81805686300314 -51.86973467906948, -74.47070406348128 -51.91925602343871, -74.23383402858654 -51.742292498647146, -74.34299512338369 -51.516645730100436, -74.68702252393248 -51.466896449683304, -74.79374002156642 -51.24022598318847, -74.55842715467675 -51.064372998951114, -74.66472198956326 -50.83776468860278, -74.43220454770025 -50.66220979089697, -74.53807309393966 -50.43568365018518, -74.30829082417982 -50.26045182855707, -74.41372987655335 -50.03402782757897, -74.18662433461566 -49.859143636874705, -74.29163108202803 -49.632841689080976, -74.0671455643748 -49.458329245758726, -74.1717175649552 -49.23216919485616, -73.94979704389107 -49.05805217335651, -74.05393220164254 -48.83205378038782, -73.83452326326231 -48.65835540959033, -73.93821980615785 -48.43253834021113, -73.72127059100251 -48.25928140000264, -73.40181839347773 -48.31102121338165, -73.18847806492201 -48.13740945334581, -73.29337357420596 -47.9128760564384, -73.60998719671966 -47.860872029953676, -73.7128023882023 -47.6354761608752, -73.50062297750524 -47.46316860921144, -73.60299598257976 -47.23801236449525, -73.91594227965118 -47.184086492445424, -74.01628575147295 -46.958110566319895, -73.80528539149304 -46.7871394028291, -73.9052201262474 -46.56144053079672, -73.69649663338747 -46.39099633690894, -73.38894672976349 -46.44542222039084, -73.18356880440167 -46.27469819534538, -73.28461215079105 -46.05037515981737, -73.08141242103345 -45.88021964338685, -72.77829790924123 -45.93357285178111, -72.5783662868454 -45.76319240395835, -72.27708079259546 -45.81524816863651, -72.08039230709784 -45.64467610439622, -72.18381530477785 -45.422846751147645, -72.48255415471024 -45.3704982847902, -72.58411645314033 -45.14791064100588, -72.38831166434491 -44.978764134865195, -72.4894014697108 -44.756528317349265, -72.29560105481191 -44.58802611519317, -72.39621973969493 -44.36616000911782, -72.20438575075451 -44.19831971309542, -72.30453481255583 -43.97684098590986, -72.11463031687019 -43.80967973193274, -71.82567643571491 -43.86319802044909, -71.63876669915061 -43.695934426150735, -71.73969690974785 -43.47594955820749, -71.5546343424518 -43.309397962605196, -71.65507300892418 -43.089833986632065, -71.93936275977467 -43.03573476905573, -72.038113052677 -42.81552187411702, -71.85378508458051 -42.65049589112445, -71.95207281955427 -42.430738694426076, -71.76953609798092 -42.26645562586527, -71.48976723896851 -42.32113072547656, -71.31004584695839 -42.15680746701914, -71.40902529794258 -41.93860585753202, -71.68658545027553 -41.883645226225674, -71.78395413704892 -41.664848517041264, -71.60490369825142 -41.502095213755695, -71.7018160449746 -41.28380275584356, -71.52446227200181 -41.12183537312661, -71.62092049155785 -40.9040628021629, -71.44523344317308 -40.742894747347535, -71.54123980914922 -40.52565741460024, -71.36719029456957 -40.36530163367807, -71.46274713611245 -40.148614600554524, -71.29030669105026 -39.989083580232965, -71.02330212294115 -40.04544026915029, -70.85343573887647 -39.885947971810914, -70.94957104724037 -39.670895766199955, -71.21455725165421 -39.61426738327367, -71.30922223013256 -39.3987249492748, -71.57371599816331 -39.340813940229786, -71.66691778160325 -39.12480408714477, -71.49665655654206 -38.967767587110956, -71.58943752583382 -38.752368354915156, -71.42071360780947 -38.59619117266328, -71.51307581591598 -38.38141627075143, -71.34586332278498 -38.226109051473095, -71.43780886905822 -38.01197187240687, -71.27208253817153 -37.8575448122847, -71.36361356442087 -37.64405842890435, -71.61990107549025 -37.58395503073319, -71.71005852137417 -37.37009050591774, -71.54489862522553 -37.217372276019454, -71.63466322648392 -37.00418746683089, -71.47094932744018 -36.852367987510064, -71.56032290093424 -36.63987514957075, -71.33943428543108 -36.50272044881169, -71.37034541168637 -36.303830119538986, -71.62185387136827 -36.241923202739166, -71.84308072634627 -36.379111240498105, -71.81246256497538 -36.57817146607918, -71.97703972826221 -36.7291624757205, -72.23051063049554 -36.66649985897858, -72.39738961992632 -36.81755002418863, -72.65217805486283 -36.753911385738355, -72.73825648810634 -36.539048663824566, -72.5705531543361 -36.388847077203636, -72.60065123923899 -36.188441407305405, -72.37808759356781 -36.05200853411674)), ((-72.77485673649916 -46.5513126036828, -72.97908009438387 -46.7228510192839, -72.87561694453822 -46.9466630951773, -72.56643503327258 -46.99784436595534, -72.3634076132046 -46.82550488812426, -72.46835073303093 -46.602784493466054, -72.77485673649916 -46.5513126036828)))",Gray Wood Frog
172,23203,23198,Batrachyla taeniata,species,20978,Amphibia,2.32,"MULTIPOLYGON (((-72.97293209196377 -35.312740196409784, -72.94319105851079 -35.51652189729378, -72.69067355336595 -35.58282518605638, -72.66071135277483 -35.78542930810692, -72.88357385675864 -35.92189237503928, -72.8536975160038 -36.12347860356414, -73.07724577671195 -36.25910821839599, -72.99251231603414 -36.474257864228385, -73.16251644082021 -36.6244878879252, -73.41804686770624 -36.558701029553944, -73.59036595891945 -36.70893870618089, -73.50637314775986 -36.9258332033469, -73.68024859310313 -37.076936656099825, -73.93889789730379 -37.0102669898777, -74.11513363710324 -37.16134534223784, -74.03195141021533 -37.37997452587736, -74.20980210911732 -37.53189627540819, -74.12634322313524 -37.75123778372072, -73.86389527979398 -37.81764126859524, -73.77901060217958 -38.03666342171151, -73.95771463699913 -38.190299843181855, -74.22210189280877 -38.12403216708236, -74.40326545091476 -38.27760624773435, -74.31925677849685 -38.49833224221726, -74.05290283832744 -38.5644624889985, -73.96742698854797 -38.78483647517342, -73.70041180859837 -38.84972326966384, -73.61345897310697 -39.06972092896769, -73.79469411125626 -39.22586234528026, -73.70742546430003 -39.44649820666638, -73.89037757131813 -39.60343653613632, -73.80279379736149 -39.82469600405349, -73.98749311134056 -39.9824178902475, -73.89959503770429 -40.20428604354399, -74.08607255355503 -40.36277763303053, -73.997861158585 -40.58523922930206, -74.18614865215864 -40.744486168622224, -74.09762507384403 -40.96752564897169, -74.28775512697366 -41.12751308190704, -74.19892067204117 -41.3511145761183, -73.918654672781 -41.4136799413728, -73.82819475727938 -41.63677790331713, -74.01930535183281 -41.798359288019626, -74.30178285205405 -41.73597447338681, -74.495699124726 -41.89739630201085, -74.40624756021182 -42.12207299637976, -74.60210923888549 -42.28418771062616, -74.51235182903932 -42.50937699825714, -74.22535063638217 -42.57139970916459, -74.13389132365957 -42.796032487293246, -74.33081898814339 -42.95969413598687, -74.6201338176916 -42.89785253505761, -74.81999548281696 -43.061301843185994, -74.7296328541631 -43.28746487173893, -74.93155102410138 -43.45155486353843, -75.22473802658183 -43.38859847495051, -75.42965082936614 -43.55242616814674, -75.34049053650216 -43.78009505144103, -75.04490316510163 -43.84289073798055, -74.95394549313157 -44.069957090407335, -74.65747350911589 -44.13125796167104, -74.56470387140742 -44.35769614058392, -74.76991157752276 -44.52388594213347, -75.06884400235326 -44.46276361122936, -75.27716996658701 -44.62866304106055, -75.18562947117681 -44.856560226612494, -75.3961743948949 -45.02302355308103, -75.30434777354704 -45.2513083614399, -75.00037740329022 -45.31207776131228, -74.90664958256141 -45.53968019687506, -75.11849663470376 -45.70756427208811, -75.0244555047017 -45.93551739449678, -75.23860352060078 -46.103925090425655, -75.14425262254245 -46.33220984667432, -75.36074757491419 -46.50111975742634, -75.67258073902822 -46.44086509467368, -75.89244773313463 -46.60937409882062, -75.7995192862787 -46.83901891902233, -75.48497993147264 -46.899107117428485, -75.39002144262496 -47.1279972065585, -75.07444538615783 -47.18644168388476, -74.85657730223186 -47.01618209866814, -74.54275128106497 -47.07317478354977, -74.4440487653951 -47.30022162815265, -74.66085197355564 -47.47133838786075, -74.9774386595696 -47.41455124997804, -75.19774290205412 -47.58527023579246, -75.51609780718472 -47.52700875835184, -75.73992257955733 -47.69729188658394, -75.6443748276212 -47.926708879383874, -75.87074383927484 -48.09740361735397, -75.77490930939 -48.32705425037719, -76.00387548374084 -48.49813671226237, -75.90775998125739 -48.72800092108227, -76.1393777860377 -48.89944673222467, -76.04298757511253 -49.12950432514101, -75.71304399448763 -49.18707056457912, -75.61442314585055 -49.41625786563465, -75.84769023315178 -49.58892269531971, -75.74876225375027 -49.81826535420984, -75.41460364525982 -49.873892214022575, -75.31338367161088 -50.10232123047968, -74.9780613446165 -50.156158440225354, -74.74706514381432 -49.981769486019545, -74.85021090404047 -49.754399305809564, -75.1824460783957 -49.700359044784264, -75.28331893483066 -49.47206765460927, -75.05385628524122 -49.2988775142424, -75.15437717367931 -49.070743866747016, -74.927552968036 -48.897921260086655, -74.60133424227313 -48.952380968189196, -74.37822941628511 -48.779100478409, -74.05393220164254 -48.83205378038782, -73.83452326326231 -48.65835540959033, -73.93821980615785 -48.43253834021113, -73.72127059100251 -48.25928140000264, -73.40181839347773 -48.31102121338165, -73.18847806492201 -48.13740945334581, -73.29337357420596 -47.9128760564384, -73.60998719671966 -47.860872029953676, -73.7128023882023 -47.6354761608752, -74.02851498694032 -47.581797340071816, -74.12926569008883 -47.35556354973222, -73.91594227965118 -47.184086492445424, -74.01628575147295 -46.958110566319895, -73.80528539149304 -46.7871394028291, -73.9052201262474 -46.56144053079672, -73.69649663338747 -46.39099633690894, -73.38894672976349 -46.44542222039084, -73.18356880440167 -46.27469819534538, -73.28461215079105 -46.05037515981737, -73.08141242103345 -45.88021964338685, -72.77829790924123 -45.93357285178111, -72.5783662868454 -45.76319240395835, -72.27708079259546 -45.81524816863651, -72.08039230709784 -45.64467610439622, -72.18381530477785 -45.422846751147645, -72.48255415471024 -45.3704982847902, -72.58411645314033 -45.14791064100588, -72.38831166434491 -44.978764134865195, -72.4894014697108 -44.756528317349265, -72.29560105481191 -44.58802611519317, -72.39621973969493 -44.36616000911782, -72.20438575075451 -44.19831971309542, -72.30453481255583 -43.97684098590986, -72.11463031687019 -43.80967973193274, -71.82567643571491 -43.86319802044909, -71.63876669915061 -43.695934426150735, -71.73969690974785 -43.47594955820749, -72.02630041443514 -43.42214028149389, -72.1255151769304 -43.201488399206504, -71.93936275977467 -43.03573476905573, -72.038113052677 -42.81552187411702, -71.85378508458051 -42.65049589112445, -71.95207281955427 -42.430738694426076, -71.76953609798092 -42.26645562586527, -71.48976723896851 -42.32113072547656, -71.31004584695839 -42.15680746701914, -71.40902529794258 -41.93860585753202, -71.23102038011028 -41.77505462707362, -71.32951876885245 -41.55733951030209, -71.60490369825142 -41.502095213755695, -71.7018160449746 -41.28380275584356, -71.52446227200181 -41.12183537312661, -71.25121981217096 -41.17736128270717, -71.07655682143321 -41.01539523256116, -71.17410140961897 -40.798700039441414, -71.44523344317308 -40.742894747347535, -71.54123980914922 -40.52565741460024, -71.36719029456957 -40.36530163367807, -71.09813733443991 -40.421383906792464, -70.92669995787031 -40.26105483152254, -71.02330212294115 -40.04544026915029, -70.85343573887647 -39.885947971810914, -70.94957104724037 -39.670895766199955, -71.21455725165421 -39.61426738327367, -71.30922223013256 -39.3987249492748, -71.1399173228957 -39.240879085179614, -71.2341400508456 -39.02593034723109, -71.06636295317256 -38.86894397309126, -71.16014593647964 -38.654602786474534, -70.99387086823512 -38.498486578215, -71.08721664693039 -38.28476648694619, -71.34586332278498 -38.226109051473095, -71.43780886905822 -38.01197187240687, -71.27208253817153 -37.8575448122847, -71.36361356442087 -37.64405842890435, -71.19934873372102 -37.49052127908442, -71.29046742051138 -37.27769844199335, -71.54489862522553 -37.217372276019454, -71.63466322648392 -37.00418746683089, -71.47094932744018 -36.852367987510064, -71.21834857348804 -36.912913648222876, -71.05693506896856 -36.761183813651066, -71.08805899048676 -36.563477759471276, -71.33943428543108 -36.50272044881169, -71.37034541168637 -36.303830119538986, -71.15016923132762 -36.16587208885409, -71.18115571689968 -35.96597434330489, -70.9616927465271 -35.827226627388654, -70.99275302637895 -35.62632836562733, -70.77400396650351 -35.48680496193699, -70.8051364884135 -35.28491346803552, -71.05473702083071 -35.222355547119, -71.08566089926809 -35.01928358927617, -70.86726526554438 -34.878963088512506, -70.89826168301327 -34.67490705660024, -70.6805756805924 -34.533839723252854, -70.7116431062621 -34.32880794374964, -70.96011898040068 -34.2646410730805, -70.9909800217852 -34.05843448316543, -71.23960236826122 -33.99312779655677, -71.27025564663118 -33.785749188138546, -71.05256729262281 -33.64388316128279, -71.08329368275925 -33.435542314587764, -71.33142783605521 -33.36885951843787, -71.36194690853395 -33.15935260587464, -71.14461237319706 -33.016740631709006, -71.17520483339864 -32.80628421924221, -71.42285141158088 -32.73822567633851, -71.45323700276906 -32.52661035474703, -71.2362563825382 -32.38327199817002, -71.26671563059283 -32.170721165744474, -71.51387526501878 -32.10128843289045, -71.54412809589554 -31.887587088285603, -71.32750147048355 -31.74354320080656, -71.3578282206524 -31.528921609993773, -71.6045015556849 -31.458117483451918, -71.63462234360799 -31.24235505175689, -71.41834977628889 -31.097627784475613, -71.44854473930526 -30.88096166896669, -71.69473243203139 -30.808790228390908, -71.9113262360323 -30.953536939110023, -71.88141268472931 -31.170434291752834, -72.09868091109952 -31.31452232319335, -72.0688447615303 -31.530508645175814, -71.82145417186273 -31.60218441533123, -71.79140905065644 -31.81703106680962, -72.00904082164152 -31.96041998596208, -71.97907287024763 -32.17433917725976, -71.7311866785599 -32.244652978835546, -71.70100926720177 -32.45742269990468, -71.91900460081786 -32.60009075550369, -71.88890412086167 -32.81191789018866, -72.10758243470897 -32.953872655681735, -72.07756040961442 -33.16474665571581, -71.82857006460794 -33.23346242705596, -71.79833632554349 -33.44317513950467, -72.01738302855611 -33.58437150267406, -71.98722750835726 -33.79311793932783, -72.20696102899338 -33.933568008428296, -72.17688527179774 -34.1413387355659, -72.39730454882984 -34.281026958484134, -72.3673101103656 -34.487812951189085, -72.11659945443957 -34.554726393148215, -72.0863892276892 -34.76033972623194, -72.30718670791575 -34.89922034542859, -72.2770575758646 -35.103838416873494, -72.49854461128487 -35.241927353902774, -72.75046267089209 -35.175427182940105, -72.97293209196377 -35.312740196409784)), ((-71.97102232645338 -30.517713686362942, -71.72472189073767 -30.590994249580937, -71.50880342862585 -30.4456070628263, -71.53886731169473 -30.226925279666332, -71.78457003164878 -30.153391930231084, -72.00080502438954 -30.298794496591427, -71.97102232645338 -30.517713686362942)), ((-81.00342206005804 -33.886300892900174, -80.74723314593535 -33.97334793507379, -80.51498370497613 -33.84623227487494, -80.53894878826586 -33.6320329539584, -80.79477446223987 -33.54489933355575, -81.02699718216886 -33.6720532568872, -81.00342206005804 -33.886300892900174)), ((-74.68702252393248 -51.466896449683304, -74.79374002156642 -51.24022598318847, -74.55842715467675 -51.064372998951114, -74.66472198956326 -50.83776468860278, -74.43220454770025 -50.66220979089697, -74.53807309393966 -50.43568365018518, -74.87452767588661 -50.38364850639684, -75.10826872728467 -50.558358020794465, -75.44673255078531 -50.50471890987745, -75.68445625163801 -50.678862780676646, -75.58255845723569 -50.90750639770678, -75.2408974513781 -50.96095275254885, -75.13660124700246 -51.1886222839952, -75.37601422998162 -51.36389684310842, -75.27134433759578 -51.591625858140986, -74.92519294846981 -51.64302209992333, -74.68702252393248 -51.466896449683304)), ((-78.79790604942853 -33.797707424969566, -78.56784534522203 -33.66693761590283, -78.59332447135222 -33.45302147001378, -78.84849421112793 -33.369789306140035, -79.07860759185282 -33.50059019250065, -79.05349981353989 -33.71459055409154, -78.79790604942853 -33.797707424969566)))",Banded Wood Frog
173,23214,23208,Pleurodema thaul,species,20978,Amphibia,2.32,"MULTIPOLYGON (((-70.7715693556648 -23.732241771254248, -70.98080450933021 -23.8839313004841, -70.95108721360093 -24.118068190039182, -70.71187758819764 -24.200182726176724, -70.68196903085673 -24.43335500343389, -70.89152729520606 -24.584739342708534, -70.86168452850656 -24.817261473100846, -70.62202621143209 -24.89807286983361, -70.59199180601063 -25.12960664298018, -70.80187301917955 -25.280649260540187, -70.77190413184702 -25.51150338659546, -70.98244743150013 -25.6621431293794, -70.95254543506009 -25.89229916672766, -71.16375026385688 -26.042513876032537, -71.13391654217493 -26.271953746362946, -70.89261454419098 -26.350875815649008, -70.86258550300312 -26.579285795155663, -71.07412193824689 -26.729070927778775, -71.04416090786108 -26.956737901366086, -71.25636270830405 -27.10605049546702, -71.22647109123702 -27.332957454569936, -71.4393375983527 -27.481776288756965, -71.40951680823628 -27.707906611792026, -71.16655976786797 -27.784937963279308, -71.13653991132263 -28.01000208810505, -71.3497468854334 -28.15830946127353, -71.31979760110985 -28.382572862520803, -71.53367309513865 -28.53034165005283, -71.50379581571896 -28.75378881912573, -71.71833906533273 -28.90099884128124, -71.6885352346566 -29.123614673546037, -71.90374540827546 -29.270246054879465, -71.87401648126973 -29.492015854040414, -71.62879805237912 -29.56690434161564, -71.59886454558108 -29.787570266457987, -71.81442887125533 -29.933592597071645, -71.78457003164878 -30.153391930231084, -72.00080502438954 -30.298794496591427, -71.97102232645338 -30.517713686362942, -72.18792704179383 -30.662477763390378, -72.15822197111672 -30.880503675139074, -71.9113262360323 -30.953536939110023, -71.88141268472931 -31.170434291752834, -72.09868091109952 -31.31452232319335, -72.0688447615303 -31.530508645175814, -71.82145417186273 -31.60218441533123, -71.79140905065644 -31.81703106680962, -72.00904082164152 -31.96041998596208, -71.97907287024763 -32.17433917725976, -71.7311866785599 -32.244652978835546, -71.70100926720177 -32.45742269990468, -71.91900460081786 -32.60009075550369, -71.88890412086167 -32.81191789018866, -72.10758243470897 -32.953872655681735, -72.07756040961442 -33.16474665571581, -71.82857006460794 -33.23346242705596, -71.79833632554349 -33.44317513950467, -72.01738302855611 -33.58437150267406, -71.98722750835726 -33.79311793932783, -72.20696102899338 -33.933568008428296, -72.17688527179774 -34.1413387355659, -72.39730454882984 -34.281026958484134, -72.3673101103656 -34.487812951189085, -72.11659945443957 -34.554726393148215, -72.0863892276892 -34.76033972623194, -72.30718670791575 -34.89922034542859, -72.2770575758646 -35.103838416873494, -72.49854461128487 -35.241927353902774, -72.75046267089209 -35.175427182940105, -72.97293209196377 -35.312740196409784, -72.94319105851079 -35.51652189729378, -72.69067355336595 -35.58282518605638, -72.66071135277483 -35.78542930810692, -72.88357385675864 -35.92189237503928, -72.8536975160038 -36.12347860356414, -73.07724577671195 -36.25910821839599, -72.99251231603414 -36.474257864228385, -73.16251644082021 -36.6244878879252, -73.41804686770624 -36.558701029553944, -73.59036595891945 -36.70893870618089, -73.50637314775986 -36.9258332033469, -73.68024859310313 -37.076936656099825, -73.93889789730379 -37.0102669898777, -74.11513363710324 -37.16134534223784, -74.03195141021533 -37.37997452587736, -74.20980210911732 -37.53189627540819, -74.12634322313524 -37.75123778372072, -73.86389527979398 -37.81764126859524, -73.77901060217958 -38.03666342171151, -73.95771463699913 -38.190299843181855, -74.22210189280877 -38.12403216708236, -74.40326545091476 -38.27760624773435, -74.31925677849685 -38.49833224221726, -74.05290283832744 -38.5644624889985, -73.96742698854797 -38.78483647517342, -73.70041180859837 -38.84972326966384, -73.61345897310697 -39.06972092896769, -73.79469411125626 -39.22586234528026, -73.70742546430003 -39.44649820666638, -73.89037757131813 -39.60343653613632, -73.80279379736149 -39.82469600405349, -73.98749311134056 -39.9824178902475, -73.89959503770429 -40.20428604354399, -74.08607255355503 -40.36277763303053, -73.997861158585 -40.58523922930206, -74.18614865215864 -40.744486168622224, -74.09762507384403 -40.96752564897169, -74.28775512697366 -41.12751308190704, -74.19892067204117 -41.3511145761183, -73.918654672781 -41.4136799413728, -73.82819475727938 -41.63677790331713, -74.01930535183281 -41.798359288019626, -74.30178285205405 -41.73597447338681, -74.495699124726 -41.89739630201085, -74.40624756021182 -42.12207299637976, -74.60210923888549 -42.28418771062616, -74.51235182903932 -42.50937699825714, -74.22535063638217 -42.57139970916459, -74.13389132365957 -42.796032487293246, -74.33081898814339 -42.95969413598687, -74.6201338176916 -42.89785253505761, -74.81999548281696 -43.061301843185994, -74.7296328541631 -43.28746487173893, -74.93155102410138 -43.45155486353843, -75.22473802658183 -43.38859847495051, -75.42965082936614 -43.55242616814674, -75.34049053650216 -43.78009505144103, -75.04490316510163 -43.84289073798055, -74.95394549313157 -44.069957090407335, -74.65747350911589 -44.13125796167104, -74.56470387140742 -44.35769614058392, -74.76991157752276 -44.52388594213347, -75.06884400235326 -44.46276361122936, -75.27716996658701 -44.62866304106055, -75.18562947117681 -44.856560226612494, -75.3961743948949 -45.02302355308103, -75.30434777354704 -45.2513083614399, -75.00037740329022 -45.31207776131228, -74.90664958256141 -45.53968019687506, -75.11849663470376 -45.70756427208811, -75.0244555047017 -45.93551739449678, -75.23860352060078 -46.103925090425655, -75.14425262254245 -46.33220984667432, -75.36074757491419 -46.50111975742634, -75.67258073902822 -46.44086509467368, -75.89244773313463 -46.60937409882062, -75.7995192862787 -46.83901891902233, -75.48497993147264 -46.899107117428485, -75.39002144262496 -47.1279972065585, -75.07444538615783 -47.18644168388476, -74.85657730223186 -47.01618209866814, -74.54275128106497 -47.07317478354977, -74.4440487653951 -47.30022162815265, -74.66085197355564 -47.47133838786075, -74.9774386595696 -47.41455124997804, -75.19774290205412 -47.58527023579246, -75.51609780718472 -47.52700875835184, -75.73992257955733 -47.69729188658394, -75.6443748276212 -47.926708879383874, -75.87074383927484 -48.09740361735397, -75.77490930939 -48.32705425037719, -76.00387548374084 -48.49813671226237, -75.90775998125739 -48.72800092108227, -76.1393777860377 -48.89944673222467, -76.04298757511253 -49.12950432514101, -75.71304399448763 -49.18707056457912, -75.61442314585055 -49.41625786563465, -75.84769023315178 -49.58892269531971, -75.74876225375027 -49.81826535420984, -75.41460364525982 -49.873892214022575, -75.31338367161088 -50.10232123047968, -75.54829433272872 -50.27617246250589, -75.44673255078531 -50.50471890987745, -75.68445625163801 -50.678862780676646, -75.58255845723569 -50.90750639770678, -75.2408974513781 -50.96095275254885, -75.13660124700246 -51.1886222839952, -75.37601422998162 -51.36389684310842, -75.27134433759578 -51.591625858140986, -74.92519294846981 -51.64302209992333, -74.81805686300314 -51.86973467906948, -74.47070406348128 -51.91925602343871, -74.23383402858654 -51.742292498647146, -73.88867587385 -51.79017632398734, -73.65599883174035 -51.61266720743312, -73.76711246831744 -51.38809556104804, -73.53720714519619 -51.21089006154767, -73.64780674080019 -50.98636531948988, -73.9864263841903 -50.937968737509806, -74.0946504362153 -50.71243115528902, -73.86613535750924 -50.536369745346306, -73.97388754862259 -50.31091655342806, -73.7480379870175 -50.135205085685065, -73.85531657833748 -49.90985609214514, -73.63207578543897 -49.73451847738994, -73.73887937370732 -49.50929343129032, -73.51819229139859 -49.334353149835025, -73.62451978682394 -49.1092717282229, -73.94979704389107 -49.05805217335651, -74.05393220164254 -48.83205378038782, -73.83452326326231 -48.65835540959033, -73.93821980615785 -48.43253834021113, -73.72127059100251 -48.25928140000264, -73.40181839347773 -48.31102121338165, -73.29644520170282 -48.53575670678233, -72.9760966430291 -48.58579115099083, -72.76400173359426 -48.41137434326497, -72.87099289246065 -48.1877276431706, -72.66123466642011 -48.013798916735965, -72.76771202548159 -47.790355291218795, -72.5602430456225 -47.61693577439986, -72.6662076806671 -47.39371431691836, -72.46098186681859 -47.220824697492155, -72.56643503327258 -46.99784436595534, -72.3634076132046 -46.82550488812426, -72.46835073303093 -46.602784493466054, -72.26747819546942 -46.431014955051914, -71.96287175243884 -46.48117815949997, -71.8565010065187 -46.702801176255655, -71.55119061054396 -46.75135417381771, -71.3548933269754 -46.5786151145632, -71.46264007901036 -46.358094586952696, -71.76532314027322 -46.30921160516445, -71.8711547690075 -46.08786726168538, -71.67566463325605 -45.91650929509956, -71.78095977180645 -45.69546193748785, -71.58748825041643 -45.52473091070916, -71.2899307821221 -45.57427422251264, -71.09964892909908 -45.40341621461355, -71.20570076631368 -45.18378562684952, -71.50075794956037 -45.13391249002058, -71.60498837330786 -44.91351330977066, -71.41543883453001 -44.74408943269354, -71.12284156254843 -44.79429183400399, -70.93638043189716 -44.62477548474028, -71.04132031503528 -44.405827353607464, -70.85671573880836 -44.237006799326245, -70.96110519887146 -44.01842604315452, -70.77832258518838 -43.85031733697375, -70.88216538035269 -43.632121098117985, -70.70117105584062 -43.464739849009945, -70.80447097908261 -43.24694504272774, -70.62523215772184 -43.080306414960354, -70.7279930317885 -42.86292972142172, -70.5504777850292 -42.69704843430496, -70.65270345775514 -42.48010629097539, -70.47688068584573 -42.314996618914, -70.578575025794 -42.09850521331468, -70.40441443026404 -41.93418098616703, -70.50558132266981 -41.718156249014505, -70.33305337991332 -41.554630852757434, -70.43369672291057 -41.339088451484514, -70.26277265881929 -41.17637482918188, -70.36289635993163 -40.96133016184101, -70.19354812552923 -40.79944081491381, -70.29315609840852 -40.58490900446276, -70.12535634644047 -40.42385599425729, -70.22445250783645 -40.209851883226875, -70.49036425159416 -40.15582188861944, -70.58797672447987 -39.941282525931044, -70.42066331574686 -39.78185211564894, -70.51778999047218 -39.56787225955823, -70.35198364653412 -39.40930125502179, -70.44862796006711 -39.19589503971999, -70.28430315471199 -39.03819417095238, -70.38046855259037 -38.82537543071635, -70.21760037796118 -38.668554992081766, -70.3132903115993 -38.45633725767351, -70.1518544590007 -38.30040711110957, -70.2470723831796 -38.08880360654625, -70.08704512460358 -37.933773185056864, -70.1817944951327 -37.7227968247462, -70.02315266547188 -37.568675136147014, -70.11743693701214 -37.35833852238254, -69.96015791693092 -37.2051341532907, -70.0539805409687 -36.995449574100924, -69.83602431360359 -36.856853046774845, -69.86791216472454 -36.66069158082206, -69.65069149993121 -36.52132267922024, -69.68264412098763 -36.32416529784032, -69.93154968328069 -36.26618637394846, -70.14916827673267 -36.40559588684013, -70.39892582065303 -36.34670126831987, -70.43040282059451 -36.14817007905144, -70.21239681670103 -36.00872129522743, -69.9632995110358 -36.06784431509558, -69.74641154045075 -35.92767528006429, -69.77822649749423 -35.72834456427873, -69.56206939817145 -35.587430204653245, -69.59394797405103 -35.38711811785201, -69.8417193019365 -35.32751710513749, -70.0582742276422 -35.46847202370351, -70.02666170341199 -35.66898606689383, -70.24394234361127 -35.80919509955444, -70.49321940661088 -35.74892730408977, -70.52455915485898 -35.54821784853348, -70.30689631354106 -35.40797025404147, -70.33830491709598 -35.206273981078056, -70.58710196632083 -35.14462872499965, -70.61830519094971 -34.94175166976037, -70.40098576180452 -34.80072028462714, -70.43225816275735 -34.59686572799299, -70.21565431070651 -34.45510274431146, -70.2469943745893 -34.25027913745231, -70.49466732043643 -34.18700899301202, -70.52580423622433 -33.98101018758064, -70.3095391816363 -33.8384951806815, -70.34074408226624 -33.63153846776632, -70.12519020399289 -33.488323308540664, -70.15646159704855 -33.28041820460932, -70.4030192705067 -33.215505320957014, -70.43408971486528 -33.00643305195316, -70.2188700944143 -32.8625010325093, -70.25000735389648 -32.652493402153254, -70.49609669503103 -32.586188208624186, -70.52703338686727 -32.37502034133603, -70.31214828151728 -32.23039182813974, -70.34315210412976 -32.018302870019326, -70.58877356321925 -31.95060617372602, -70.61957720304383 -31.737365135940276, -70.8653574887962 -31.668544906978074, -70.89595957177761 -31.45415669805479, -70.6810519733609 -31.308829015102738, -70.71172325844094 -31.093539762422683, -70.49750788419507 -30.94758448024617, -70.52824691059176 -30.73140649309937, -70.77293401401018 -30.660934169176468, -70.80347363836461 -30.443624238021034, -70.58959344535928 -30.29704126461609, -70.6202011061011 -30.07886072432824, -70.40700899979338 -29.931689194227168, -70.16357024595902 -30.002715751060503, -69.95143425527148 -29.85498874467776, -69.98236786282627 -29.636222477572105, -70.22517969480157 -29.564910511175427, -70.25591911762605 -29.345029456616384, -70.04410449514165 -29.196738477332755, -70.07490766778193 -28.97602832382334, -69.86378231388565 -28.82720705190166, -69.894647831679 -28.605682436522958, -70.13638409492118 -28.532691405135647, -70.16705749665505 -28.31007281784538, -69.9562492687356 -28.16073860172167, -69.98698533375432 -27.937327854535493, -70.22827504373082 -27.86295658523297, -70.25881933566123 -27.638467721353766, -70.0483285203773 -27.488650634928096, -70.07893578710957 -27.263393238570018, -69.86912555786785 -27.113113643085534, -69.89979442090436 -26.887104149952414, -70.14002202944965 -26.811064320510926, -70.17050114955636 -26.584002481373325, -69.9610041692794 -26.433296391410558, -69.99154519767441 -26.20550810071499, -69.78272466201967 -26.05438616878104, -69.81332623889541 -25.825888924364282, -70.0524999197555 -25.748188390039378, -70.08291375588576 -25.51866754993751, -69.87440237172609 -25.36717864862301, -69.90487706870064 -25.136976484481863, -70.14361473366907 -25.05793110462524, -70.1739020171524 -24.82672668234379, -70.41280758018162 -24.746649763618596, -70.44290614200172 -24.51445513979932, -70.23435052710937 -24.362674145985967, -70.26451189479793 -24.12983781373107, -70.50297755528575 -24.048445444462647, -70.5329505487184 -23.814642470197654, -70.32470920786223 -23.66257521854163, -70.35474529383623 -23.428161330048695, -70.14716304586058 -23.275787266751887, -70.17726089186915 -23.040782569466867, -69.97033807870076 -22.888125024875713, -70.00049636332103 -22.652549936171052, -70.23733208220897 -22.569272029624873, -70.26730556516668 -22.332779411473815, -70.06068872625922 -22.179931576078758, -70.09072294184887 -21.942901789611206, -69.88476160324755 -21.789823471405075, -69.91485524767074 -21.552277807997275, -69.70954966298551 -21.398992916182305, -69.73970144344344 -21.160952938989603, -69.97491924300948 -21.075814357915668, -70.18057854668452 -21.229012870611896, -70.15066778371803 -21.467435416075112, -70.35697839484419 -21.62043349690344, -70.32712865247194 -21.858353250218304, -70.5340902344933 -22.011126845052623, -70.5043028208238 -22.248522234084277, -70.71191497971668 -22.40104740922625, -70.6821912136312 -22.63789714057656, -70.89045349703625 -22.790150097829525, -70.860794708146 -23.026433169094986, -71.06970660449866 -23.1783902605853, -71.04011413309793 -23.414085972196812, -70.80135270847562 -23.497485506046612, -70.7715693556648 -23.732241771254248), (-73.39312948783419 -47.06621185697235, -73.49505963705755 -46.84131439809711, -73.28745987278477 -46.67004188734722, -72.97908009438387 -46.7228510192839, -72.87561694453822 -46.9466630951773, -73.08205095656072 -47.11875085415303, -72.9781106826871 -47.34282240270621, -73.18680019870088 -47.51543913556164, -73.50062297750524 -47.46316860921144, -73.60299598257976 -47.23801236449525, -73.39312948783419 -47.06621185697235)), ((-69.56948537427401 -34.02704096610261, -69.32350123296943 -34.088547658370594, -69.10985130057539 -33.9447595955946, -69.1417763386666 -33.73942709930383, -69.38709689008917 -33.67765217834937, -69.60115431656911 -33.82147928096532, -69.56948537427401 -34.02704096610261)), ((-79.07860759185282 -33.50059019250065, -79.05349981353989 -33.71459055409154, -78.79790604942853 -33.797707424969566, -78.56784534522203 -33.66693761590283, -78.59332447135222 -33.45302147001378, -78.84849421112793 -33.369789306140035, -79.07860759185282 -33.50059019250065)), ((-80.74723314593535 -33.97334793507379, -80.51498370497613 -33.84623227487494, -80.53894878826586 -33.6320329539584, -80.79477446223987 -33.54489933355575, -81.02699718216886 -33.6720532568872, -81.00342206005804 -33.886300892900174, -80.74723314593535 -33.97334793507379)))",Chile Four-eyed Frog
174,23218,23208,Pleurodema brachyops,species,20978,Amphibia,2.32,"MULTIPOLYGON (((-63.62538296875883 11.458314650359497, -63.827647341305635 11.518870240596815, -63.9991878261129 11.364290888514772, -64.20037189122118 11.42462363833553, -64.37111077968707 11.270211003590143, -64.57120595443322 11.330325340703583, -64.74113490003042 11.17609079876939, -64.7115621593694 10.961529986393929, -64.51177725712287 10.900804243660433, -64.48201309722646 10.68520918428663, -64.65231734173138 10.530746809267939, -64.85179005286447 10.59208695160572, -65.02127653091806 10.437829577600601, -65.2196439918986 10.498964696535001, -65.39472979218984 10.388781181617386, -65.59940219936408 10.493897293247779, -65.77543543271163 10.383241159536777, -65.9809005869322 10.48835262101156, -66.00979917734122 10.704058855316562, -66.21551498915505 10.809094322151603, -66.392859969571 10.698488296828883, -66.59934523381101 10.803502469537591, -66.77761173665304 10.692422662691847, -66.98485257660415 10.797409421815455, -67.16403077269642 10.685856371925698, -67.37201290206114 10.7908095885468, -67.55209255930524 10.678783971714656, -67.76080128374183 10.783697511215275, -67.94177176639703 10.671200144344763, -68.15119198550397 10.776067870222143, -68.17913141372401 10.99334102862257, -67.99782666052475 11.10532609463293, -68.02580418595728 11.321519678606819, -68.2349103845831 11.426141389494674, -68.41654334210745 11.314666759565085, -68.6263391029526 11.419220646189528, -68.65399941387962 11.635143644666336, -68.47204435597895 11.746109858988795, -68.26275001981469 11.641660675113389, -68.08165962309327 11.75214829791554, -67.87305944094071 11.647626585528066, -67.69284496394032 11.757635002846143, -67.4849542153195 11.653047105124752, -67.30562651798974 11.76257584594873, -67.0984600836817 11.65792811226319, -67.07010783512406 11.443661557413748, -66.86316164342415 11.33887403257141, -66.68508731779231 11.448440057387915, -66.71360198709881 11.66227562702714, -66.53607883494851 11.770844156953071, -66.3304040654941 11.66609580380561, -66.15379788320082 11.774184068393385, -65.94888965697459 11.669394923889213, -65.77320971394285 11.777002990178893, -65.80206293102876 11.988878222704713, -66.00644511568701 12.093587348799149, -66.18249906791903 11.98650063532287, -66.38765127066422 12.091164720322466, -66.5646237957246 11.983595849402079, -66.77053254591736 12.088208481433115, -66.94841416355537 11.980157318384144, -67.15506558752453 12.084712079467721, -67.33384642220477 11.976178619619203, -67.5412262445136 12.080669089698121, -67.72089602450218 11.971653461904134, -67.92898956964443 12.076073222931534, -67.9569050554718 12.289403943628747, -68.1651944317015 12.393638216854034, -68.34607007927544 12.284649322559279, -68.55504724150907 12.38879552444359, -68.7367812979254 12.279322808230853, -68.9464305910971 12.38337448453111, -68.97385054060874 12.596778891294996, -69.18366660999521 12.700605925060561, -69.36655098652457 12.591151330224529, -69.33931677364075 12.377369149996934, -69.52273226445142 12.266930402602197, -69.73367730390291 12.370773745092114, -69.76072161479651 12.584926584837268, -69.9718106494366 12.688523152088083, -70.15633317902439 12.578098934896921, -70.12948292377664 12.363582673123219, -70.31453005412097 12.252181048287529, -70.28772875622825 12.036554407341155, -70.47330025150087 11.92417914442494, -70.44654885466957 11.707447274912328, -70.63264444189414 11.594102540813422, -70.6059438968263 11.376271008114145, -70.79256326537345 11.261961374408482, -71.0061492398023 11.365977445607856, -71.1935535716364 11.251200539693786, -71.4077098241776 11.355105395004763, -71.43399724037083 11.57364654499954, -71.24633808249213 11.687933032413193, -71.03264528975805 11.584167758310564, -70.84576091050896 11.697984220049767, -70.8723099217125 11.915074099787677, -71.08553783644888 12.018698768144805, -71.11193443530793 12.235031982627772, -70.92530857511521 12.34739208219108, -70.95175831859453 12.562612987779431, -71.164628538827 12.665815824603529, -71.35150961303049 12.553944220374376, -71.5649378906803 12.65700316606769, -71.75257729910604 12.544651622992609, -71.96654520419271 12.647560433711279, -72.15492839481503 12.534730490707316, -72.12911012025022 12.31850991140425, -72.31799816277822 12.204723205585072, -72.29223934643646 11.987388583528857, -72.48163153938286 11.872650162328283, -72.69700372742682 11.975727315717375, -72.88711559220366 11.860522048687153, -73.10297591262852 11.96344717646382, -73.29379176285731 11.847777395673702, -73.26854298424392 11.628707239791947, -73.45985256698309 11.512102078394513, -73.67660613270259 11.615041644711788, -73.86859851859371 11.497980256747567, -74.08579286502481 11.600761505524506, -74.27845145640777 11.483246809109795, -74.25373800153704 11.262482501761276, -74.44687868002102 11.144051190830245, -74.66490096299746 11.246851845558128, -74.85868527425974 11.127976839410575, -75.07709887943903 11.230613533287919, -75.27150934573423 11.111298345507565, -75.24735615139862 10.888885531246645, -75.44223583276153 10.768674971635503, -75.6614087889572 10.871337421810418, -75.85689070118204 10.750697634840465, -75.83306612176952 10.526939003146346, -76.02900956724714 10.405419822044262, -76.00526431394317 10.180587728365536, -76.20166768106608 10.05819833341955, -76.17800280023953 9.832301968201543, -75.95767697826582 9.729052749700545, -75.93383478064362 9.502359002544754, -76.13057620818218 9.378655926126985, -76.35128097258055 9.4821010343027, -76.54859915937946 9.358000609480015, -76.52509817959442 9.130005186992038, -76.72287116912969 9.005064883478783, -76.69945372616417 8.776035642212276, -76.89767971625052 8.650266514147553, -77.11942192826854 8.753973421337834, -77.14257278489701 8.98324523285243, -77.36422433147659 9.08660714460839, -77.3871927476784 9.31508207789708, -77.608745614747 9.418080882041158, -77.807678394712 9.292819358059553, -78.02946765805875 9.39565940809723, -78.05198021923047 9.623537399530006, -78.2736487146422 9.725984985812657, -78.47313746023151 9.60078199467556, -78.69500470698016 9.703054468018074, -78.8949590509046 9.577477273507261, -79.11700133829495 9.67956991197502, -79.13877063371494 9.906996873636787, -79.36065600433194 10.008656953212641, -79.56107936210616 9.883136674599701, -79.78310176115686 9.984601024038685, -79.98393640164622 9.858714593854256, -79.96273844792347 9.630943976043703, -80.16396537843183 9.504280165894155, -80.14286703379648 9.275479605922444, -80.34448366249333 9.14805108037719, -80.5671917382145 9.24983973155584, -80.7691821459266 9.122072181909674, -80.99195868788196 9.223669985356114, -81.19430130915742 9.09557018756001, -81.41712181520595 9.196972942816322, -81.43733509467417 9.42619719920114, -81.65992155829728 9.527117112091808, -81.86254748165896 9.39909489276335, -82.08513926060506 9.4998046868141, -82.10485759618562 9.728246144719337, -82.32719384883262 9.828446042239285, -82.530047366921 9.700498760909491, -82.75235040632013 9.800473924092232, -82.77156963747368 10.028093905690662, -82.99359595277147 10.12753294268216, -83.01262011938567 10.354216278970505, -83.23436251849965 10.453104063585172, -83.25319168580234 10.678837461708277, -83.47464305112008 10.777159265225416, -83.67747046494088 10.650062930368893, -83.65894967277163 10.424257976515205, -83.43729251984794 10.325619287600748, -83.41857613068233 10.098858261518302, -83.19662137486658 9.999658082214115, -83.17770928526342 9.771954137549418, -82.95546402811054 9.672207404769882, -82.93635615601121 9.44357416479024, -82.71382757489975 9.343296213656659, -82.69452385982 9.11374777018729, -82.47171920694178 9.012954329558866, -82.45221961015716 8.782505241387907, -82.65583154281862 8.652755736054285, -82.87886421332806 8.753848610753614, -83.08273138110263 8.623807397661212, -83.30569850094108 8.724696564789431, -83.32458068728445 8.955318804180418, -83.54725120076861 9.055686954099917, -83.56593619498999 9.285395578423739, -83.78830295764034 9.385226956321873, -83.80679087590589 9.614007677459346, -84.02884682176797 9.713286927807816, -84.2326072226846 9.584107429731118, -84.45453166029152 9.683147863932946, -84.65846284220056 9.553679451071172, -84.64060356351592 9.324795817415474, -84.41849723050548 9.225424834644837, -84.21443258977258 9.355269667501556, -83.99218372636909 9.255666816821265, -83.97381149832798 9.025895001873899, -83.75124517473886 8.92574489621726, -83.73267519671366 8.69505317742795, -83.93698539915844 8.564451906430635, -83.9185314146336 8.332790575364173, -83.69545278295487 8.231793232821225, -83.49103059788375 8.362774381990208, -83.26785057297272 8.261576863222524, -83.24888471629234 8.029089674220302, -83.02540860903942 7.9273927913658975, -82.82111857150082 8.058487541663185, -82.59757998160154 7.956605176458941, -82.5781057390336 7.723332514727907, -82.35429243746867 7.620978740344032, -82.33462075622155 7.386854296812981, -82.1105401914741 7.284046410333024, -82.09067106538185 7.0490867981746606, -81.86633075921587 6.945842465774291, -81.6621109068572 7.077836860054168, -81.68228623820362 7.312681535210347, -81.47843067625811 7.444009231129969, -81.25435699035438 7.340887676130406, -81.23387817794536 7.106169909275891, -81.00957344312313 7.002635188267926, -80.80602028707777 7.134082331287637, -80.58177094920417 7.0304087512615965, -80.37858439254498 7.161570731338016, -80.15441541044284 7.0577626186829825, -79.95161737181398 7.188631936206841, -79.97298934202021 7.42289776913818, -79.77058999186679 7.553052687338337, -79.79206203158598 7.786353170144284, -80.01564141841254 7.889666791002448, -80.03692164434118 8.122158791194947, -79.83491409540606 8.251168151545492, -79.61163501861274 8.148100519437856, -79.41004079801517 8.276783130909603, -79.18689741987343 8.173563420771881, -79.16503869283281 7.941423794133487, -78.94173500910385 7.8378249745815864, -78.74061119126947 7.966598835724138, -78.51748187843415 7.862864297322106, -78.4951505169067 7.630132348987334, -78.27188327153964 7.526049005739128, -78.24936406989464 7.292549163529595, -78.02596694349678 7.188135833069438, -78.00326026500296 6.9538860735110015, -77.77974135503365 6.849161866623414, -77.75684758558378 6.6141805720437485, -77.53321503386015 6.50916488218894, -77.51013458199746 6.273470833149958, -77.71096351719976 6.142558293217917, -77.6879730972557 5.905929676774961, -77.4638765434404 5.800453242801774, -77.44069883550375 5.563142367519962, -77.64189518237269 5.431069187192103, -77.61880756564993 5.192850302182536, -77.39424573824937 5.086948892691636, -77.37097022692114 4.84807957364534, -77.5725347082108 4.714868488635401, -77.54934934493228 4.475119158982294, -77.75136465652551 4.341212607930663, -77.72827054847208 4.100599800107349, -77.5028804418748 3.9941384034509846, -77.47959677875087 3.752921175239483, -77.25410059147325 3.646281832907734, -77.05225717718022 3.7810244571218665, -77.07581908656117 4.021987201908244, -76.87443719086315 4.156043210541167, -76.89808712082232 4.396151404762155, -76.69716872223606 4.529504470002312, -76.7209055619094 4.76874145035281, -76.52045258738055 4.901375720649468, -76.54427523000209 5.1397253124920645, -76.34428955526742 5.271625415446183, -76.3681968982765 5.509071935387816, -76.59182135360706 5.614888875630708, -76.61554495575629 5.851689627755251, -76.41591240860929 5.982402212982749, -76.4397206964756 6.218273070133202, -76.66289354274298 6.323696783225786, -76.6865186480113 6.558890576064709, -76.48723863805789 6.688394731956836, -76.51094841159205 6.922633247747756, -76.31213100471619 7.051353464228739, -76.33592436254087 7.284623137850287, -76.5582698627898 7.389435698698358, -76.58188165955076 7.621987963857746, -76.38341296982139 7.749464466563949, -76.16144720730334 7.64483412001916, -75.96356031582327 7.77194776769183, -75.74192483397375 7.667222871975611, -75.54463885483393 7.793967991206946, -75.32335640719046 7.689153628167859, -75.2989637672991 7.45742720394304, -75.07765126305152 7.3523672422293584, -75.05308202895597 7.119948454107854, -74.8317476460331 7.014662461996168, -74.63539486316239 7.141950192300717, -74.66021494289579 7.3740639351497075, -74.46435196330694 7.500517103868888, -74.48924585537414 7.731639894992722, -74.7097550741984 7.836617748210281, -74.7344752415845 8.06704657783932, -74.53893367140225 8.192189881182868, -74.31884063981288 8.087367077729407, -74.12396117655604 8.212117420072534, -73.90429568294044 8.107214005420353, -73.87908656075972 7.877413035825875, -74.07378439382421 7.752195323335227, -74.04864583127467 7.5213898891032995, -74.24384052601374 7.395317721085624, -74.21877358084346 7.163519516096421, -74.41446392255324 7.036603990723136, -74.3894696581484 6.803825197775986, -74.58565438519388 6.6760778950497635, -74.56073387050519 6.442331187733335, -74.75741167386896 6.313764171422332, -74.73256598333546 6.0790627154967325, -74.92973550617008 5.949688534579283, -74.90496571964051 5.714045988853108, -74.68277370019214 5.608094010409486, -74.48577052266508 5.7379220187705755, -74.51079199778704 5.973247025912916, -74.31428519231537 6.102271157882979, -74.09293445448198 5.996426644376588, -73.8971084452795 6.125094877207289, -73.92244901301889 6.359145792852005, -73.72712641603896 6.486988206543943, -73.75253737032448 6.720080191837347, -73.55771933128716 6.847084835079007, -73.58319960785984 7.079205083460178, -73.38888722586623 7.2053604890826835, -73.41443576643441 7.436496683201604, -73.22063009444267 7.561791866147264, -73.24624584674763 7.79193217611823, -73.46543175590791 7.897115988127545, -73.49087931791418 8.12658794929272, -73.71009587977785 8.231566643637285, -73.73537450955084 8.460351941292037, -73.54167385849874 8.583829363052322, -73.56702094960282 8.8115882652484, -73.37382052731164 8.934180801635714, -73.39923503932955 9.160903065407526, -73.20653587735498 9.282601517057277, -72.98862731356212 9.178053356014736, -72.96298091219217 8.95166347825796, -73.15547393202772 8.829488260609578, -73.12989277416165 8.602060787937807, -72.91158757808883 8.497148400356403, -72.88584053464095 8.269033410029786, -72.66758472531605 8.16392030747119, -72.6416725757995 7.935135838561365, -72.42347414677333 7.829841348637593, -72.23164269564126 7.953454689450086, -72.257780915392 8.181880955858968, -72.06646795684918 8.304598829034509, -72.09266691379365 8.532005272979518, -71.90187316288858 8.653818706310705, -71.68512205464924 8.548710326393257, -71.4950946681669 8.670098247591461, -71.52157084027485 8.896106119925891, -71.33206772578995 9.01657468107452, -71.11634453925375 8.911524794335227, -70.92762705175281 9.031558208813562, -70.95437085697183 9.25614857578051, -70.76618225891362 9.375248977789603, -70.5515199914227 9.27025290059562, -70.36413537266779 9.388909451643372, -70.39113725140625 9.612064964458991, -70.60532011856544 9.716951079449418, -70.63216968069607 9.9394358688994, -70.84647283935695 10.04413878785957, -70.87316917500546 10.265935923588737, -70.68576805893703 10.382653910503965, -70.71251697758298 10.603378272624525, -70.52564238809154 10.719142550414414, -70.31229268257745 10.614678185638056, -70.12622319118293 10.729980627746196, -69.91348602000747 10.625433810288879, -69.88633630658738 10.405470810026971, -70.0721209850378 10.289669022709111, -70.28534125852353 10.394330496174339, -70.47194098088715 10.278069551886393, -70.4450400044821 10.056649595579097, -70.23133781724638 9.951875018925277, -70.0450195908286 10.068634419422626, -69.83193626604141 9.963794104293155, -69.64644294544844 10.080096997343619, -69.67374051737214 10.300738214362248, -69.48878413520147 10.416078893025903, -69.2768301259481 10.311281189181893, -69.09271489214908 10.426158967680621, -68.88141956950022 10.321302187084358, -68.85374241669139 10.101471273430004, -69.03754716429188 9.986087294487497, -69.0099129227386 9.765194538779706, -69.19426083440722 9.648844912441856, -69.40655151839044 9.753894123782041, -69.59174696644294 9.637088518915247, -69.56434846010944 9.414730366015558, -69.75008392211119 9.29696929688817, -69.72273233184112 9.073563619601765, -69.90900769673118 8.954853292882431, -70.12292714408828 9.060049777256895, -70.31003035511227 8.940895646510711, -70.28292711382083 8.716047084215752, -70.47056652083427 8.595955795771925, -70.44351428280623 8.370076579809737, -70.63168960446464 8.249055502590577, -70.84719274277647 8.354408936507374, -71.03617461111561 8.232958442805355, -71.00938347419066 8.005662865749423, -71.19889697700721 7.883296665273806, -71.41546311720275 7.98871663214873, -71.60576450485806 7.865930883627991, -71.57924412468665 7.6372385156835065, -71.77007241933059 7.513552421274169, -71.7436104177445 7.283860012307388, -71.9349650197046 7.15928289849347, -71.90856241948035 6.928601579638068, -71.69058412671775 6.822880676162212, -71.66401972816317 6.5916053409589725, -71.44613081523998 6.48578208210102, -71.41940549195242 6.253932375649146, -71.20161395635076 6.148026887439027, -71.01102796472847 6.274054066623045, -70.79382584990665 6.168160132791258, -70.60405148087223 6.293790640209713, -70.38745790093989 6.187913343974861, -70.36014950149098 5.956339395238496, -70.14368684983039 5.850423349007837, -69.955030039642 5.976142499362797, -69.73920715808396 5.870259653416902, -69.55140085618694 5.995576377577205, -69.57911469898313 6.226282788643589, -69.39186076892244 6.350697898816749, -69.17720350371394 6.244900987114503, -68.99081684282177 6.368903056767632, -68.77684056483066 6.263143074078479, -68.74873900594572 6.033340161196322, -68.53494260030821 5.9275867617536315, -68.3497670790858 6.05167229908604, -68.13668049939335 5.945971951824285, -67.95240689811031 6.069639668582255, -67.74004660656577 5.963997296106322, -67.55668670610528 6.0872437489974685, -67.58533644030346 6.315627082850385, -67.4025431369483 6.43794180564427, -67.19145742733994 6.332379861286937, -67.00959139568427 6.4542647526892685, -67.03844889053715 6.681201454761508, -66.85715120290602 6.80214189129641, -66.64736454432577 6.6966568899382715, -66.46700677647918 6.817159848526686, -66.49606247037214 7.042633360299494, -66.31627438863521 7.16218037761285, -66.1078098230977 7.056769418204712, -65.92897340041988 7.175872211971014, -65.72130778807401 7.070522301066253, -65.54343249579665 7.189178764689881, -65.57283121483717 7.412664850307552, -65.39552793195014 7.530351335704583, -65.1892230015916 7.425073058791901, -65.15967437780915 7.202103151436012, -65.33657948745592 7.083894978723184, -65.30705481718135 6.859953049090931, -65.10047638352638 6.754743554210203, -64.92397497062638 6.873473192837691, -64.9536471919491 7.096890534469871, -64.77772090028458 7.2146485989279485, -64.80741507238287 7.4370955504429395, -64.63664107953544 7.591716560880144, -64.43557174305295 7.524040996149047, -64.26397688784003 7.6789436900504064, -64.06180446920519 7.6110856086936, -63.88939718150394 7.766259768734719, -63.686130337637266 7.698216275984551, -63.512919418999815 7.853651485786422, -63.30856726568443 7.785419646289984, -63.13456189169483 7.941105293525068, -62.92913400745013 7.8726821335697545, -62.75434372976693 8.028607413346176, -62.54785015935617 7.959989923231171, -62.372284907428266 8.116143841757493, -62.4037875296965 8.340742242174823, -62.22802637601893 8.496938443512771, -62.02019370061669 8.428710727020647, -61.843672663878976 8.58511020536678, -61.63480115736186 8.51667658843796, -61.602729424796934 8.291262525157483, -61.393103771372424 8.222043665120664, -61.36083763091048 7.995669895704205, -61.15046101004076 7.9256718976718705, -60.97208090679115 8.08262088643944, -60.76069012873002 8.012418912308751, -60.581585157066726 8.16955362340136, -60.36919295606356 8.099144659706848, -60.33616657702554 7.871039063389526, -60.12304072824281 7.799863461224068, -60.08982025366174 7.570819371089463, -59.87596463484235 7.498884520112277, -59.69507881616326 7.656547001125581, -59.48025017399212 7.584408752096139, -59.29867877267185 7.742238909446043, -59.082891449433816 7.669894500060968, -59.04891669384463 7.439179165835897, -58.832419776519146 7.366090781111828, -58.79825192466038 7.134461934689366, -58.58105000874512 7.060638294784655, -58.39778601546094 7.218974645510197, -58.432231489053024 7.450960279237968, -58.64966369740239 7.5242536512234475, -58.683916650927415 7.755326780467815, -58.90064783200751 7.827880120529231, -58.934708100356204 8.058028289144746, -59.15073358495977 8.129833082330192, -59.18460103049776 8.35904430718908, -59.39991629340787 8.430092476031485, -59.58112181234 8.272472527725244, -59.79547673591175 8.343304576604737, -59.82887157933098 8.571207549903752, -60.04250398254953 8.64127208027536, -60.07570540289652 8.868215219779247, -60.28861126062313 8.93750524402648, -60.46805988013577 8.780409611894862, -60.67997625003699 8.849480573091794, -60.71270281791897 9.07508431087435, -60.53379466907643 9.231987086975487, -60.56660922063733 9.456979769624587, -60.77805047142516 9.524701505793859, -60.81067162790521 9.74870448033647, -61.021375094263234 9.815633265776572, -61.05380291498312 10.038637482331154, -60.875808777571024 10.195073669020752, -60.908324841701 10.417429954755482, -60.730154954211045 10.573775368907802, -60.76275894218941 10.795466116382945, -60.5844154294943 10.951700194995352, -60.37292918893445 10.886460273303177, -60.19387880726693 11.042785793412039, -60.22684980190947 11.264127072337295, -60.43859201529267 11.328810423844907, -60.61710701773053 11.172708102132585, -60.827862040960554 11.237141131307212, -61.005663417236974 11.081127952817539, -61.215418522377746 11.145314944757212, -61.39249459131469 10.989403422036323, -61.60123752109348 11.053348648176817, -61.77757697615972 10.897551156481352, -61.98529594300955 10.961258870428146, -62.16088785241669 10.805587641648295, -62.36757153707086 10.869062075160501, -62.39894466387 11.087624539949779, -62.60486882983767 11.150282134042229, -62.77913314122142 10.99496419966203, -62.98400575637274 11.05739161701876, -63.15749644514747 10.902221629562872, -63.36130742462248 10.964423160720711, -63.534014926676434 10.809412869862978, -63.736754644329366 10.871392770374792, -63.76708580893137 11.087782075438643, -63.594960653683 11.242578611411313, -63.62538296875883 11.458314650359497), (-73.14180547549485 10.523939396155427, -72.95040452457991 10.642425758270944, -72.73376725916494 10.538581739850354, -72.70809334860776 10.316098984240424, -72.89928298424502 10.197133351440996, -72.87367239260932 9.973577712277082, -73.06536611733125 9.8536931709382, -73.28287870084965 9.957843493231707, -73.30825983790866 10.181724424110627, -73.11635886974082 10.301130873693097, -73.14180547549485 10.523939396155427), (-73.5510238223018 10.508729171413037, -73.52580854421096 10.285603815502942, -73.71840451709647 10.165759861226029, -73.936405532883 10.269515442958324, -73.96138549994699 10.492948576657195, -74.17940149703794 10.596403556902379, -74.20421307740801 10.819056793957795, -74.01124677371222 10.9379568305258, -74.03612819138607 11.159523494893229, -73.84364828610201 11.277507779999645, -73.62647180471122 11.174396102022357, -73.4346694683338 11.291930212393876, -73.21794686684001 11.188671612730726, -73.19259941949984 10.967713978579875, -73.38420460769807 10.849704834365797, -73.35892273640418 10.627659459928445, -73.5510238223018 10.508729171413037), (-64.05013326031136 10.344665834319333, -63.87842997974384 10.499527679730699, -63.67599132361641 10.436944619096298, -63.50349143725356 10.59199154240403, -63.29997686187718 10.529191835068787, -63.26926073062243 10.31074482363568, -63.44234301276896 10.155493567117768, -63.411718000160576 9.936425818737327, -63.58459327941614 9.781163859169858, -63.78750877970235 9.845168571551874, -63.95958794473881 9.690107905245421, -64.16141836780322 9.75390570788471, -64.19147472530553 9.972154785485476, -64.3925208970849 10.035136051648617, -64.42238495685217 10.252370807646724, -64.25148698367299 10.407036316050371, -64.05013326031136 10.344665834319333), (-68.067173373134 10.120805863099893, -68.24924056285566 10.0063476146022, -68.45967727505266 10.111391334635671, -68.48753781091641 10.33080561902958, -68.30514181958839 10.444752850305271, -68.09521301164692 10.3397960604121, -67.91369430575156 10.453275951633431, -67.7044725270331 10.34827824439342, -67.52384234219818 10.461289617882267, -67.31534290254153 10.356257055189023, -67.135612068609 10.46879887957256, -66.92784987088758 10.363737521323158, -66.89929862602455 10.146062860275341, -66.69176326791856 10.040911408834248, -66.5133051303051 10.153502590178123, -66.30653186459284 10.048339145891998, -66.27768944206827 9.83052515881715, -66.45577891901205 9.717412894785992, -66.66308056101646 9.822636285836785, -66.84209613193133 9.709057710154532, -67.05015604692589 9.81427391961839, -67.07867475020986 10.033003327334114, -67.2869579102344 10.138136817607078, -67.46724181011378 10.024609893959518, -67.43889140452525 9.805433205056156, -67.61972876757153 9.690925254105883, -67.82926131683367 9.796109419663305, -67.85743912708107 10.015726234508087, -68.067173373134 10.120805863099893), (-77.49434178795381 8.270587042431783, -77.29512770938919 8.39753814633993, -77.07302401291113 8.293628154774105, -77.04977683609111 8.062565137782457, -77.24890322630371 7.935173427533867, -77.47136538780506 8.039286707670321, -77.49434178795381 8.270587042431783), (-81.55938624099737 8.375988827175387, -81.7827228033955 8.477949443556467, -81.98611597032955 8.348102035947507, -82.20945071619384 8.44987771959855, -82.22914621146872 8.681212428857252, -82.02581184157864 8.810662633482217, -81.80272251140397 8.70917375668947, -81.59968790049372 8.83831721694093, -81.3766073932924 8.736636251893263, -81.17389459169816 8.865465676821469, -80.95084760336198 8.763596700425904, -80.93024754710895 8.532627334014562, -81.13299256065653 8.403392247187128, -81.35630613360543 8.50553373810017, -81.55938624099737 8.375988827175387), (-61.89012226770571 10.301093575193415, -62.06608639343893 10.145141077794722, -62.273246079218815 10.210011845431092, -62.30472228218957 10.43025123149055, -62.12932183525423 10.58599565097776, -61.92188136634221 10.521707937302878, -61.89012226770571 10.301093575193415), (-71.81670922743312 9.675371414684475, -71.84292583248798 9.898963252834971, -71.65344651224466 10.017525218737994, -71.4379965888303 9.91298327032682, -71.41156480614613 9.689751882832642, -71.19621035070294 9.58500375043463, -71.16962211660521 9.361084269336908, -71.35860042740846 9.241542830998243, -71.57442198726068 9.346412394014513, -71.60079706856098 9.57070097754387, -71.81670922743312 9.675371414684475), (-69.25741551592272 11.73235506435665, -69.44106452866335 11.620434096983873, -69.65234570670526 11.724627760524026, -69.67948939849505 11.940620751511936, -69.49554285041371 12.052040372443468, -69.28474908626971 11.947967441796113, -69.10163417689043 12.058907661761365, -68.89149148228108 11.954738453595894, -68.86397222856948 11.739513967183747, -69.04678029092774 11.628069921528517, -69.25741551592272 11.73235506435665), (-61.36036439104351 10.769087233116265, -61.150876835443235 10.704331675194743, -61.11855374977752 10.482991504120976, -61.29599969435478 10.326764846789752, -61.505217313920184 10.392092155331154, -61.53725873807649 10.613073488849276, -61.36036439104351 10.769087233116265)), ((-64.08940476474886 12.00693050474518, -64.29011466160833 12.065831724911634, -64.46047923893015 11.911696828246715, -64.66010053798104 11.97037469373382, -64.82965492626376 11.816402162959443, -64.80018124376058 11.603530778686855, -64.60087057103615 11.544243328295774, -64.43072294869141 11.698437601783246, -64.23031943684171 11.638931497418637, -64.05936584475229 11.793290286254528, -64.08940476474886 12.00693050474518)), ((-65.6284522533516 10.709140040374354, -65.45297819951173 10.818797421518546, -65.24884127928843 10.713737668562615, -65.07995445607338 10.867790638051359, -65.1092440636134 11.08194585794945, -65.30713748415948 11.141636466901554, -65.48205312778033 11.032980203685582, -65.68645367644974 11.137967286893899, -65.86231057683467 11.028834603589402, -65.8333851467076 10.814190695031085, -65.6284522533516 10.709140040374354)), ((-62.84121132121939 11.429645908683812, -62.872199328962296 11.646129541049907, -63.076596768059176 11.707144261947434, -63.249713949576204 11.552266274148687, -63.21900866202968 11.336152766111859, -63.01490338923834 11.274546288650935, -62.84121132121939 11.429645908683812)))",Colombian Four-eyed Frog
175,23222,23221,Hylorina sylvatica,species,20978,Amphibia,2.32,"MULTIPOLYGON (((-73.65599883174035 -51.61266720743312, -73.76711246831744 -51.38809556104804, -73.53720714519619 -51.21089006154767, -73.64780674080019 -50.98636531948988, -73.9864263841903 -50.937968737509806, -74.0946504362153 -50.71243115528902, -73.86613535750924 -50.536369745346306, -73.97388754862259 -50.31091655342806, -73.7480379870175 -50.135205085685065, -73.85531657833748 -49.90985609214514, -73.63207578543897 -49.73451847738994, -73.73887937370732 -49.50929343129032, -74.0671455643748 -49.458329245758726, -74.1717175649552 -49.23216919485616, -73.94979704389107 -49.05805217335651, -74.05393220164254 -48.83205378038782, -73.83452326326231 -48.65835540959033, -73.93821980615785 -48.43253834021113, -73.72127059100251 -48.25928140000264, -73.40181839347773 -48.31102121338165, -73.18847806492201 -48.13740945334581, -73.29337357420596 -47.9128760564384, -73.082382402702 -47.739751172918666, -73.18680019870088 -47.51543913556164, -73.50062297750524 -47.46316860921144, -73.60299598257976 -47.23801236449525, -73.39312948783419 -47.06621185697235, -73.49505963705755 -46.84131439809711, -73.28745987278477 -46.67004188734722, -72.97908009438387 -46.7228510192839, -72.87561694453822 -46.9466630951773, -73.08205095656072 -47.11875085415303, -72.9781106826871 -47.34282240270621, -72.6662076806671 -47.39371431691836, -72.46098186681859 -47.220824697492155, -72.56643503327258 -46.99784436595534, -72.3634076132046 -46.82550488812426, -72.46835073303093 -46.602784493466054, -72.77485673649916 -46.5513126036828, -72.87784335326758 -46.32777882760425, -72.6757870549584 -46.15680966858959, -72.77829790924123 -45.93357285178111, -72.5783662868454 -45.76319240395835, -72.27708079259546 -45.81524816863651, -72.08039230709784 -45.64467610439622, -72.18381530477785 -45.422846751147645, -71.98915829344477 -45.25290131705757, -72.09207836372208 -45.03140545678348, -71.89941392804529 -44.86210464198284, -72.0018331563683 -44.640960190146565, -71.81112345215489 -44.472321527137694, -71.91304402761094 -44.251546190304936, -71.72425222869242 -44.08358675372822, -71.82567643571491 -43.86319802044909, -71.63876669915061 -43.695934426150735, -71.73969690974785 -43.47594955820749, -71.5546343424518 -43.309397962605196, -71.26975220724128 -43.36204496571339, -71.087613976264 -43.195435882766375, -71.1892344807702 -42.97696380010133, -71.4718236356486 -42.924010086382175, -71.57177328376314 -42.70488378586245, -71.39030401637491 -42.53980281783166, -71.48976723896851 -42.32113072547656, -71.31004584695839 -42.15680746701914, -71.40902529794258 -41.93860585753202, -71.23102038011028 -41.77505462707362, -71.32951876885245 -41.55733951030209, -71.60490369825142 -41.502095213755695, -71.7018160449746 -41.28380275584356, -71.52446227200181 -41.12183537312661, -71.25121981217096 -41.17736128270717, -71.07655682143321 -41.01539523256116, -71.17410140961897 -40.798700039441414, -71.44523344317308 -40.742894747347535, -71.54123980914922 -40.52565741460024, -71.36719029456957 -40.36530163367807, -71.09813733443991 -40.421383906792464, -70.92669995787031 -40.26105483152254, -71.02330212294115 -40.04544026915029, -70.85343573887647 -39.885947971810914, -70.94957104724037 -39.670895766199955, -71.21455725165421 -39.61426738327367, -71.30922223013256 -39.3987249492748, -71.1399173228957 -39.240879085179614, -71.2341400508456 -39.02593034723109, -71.06636295317256 -38.86894397309126, -71.16014593647964 -38.654602786474534, -70.99387086823512 -38.498486578215, -71.08721664693039 -38.28476648694619, -71.34586332278498 -38.226109051473095, -71.43780886905822 -38.01197187240687, -71.27208253817153 -37.8575448122847, -71.36361356442087 -37.64405842890435, -71.61990107549025 -37.58395503073319, -71.71005852137417 -37.37009050591774, -71.54489862522553 -37.217372276019454, -71.63466322648392 -37.00418746683089, -71.47094932744018 -36.852367987510064, -71.56032290093424 -36.63987514957075, -71.33943428543108 -36.50272044881169, -71.37034541168637 -36.303830119538986, -71.62185387136827 -36.241923202739166, -71.84308072634627 -36.379111240498105, -71.81246256497538 -36.57817146607918, -71.97703972826221 -36.7291624757205, -72.23051063049554 -36.66649985897858, -72.39738961992632 -36.81755002418863, -72.65217805486283 -36.753911385738355, -72.73825648810634 -36.539048663824566, -72.5705531543361 -36.388847077203636, -72.60065123923899 -36.188441407305405, -72.37808759356781 -36.05200853411674, -72.40826972713428 -35.85058409237595, -72.66071135277483 -35.78542930810692, -72.88357385675864 -35.92189237503928, -72.8536975160038 -36.12347860356414, -73.07724577671195 -36.25910821839599, -72.99251231603414 -36.474257864228385, -73.16251644082021 -36.6244878879252, -73.41804686770624 -36.558701029553944, -73.59036595891945 -36.70893870618089, -73.50637314775986 -36.9258332033469, -73.68024859310313 -37.076936656099825, -73.93889789730379 -37.0102669898777, -74.11513363710324 -37.16134534223784, -74.03195141021533 -37.37997452587736, -74.20980210911732 -37.53189627540819, -74.12634322313524 -37.75123778372072, -73.86389527979398 -37.81764126859524, -73.77901060217958 -38.03666342171151, -73.95771463699913 -38.190299843181855, -74.22210189280877 -38.12403216708236, -74.40326545091476 -38.27760624773435, -74.31925677849685 -38.49833224221726, -74.05290283832744 -38.5644624889985, -73.96742698854797 -38.78483647517342, -73.70041180859837 -38.84972326966384, -73.61345897310697 -39.06972092896769, -73.79469411125626 -39.22586234528026, -73.70742546430003 -39.44649820666638, -73.89037757131813 -39.60343653613632, -73.80279379736149 -39.82469600405349, -73.98749311134056 -39.9824178902475, -73.89959503770429 -40.20428604354399, -74.08607255355503 -40.36277763303053, -73.997861158585 -40.58523922930206, -74.18614865215864 -40.744486168622224, -74.09762507384403 -40.96752564897169, -74.28775512697366 -41.12751308190704, -74.19892067204117 -41.3511145761183, -73.918654672781 -41.4136799413728, -73.82819475727938 -41.63677790331713, -74.01930535183281 -41.798359288019626, -74.30178285205405 -41.73597447338681, -74.495699124726 -41.89739630201085, -74.40624756021182 -42.12207299637976, -74.60210923888549 -42.28418771062616, -74.51235182903932 -42.50937699825714, -74.22535063638217 -42.57139970916459, -74.13389132365957 -42.796032487293246, -74.33081898814339 -42.95969413598687, -74.6201338176916 -42.89785253505761, -74.81999548281696 -43.061301843185994, -74.7296328541631 -43.28746487173893, -74.93155102410138 -43.45155486353843, -75.22473802658183 -43.38859847495051, -75.42965082936614 -43.55242616814674, -75.34049053650216 -43.78009505144103, -75.04490316510163 -43.84289073798055, -74.95394549313157 -44.069957090407335, -74.65747350911589 -44.13125796167104, -74.56470387140742 -44.35769614058392, -74.76991157752276 -44.52388594213347, -75.06884400235326 -44.46276361122936, -75.27716996658701 -44.62866304106055, -75.57767041060005 -44.566185131598, -75.78913075520776 -44.731760852204225, -75.69918917685995 -44.96070217716298, -75.3961743948949 -45.02302355308103, -75.30434777354704 -45.2513083614399, -75.00037740329022 -45.31207776131228, -74.90664958256141 -45.53968019687506, -75.11849663470376 -45.70756427208811, -75.4250462481084 -45.64696870044367, -75.64016050811331 -45.81449786942644, -75.54777375562266 -46.04350119902213, -75.7652408236202 -46.211531291337856, -75.67258073902822 -46.44086509467368, -75.89244773313463 -46.60937409882062, -75.7995192862787 -46.83901891902233, -76.0218346489584 -47.00798431581118, -75.92864319610676 -47.23792051040815, -75.61135340906269 -47.29784533068622, -75.39002144262496 -47.1279972065585, -75.07444538615783 -47.18644168388476, -74.85657730223186 -47.01618209866814, -74.54275128106497 -47.07317478354977, -74.4440487653951 -47.30022162815265, -74.66085197355564 -47.47133838786075, -74.9774386595696 -47.41455124997804, -75.19774290205412 -47.58527023579246, -75.51609780718472 -47.52700875835184, -75.73992257955733 -47.69729188658394, -75.6443748276212 -47.926708879383874, -75.87074383927484 -48.09740361735397, -75.77490930939 -48.32705425037719, -76.00387548374084 -48.49813671226237, -75.90775998125739 -48.72800092108227, -76.1393777860377 -48.89944673222467, -76.04298757511253 -49.12950432514101, -75.71304399448763 -49.18707056457912, -75.61442314585055 -49.41625786563465, -75.84769023315178 -49.58892269531971, -75.74876225375027 -49.81826535420984, -75.98478928160485 -49.99124577313293, -75.8855604767811 -50.22072348616788, -75.54829433272872 -50.27617246250589, -75.44673255078531 -50.50471890987745, -75.68445625163801 -50.678862780676646, -75.58255845723569 -50.90750639770678, -75.2408974513781 -50.96095275254885, -75.13660124700246 -51.1886222839952, -75.37601422998162 -51.36389684310842, -75.27134433759578 -51.591625858140986, -75.51368819211676 -51.76714401953695, -75.40865034219689 -51.994912310612285, -75.05914893188388 -52.04610714751572, -74.95159881275242 -52.27284177931205, -74.60085940279697 -52.32214113270105, -74.4907728711992 -52.54781747906307, -74.73353073340657 -52.72525514172754, -74.62298695671386 -52.95091641855724, -74.26755979449638 -52.998072828573726, -74.15440686232782 -53.22263449773411, -73.79778059676241 -53.26785321426501, -73.5578535888243 -53.08876722978659, -73.67308273411871 -52.86527989433051, -73.43610607558806 -52.68642512324279, -73.55077737328573 -52.46290819845333, -73.90042308446712 -52.417169093861645, -74.01256052799002 -52.19256292073193, -73.77704949731672 -52.01477511687417, -73.88867587385 -51.79017632398734, -73.65599883174035 -51.61266720743312)), ((-72.73956646231494 -52.14932354568744, -72.39463624292449 -52.191867245515425, -72.16907146525409 -52.01229171840949, -72.28691145793599 -51.790947540068686, -72.62851086654588 -51.74808411003575, -72.85557965524171 -51.926884227107564, -72.73956646231494 -52.14932354568744)), ((-71.76532314027322 -46.30921160516445, -71.96287175243884 -46.48117815949997, -71.8565010065187 -46.702801176255655, -71.55119061054396 -46.75135417381771, -71.3548933269754 -46.5786151145632, -71.46264007901036 -46.358094586952696, -71.76532314027322 -46.30921160516445)))",Emerald Forest Frog
176,23227,23225,Edalorhina perezi,species,20978,Amphibia,2.32,"MULTIPOLYGON (((-78.49455785829605 0.7290198559359885, -78.51737515766155 0.9761618241502165, -78.31236091647037 1.115214465191219, -78.33527525711263 1.3616522683338483, -78.56291124735496 1.469260588906084, -78.76797656250196 1.330589221349426, -78.74535572128745 1.0839295722836229, -78.9508590592605 0.9447128397353062, -78.92833743157524 0.6973543672834507, -78.70001589227586 0.5894278156019305, -78.49455785829605 0.7290198559359885)), ((-67.61926306989433 -15.302304732752045, -67.42337731317353 -15.149019991543552, -67.19722456042219 -15.238771281516811, -67.1663483313015 -15.481495300148136, -66.94045441375309 -15.570408770136332, -66.74605394747415 -15.416917968076696, -66.5210481307798 -15.505309412797255, -66.48982378163117 -15.746862315612134, -66.26509898206594 -15.834398730020922, -66.23372215213243 -16.075275833111267, -66.00928707784018 -16.161944836468365, -65.97775918762133 -16.402127763116024, -65.75362249788952 -16.487917439915936, -65.72194498363831 -16.727388239327997, -65.49811528692898 -16.812287141047907, -65.46628960027087 -17.051028293407107, -65.24277545227734 -17.135025439701195, -65.05173026471336 -16.980651684715188, -65.08373005503562 -16.74244515599271, -65.30660232135882 -16.658077436266627, -65.33845690335171 -16.419139578127083, -65.56164877368549 -16.33387815250491, -65.59335668028619 -16.094226278564857, -65.40204862540969 -15.940375934195677, -65.43378587064365 -15.70056624628051, -65.65665508592362 -15.614068137805436, -65.68824569124979 -15.373578195748639, -65.91142166050798 -15.286217644781406, -65.94286418756396 -15.045065828838386, -66.16633841690044 -14.956855080822775, -66.19763144235814 -14.71506018486782, -66.42139538734455 -14.626011943900448, -66.45253750328509 -14.383593169166886, -66.2601006845183 -14.230760809784233, -66.29127700943177 -13.988273402644289, -66.51470500783907 -13.898082390006786, -66.54573050569803 -13.655007653932365, -66.35351333713442 -13.502666187344328, -66.3845734478788 -13.25956373045559, -66.60766526535427 -13.168263000138314, -66.63857463612452 -12.92461061567093, -66.44657783271803 -12.772804815143878, -66.47752221450821 -12.52916595542724, -66.70027763163729 -12.436789864755319, -66.73107136507636 -12.192639263830815, -66.53929562573921 -12.041413706425715, -66.57012476261148 -11.797318130237946, -66.37899135685637 -11.646450039655072, -66.40985484449217 -11.402433415281337, -66.21936304793184 -11.251944983486442, -66.25025984438814 -11.008031127165973, -66.47146734206945 -10.914047621213966, -66.50221645792719 -10.669696464223351, -66.3119393545833 -10.519892379402936, -66.34272217299653 -10.2756855099614, -66.56360068824854 -10.18072283103095, -66.59423590836909 -9.936118494400425, -66.40417419783213 -9.787041980905713, -66.43484350868155 -9.542623451737178, -66.65539282234441 -9.446720254349895, -66.68591462159301 -9.201944581567512, -66.90672873613005 -9.105386361952057, -66.93710170951178 -8.860276197406845, -67.15817234222872 -8.763080041261828, -67.18839519094904 -8.517658297272751, -66.99773470720041 -8.369989391449515, -67.02799483756296 -8.124831108522232, -67.24872805576035 -8.026789603196374, -67.27883817881268 -7.781361075075096, -67.499815639057 -7.682727502794437, -67.52977448496866 -7.4370521539645695, -67.75098786103578 -7.337844733141978, -67.78079417608558 -7.091946198076376, -68.00223510616013 -6.99218347407151, -68.0318876530472 -6.746085582979095, -68.25354774160844 -6.645786416866613, -68.28304529975746 -6.399513181089854, -68.50491611948068 -6.2986967379599585, -68.53425748534097 -6.052272335042114, -68.34192867707173 -5.907192577898327, -68.37131460622238 -5.6611636937150696, -68.59282866382308 -5.559691831514411, -68.62205858720075 -5.3135542085517855, -68.84377118650723 -5.21161518619759, -68.87284393082479 -4.965393245355266, -69.09474662649613 -4.863007086414411, -69.12366103603273 -4.616725357410522, -69.34574535758576 -4.513912330717914, -69.37450029446195 -4.267595436063828, -69.59675774820977 -4.164376041887032, -69.62535209265582 -3.918048680667814, -69.84777416365628 -3.8144436365274337, -69.87620681427371 -3.5681305680144475, -70.09878496828647 -3.4641607941827304, -70.29345879929406 -3.606596528373423, -70.51670890629364 -3.5023640915686176, -70.54475954264133 -3.2556155369474227, -70.76814342386416 -3.151049849645002, -70.79602784823823 -2.904372607165002, -71.01953686559233 -2.7994951408063433, -71.04725405969644 -2.5529141728636464, -71.2708795649287 -2.447746548588545, -71.29842853033666 -2.2012868046017187, -71.52216186703689 -2.095850777463349, -71.54954162540692 -1.8495371769183373, -71.77337413101286 -1.7438546199145148, -71.80058372429387 -1.4977120354206392, -72.0245067320965 -1.3918049233688725, -72.05154522272638 -1.1458581637549408, -72.27555006387357 -1.039748557039193, -72.47300027527118 -1.179594273165966, -72.69755766907957 -1.0733014857424505, -72.72418431161356 -0.8271666186336388, -72.94880052090909 -0.7207051423436351, -72.9752521106598 -0.4748235978595422, -73.19991842546388 -0.3682157396659762, -73.39859784640099 -0.50746856284197, -73.6237655534374 -0.4007045083830878, -73.64979272917795 -0.1547206948717769, -73.87498726448919 -0.0478446372850241, -73.90083568792198 0.1978285258348182, -74.12604832750978 0.3047941433807607, -74.32585723320044 0.1661365271168806, -74.55151903008561 0.2732303520196411, -74.57693107244602 0.5189197116750373, -74.80258750847422 0.6260683256158234, -74.82781736313416 0.8713901311164848, -75.0534597277195 0.9785710672783327, -75.25429613694848 0.8405087250447982, -75.48033450729741 0.9477890631691023, -75.50511665423068 1.1930411626599078, -75.73111737313738 1.300318845622782, -75.93274463533714 1.1624412855593045, -76.15910244050117 1.2698016390488969, -76.3613464903785 1.131706099197916, -76.5880370647483 1.2391449378701866, -76.79087742360258 1.1008401173716356, -76.76691411756057 0.854699141023087, -76.97022942102507 0.7157998175322842, -76.9463554001826 0.4689550165235676, -77.15014363577131 0.3294805490572494, -77.37790194734575 0.4372402672339354, -77.58225059714334 0.2975925695657111, -77.55875235960492 0.0498042588509923, -77.33061915092408 -0.058077290418739, -77.30692715339092 -0.3062675016540184, -77.51165499928366 -0.4468324451745525, -77.48805574797744 -0.6956633898301829, -77.6932501628833 -0.8367428195276974, -77.92212310790718 -0.7286205485645607, -78.12785447326753 -0.8698304373160402, -78.10464123923927 -1.119524334769975, -77.87540357250923 -1.227765497233854, -77.85199330217694 -1.4778119072628484, -78.0581141072264 -1.6198567621501967, -78.03480007901221 -1.8704771124554052, -77.80507143099632 -1.97880720559039, -77.7815596996205 -2.2297377302813435, -77.98807077151432 -2.372580121609159, -77.96465536113574 -2.624044196091473, -78.17162958972769 -2.7673074382246114, -78.14831168118697 -3.0192814526616822, -77.91772269829552 -3.127750550561326, -77.89420531386841 -3.379973875687589, -78.10157410733679 -3.5239660019309147, -78.07815430949623 -3.776657386729889, -78.2859873398309 -3.921017143557395, -78.26266632140091 -4.174152123268299, -78.47096113664068 -4.318855987873272, -78.44774009384184 -4.57240979067788, -78.215922021615 -4.681029003649356, -78.19249860627708 -4.9347512707176096, -77.96054254721092 -5.043217648529023, -77.93691717161185 -5.297081743509174, -77.70483219869712 -5.405371356028562, -77.49675186539116 -5.25973603443008, -77.26493240996957 -5.367776220891336, -77.24080899979326 -5.621499331217645, -77.4488005386563 -5.767439522726833, -77.42477258455575 -6.021507080489503, -77.19245720504244 -6.129371545738038, -76.9845631473675 -5.983129469642784, -76.75254570653657 -6.090718829374163, -76.72802403833592 -6.3445759905671855, -76.93581190919517 -6.491116860209289, -76.91138334149358 -6.745280672977611, -77.11966606249493 -6.89209457625292, -77.09533182332918 -7.146539230791571, -76.86241996948897 -7.25389815501348, -76.83788502900201 -7.508331601746768, -76.60488333951031 -7.615384019791364, -76.58014825247722 -7.869779404929155, -76.7887082975065 -8.017397201045393, -76.76406636943894 -8.272009021751941, -76.53057058488983 -8.378722849759658, -76.50572786712198 -8.633250568786162, -76.27215402159719 -8.739600129866282, -76.0638446507661 -8.591440583484115, -75.8306298728602 -8.697433523603019, -75.80529794004126 -8.951554197423203, -75.57203106686545 -9.057147906067518, -75.54650147161907 -9.311123793188711, -75.75452471981764 -9.459810512024937, -75.72908329493629 -9.713925856892644, -75.4953323294983 -9.819044862290985, -75.46969264512715 -10.072969786782053, -75.23590178029528 -10.177633411022684, -75.21006453551074 -10.43134167659608, -74.97624339575785 -10.535527724554438, -74.76871593533518 -10.38607917211663, -74.53533624423456 -10.489851272917866, -74.32854101198981 -10.340323347590756, -74.095628760936 -10.443680574657552, -74.06904133463121 -10.696469321470904, -73.83614122889152 -10.79930563477695, -73.80936200836221 -11.051812570907042, -74.01575381974425 -11.201836043434847, -74.24913219240693 -11.099105998942752, -74.456284690342 -11.249042135690516, -74.42985922306006 -11.501944803705442, -74.19600528481268 -11.604567688458824, -73.98905359502837 -11.45439410342237, -73.75569039470554 -11.556571304856528, -73.5495135255532 -11.406306545885082, -73.31666663629426 -11.508037824940137, -73.28950642008016 -11.759905241527784, -73.49545953781774 -11.910406851767702, -73.46837557333495 -12.162287697458352, -73.23507183372936 -12.263297174043464, -73.02935126481405 -12.112563227889481, -72.79659625603995 -12.213107340783026, -72.59169863772601 -12.06228848812191, -72.3595171861384 -12.16236765565898, -72.15546210009532 -12.011477528215584, -71.92387858534794 -12.111092340989297, -71.89582994817776 -12.361428226503545, -71.66433866095 -12.460401603695464, -71.63610760953976 -12.710320150204023, -71.40471813271313 -12.808633162794804, -71.37630571594879 -13.058110670225059, -71.14502762870774 -13.155744774673371, -70.94270486648642 -13.004099065174817, -70.71209521970283 -13.101244671981243, -70.68326218412538 -13.34982671133154, -70.452788887668 -13.446267534860496, -70.25170487543878 -13.294343596536903, -70.02193801183863 -13.390290118365067, -69.99269590785802 -13.63793198463719, -69.76308996804889 -13.733149094476822, -69.56329508112773 -13.58096090490501, -69.33443251916553 -13.675678865407473, -69.304793131853 -13.922337412024412, -69.07611564209792 -14.01630259908811, -68.87765853590739 -13.86386477777769, -68.64976027237448 -13.957326919745979, -68.45230778092645 -13.804870549943137, -68.2252092919701 -13.897832517630329, -68.19497364492743 -14.14297566925325, -67.96809807412932 -14.23515696180962, -67.93770029188609 -14.479725861908532, -68.13438490138405 -14.632608133859831, -68.104031686673 -14.877079771995582, -67.87678709818302 -14.968172013840828, -67.84627156940944 -15.212031789406163, -67.61926306989433 -15.302304732752045), (-76.32213145146882 -8.2308324027801, -76.34706610373775 -7.97650188283808, -76.1391370765653 -7.82883536204228, -75.90640778406326 -7.935223160619923, -75.88118472655285 -8.189257868143917, -76.0889782604531 -8.337201663257334, -76.32213145146882 -8.2308324027801)), ((-78.15371745441821 1.7458587835403454, -78.13070721196767 1.5001455509572537, -77.90328884234133 1.39258576055859, -77.69923991667075 1.5308918950424637, -77.7225378524399 1.7763647966508143, -77.5189453407067 1.9140784943721703, -77.54233584398345 2.1588020151819993, -77.76903430251886 2.2660583001140733, -77.97270296230866 2.1287418813551744, -77.94959795437444 1.8837731792212733, -78.15371745441821 1.7458587835403454)))",Eyelashed Forest Frog
177,23239,23238,Barycholos ternetzi,species,20978,Amphibia,2.32,"MULTIPOLYGON (((-53.79142939395621 -19.032805567388554, -53.752451168561365 -19.26851741460911, -53.51585043714017 -19.36535735045795, -53.47667699858647 -19.600566028809936, -53.23946317283372 -19.697112523264764, -53.041282619849895 -19.55832887860748, -53.080727033817965 -19.32278130062299, -52.882486641887084 -19.183023845855253, -52.64440198697329 -19.27902873949047, -52.44571099066184 -19.138519503909933, -52.206921123944966 -19.234096578809567, -52.16694457616967 -19.470290223688377, -51.92758613202534 -19.565534763326983, -51.728093592400285 -19.424482823522474, -51.76833105414627 -19.187982282930836, -51.56880368961342 -19.04598199144796, -51.609112520975316 -18.808639517454207, -51.40955343609619 -18.66570455217414, -51.16933117904114 -18.760309146010805, -50.969395463723856 -18.616645053507384, -50.72855477165746 -18.7108095847012, -50.52826492340682 -18.566421783934565, -50.56914883341523 -18.327683455176956, -50.36884746127896 -18.18239502818402, -50.409798113138066 -17.942853221862297, -50.20948833686697 -17.79667948876099, -50.25050504599105 -17.55635149618748, -50.05018998232316 -17.40930826653498, -49.80854840667513 -17.502766777181012, -49.76728873196066 -17.74335585811941, -49.96791258900217 -17.89022638365638, -49.92671725607613 -18.130032707112452, -49.68465640688652 -18.223222318848574, -49.64328373945736 -18.46248456550195, -49.4007480527456 -18.555295283156966, -49.35919937666341 -18.79399133310918, -49.56042535320327 -18.939629944409436, -49.80290460058393 -18.84675035618124, -50.00383680162909 -18.99167293025108, -49.96259282713072 -19.229290476277345, -49.720173859413734 -19.322237537070468, -49.67875177124168 -19.559262197040205, -49.435855024777055 -19.65179158187985, -49.234327806021184 -19.507236345755945, -48.99091683648808 -19.5992767345228, -48.94908104469803 -19.835921608671914, -48.70522010456992 -19.92751101067327, -48.503159814722636 -19.782411390621622, -48.25883028260927 -19.873494551839205, -48.05654473387793 -19.727673253934615, -47.811775184544786 -19.81824556519869, -47.76931095545058 -20.054665120002156, -47.52413805736887 -20.14474170335468, -47.48150769754426 -20.38048113586112, -47.23594272746766 -20.470041905050355, -47.03300847822331 -20.323850790275873, -46.78706904207408 -20.412872781308202, -46.5839893817882 -20.265966942691033, -46.62705119611428 -20.029871551169318, -46.4240383426492 -19.882093761300666, -46.17777502205345 -19.970577749004367, -45.97465052822196 -19.82210501172127, -46.017969684389016 -19.58498842281358, -45.81492407576752 -19.435671802631237, -45.858291348593696 -19.1977111164792, -45.655327716454565 -19.047567300226323, -45.69874234074274 -18.80877949673397, -45.495863764937724 -18.657825647737425, -45.5393249751225 -18.41822818814491, -45.336534523827765 -18.266481941591806, -45.090133543711374 -18.35447872634321, -45.046476905539805 -18.59420781786473, -44.79978721248037 -18.681676490903673, -44.59681375613502 -18.52943626614777, -44.64066068107209 -18.28958789229947, -44.437793124091854 -18.136582263758903, -44.190961489499216 -18.223563512955575, -44.1469294980775 -18.46351876597544, -43.89984775939135 -18.549949827564927, -43.696879476032336 -18.39646371590314, -43.741091238306296 -18.156414034824422, -43.53824652540516 -18.00219058036076, -43.58249588767393 -17.761368989821477, -43.82941360740324 -17.674858833144544, -44.03216451603046 -17.82921127945239, -44.27892315044102 -17.74219943236397, -44.32285279569132 -17.50080557810702, -44.569356197925146 -17.413272181770008, -44.77199453664551 -17.567155586493904, -44.72825108176016 -17.808440076732428, -44.930992499967886 -17.961581685749824, -45.177342283513326 -17.87357222171711, -45.220894367690505 -17.632409736211745, -45.018289321985264 -17.479133460578808, -45.061885693889906 -17.237216543252714, -44.859377904664 -17.083203550941484, -44.61314190636756 -17.17123831105962, -44.41060965642106 -17.016632408184822, -44.164175906517556 -17.104187587035753, -43.961644066320275 -16.9489996151113, -44.005653340337176 -16.70613702900343, -43.803239365530374 -16.550261042745102, -43.84728729548752 -16.306694002772815, -44.09357049155636 -16.219095028639664, -44.13747834325886 -15.974931755438885, -43.93528227998877 -15.81827851569811, -43.97922930789153 -15.57344649439523, -44.225192536438726 -15.485361699940528, -44.268998853485215 -15.239971600673412, -44.06702236973791 -15.082575631213729, -44.110868378110496 -14.836553745738437, -44.35650986874279 -14.74802362086946, -44.40021454358401 -14.501482940673839, -44.19845928715711 -14.343380096802496, -44.24220416332261 -14.096245794436426, -44.04056127654712 -13.937557697005532, -44.084345592070775 -13.68985235141983, -44.3295926989872 -13.600926490721548, -44.3732363350324 -13.352759426850161, -44.171813515758174 -13.193430648559682, -44.21549709933754 -12.944732467870802, -44.01418679597788 -12.784870468614827, -44.0579095687296 -12.535664727864166, -43.856714701293185 -12.375292827205671, -43.90047590523119 -12.125603427845387, -44.14525480503838 -12.036365890582019, -44.34634619318564 -12.196799192943857, -44.59094774401575 -12.107215438539253, -44.63438859495844 -11.85722997702749, -44.87872592736986 -11.767342190709924, -44.92202305248833 -11.517005020777678, -44.721168781548556 -11.356457956699412, -44.764508096858606 -11.105690572132293, -45.00851521158532 -11.015573308078437, -45.05171022737855 -10.764498100386007, -45.29543650840634 -10.674133026386418, -45.33848543954784 -10.422776060934211, -45.13799808725935 -10.261677733417397, -45.18109091417415 -10.00995223095398, -45.42448058215672 -9.919436913738611, -45.62482034882484 -10.08057361886508, -45.867950171008715 -9.989781848786738, -46.06821131941777 -10.150518966685786, -46.31105253122658 -10.059452733645116, -46.51121117391202 -10.219777906297072, -46.46870805748202 -10.4711210982106, -46.668933865337095 -10.630970698837231, -46.62648041992506 -10.881925515861322, -46.82677039999487 -11.041275655019323, -47.06931592143874 -10.949728936478293, -47.26946240468587 -11.108622567047854, -47.51164140610504 -11.016786397810375, -47.71162074398029 -11.17521208152104, -47.669641902390225 -11.425401872762553, -47.42746821571174 -11.517349995905104, -47.22726918301842 -11.358995286871721, -46.984718503065864 -11.450644372193857, -46.94236658176277 -11.70074824941255, -46.699455273064615 -11.792187183185968, -46.6569462447533 -12.041996296802875, -46.41368547306038 -12.13320210071206, -46.37102096316943 -12.382690689516298, -46.57182222550898 -12.540815293616316, -46.81509799042061 -12.449529683643233, -47.01576883955806 -12.607157483299334, -46.97336193177392 -12.85598324439307, -47.174090523953 -13.013012319660248, -47.417015133095305 -12.921305394362665, -47.61758075697725 -13.077811462179529, -47.86011458928118 -12.985764993992621, -48.06049351696504 -13.141737540189926, -48.018572450661026 -13.389653325952043, -48.21898873734284 -13.544975573990897, -48.46107956296058 -13.452487524456314, -48.502777106060705 -13.204783544641126, -48.30260844029783 -13.049354737877584, -48.34436366458175 -12.801107106176332, -48.586062572482405 -12.708507040711456, -48.78597442294398 -12.864039996996894, -48.7444452566734 -13.1120678153702, -48.944380273037325 -13.266942965349989, -48.90291057379315 -13.514421778804927, -49.10286569446015 -13.668618151700239, -49.06145616235955 -13.915525608183263, -49.261428320163674 -14.069022647697743, -49.22007965358034 -14.315336785295873, -49.420065776062216 -14.468114359500639, -49.66111363072707 -14.37470559781272, -49.86081717930094 -14.52687928088529, -49.81976735423996 -14.772325435202779, -50.0194732152255 -14.923747003850682, -49.97848736886337 -15.168552572538516, -50.17819246247615 -15.319203073474183, -50.13727127864982 -15.563347500281148, -50.336972521439236 -15.713208434633012, -50.29611668179672 -15.956671594026721, -50.4958109869259 -16.105724924273375, -50.73603804374221 -16.0114723239474, -50.93539284439848 -16.159864536615295, -51.175020098722456 -16.06523389335555, -51.374013010170785 -16.212958069304346, -51.61301448486938 -16.11795466885318, -51.81162340062099 -16.265004226104345, -52.04997351932232 -16.169633554715315, -52.24817662440361 -16.31600224783189, -52.48585022601965 -16.22026998690302, -52.68362600974106 -16.365951905952997, -52.92059836232518 -16.269863926417976, -52.9599214321359 -16.02825195868623, -53.19630514930202 -15.931978249380471, -53.23543708460585 -15.690009170294978, -53.03845207110254 -15.543966650169272, -52.8019350711827 -15.640073669770176, -52.6044968357555 -15.49335359043801, -52.3672734827889 -15.589124786746067, -52.16940306172927 -15.441733022794372, -52.20913638108519 -15.198402002396927, -52.44647975576102 -15.102793090129977, -52.48602545547192 -14.859128322545459, -52.7227981402003 -14.763362801406208, -52.919898275087405 -14.911090791104526, -52.88061560389454 -15.15441616066631, -53.07765967966766 -15.301309787977871, -53.31358540908215 -15.205049205075532, -53.35260183937581 -14.962074978313725, -53.15595957427584 -14.815009388719965, -53.19505190035872 -14.571382759561903, -53.43051933964412 -14.475180210464986, -53.46942045135114 -14.231276742690428, -53.70428569030429 -14.134975696995227, -53.74299475441012 -13.890819925170575, -53.977249614613925 -13.794443021336871, -54.01576583376692 -13.550059577035771, -54.24940229937059 -13.453629425047726, -54.44436332919102 -13.601364649039487, -54.677209492676525 -13.5046750545165, -54.87164388625844 -13.651760834400722, -54.833675732561574 -13.895366381841582, -54.60099708721049 -13.992281505208128, -54.56283312862209 -14.235675147509237, -54.329517163693396 -14.332539683329353, -54.291158089195164 -14.575696957692779, -54.48638957739715 -14.721600146170944, -54.719540061135916 -14.62452320620292, -54.91424126263338 -14.769752096712882, -55.146574513738585 -14.672395829005238, -55.340726203958496 -14.816945530112333, -55.303002392325595 -15.058661844434736, -55.497054095163506 -15.202334086613149, -55.45941282322278 -15.443382132620993, -55.65336167107969 -15.586161653794536, -55.615803478561276 -15.826522878958606, -55.38401408448398 -15.92451531372379, -55.346256563483706 -16.164584188847037, -55.11380269062596 -16.262477683710742, -54.91892765275276 -16.12010254893005, -54.95696559459003 -15.879631706641018, -54.761997072484206 -15.736351638820128, -54.528541742482815 -15.833741333512048, -54.333039259213166 -15.689763467818672, -54.098784007808874 -15.786841913890802, -54.06019328585876 -16.028084135944397, -53.82531291508536 -16.125025107694647, -53.786527771702666 -16.36592675236476, -53.9828957506509 -16.509516220690497, -53.94418889140766 -16.74969001167708, -54.14048085194818 -16.892371796121882, -54.37504633003553 -16.795079626599502, -54.57082034536049 -16.937045426869407, -54.53246855103781 -17.17609645459748, -54.7281557382029 -17.317131516635897, -54.6898847358722 -17.555417334498955, -54.45564831535711 -17.65304830811387, -54.259517305675075 -17.512224880976355, -54.02448039916325 -17.60950011160256, -53.98573587322767 -17.8477567110553, -53.750072767699535 -17.944821878280468, -53.71113301954206 -18.182647023716036, -53.474851873385646 -18.279480036126877, -53.435717714078635 -18.516851165854977, -53.63313682110001 -18.657036053859166, -53.59408032658433 -18.8935853064787, -53.79142939395621 -19.032805567388554), (-44.99019395510006 -16.35393505814083, -44.74429293267828 -16.44245397202985, -44.7006102842293 -16.685821292347395, -44.903017797993144 -16.840551537738577, -45.148974314227914 -16.752035897549383, -45.192466545080514 -16.508787971396448, -45.43813159800184 -16.419812219247305, -45.48147435035234 -16.175990952763218, -45.27934680550607 -16.021017111298075, -45.3227348185404 -15.77651052902707, -45.120698977559 -15.62085058491924, -44.87513459397452 -15.709813675199776, -44.67305998137664 -15.553597658917585, -44.42728124016354 -15.642122574416241, -44.38351538003441 -15.886859370212136, -44.58571333778774 -16.04296398282429, -44.83155509750835 -15.954441974048072, -45.03373020012698 -16.109986684900502, -44.99019395510006 -16.35393505814083)), ((-42.94976959632078 -16.16687499891852, -43.19631458229915 -16.080202586752662, -43.39856496193076 -16.23728682875831, -43.35434231509467 -16.480934100389263, -43.55672223372028 -16.637366008865545, -43.51253616833151 -16.88031445420137, -43.71504269815182 -17.03607333715182, -43.67089398844982 -17.278302719839864, -43.424063888732235 -17.36485296130283, -43.22147517928505 -17.20921296443189, -43.265797408236494 -16.96690511338474, -43.063341101248824 -16.810586787941936, -43.10769859831376 -16.567565490141895, -42.90537760689287 -16.41058936453154, -42.94976959632078 -16.16687499891852)), ((-55.453665861771896 -14.090039994573601, -55.41605791183824 -14.332626160615545, -55.184380321446866 -14.43003022776522, -54.990131516890386 -14.284618804379273, -55.02801877321744 -14.041623320199136, -55.2598761700871 -13.944447949562104, -55.453665861771896 -14.090039994573601)), ((-42.40569447672007 -11.495086520260053, -42.65071751613601 -11.406884871996983, -42.85155290755546 -11.568981845376697, -42.80741687235093 -11.819236839176803, -42.56228351424082 -11.9074276289759, -42.51801840848751 -12.15727512512412, -42.27270902295476 -12.24509343537864, -42.228316861971734 -12.494508345160957, -42.42939207747756 -12.656075141042404, -42.38503088880239 -12.905008979754058, -42.139437139702125 -12.992400910021423, -42.094949617142845 -13.24086009082356, -42.2962125579152 -13.401898147841543, -42.25175545336606 -13.649835229318855, -42.005879347350856 -13.736758616233127, -41.80458577943264 -13.575786090244764, -41.849197577679945 -13.32782588088846, -41.648062044657735 -13.166373756640468, -41.402298729288816 -13.252944996064711, -41.20131500364079 -13.091092360837495, -41.246102203534065 -12.842614469720118, -41.49172743271146 -12.755990314867073, -41.5363951138462 -12.507023281272089, -41.78188839435742 -12.41997243540954, -41.8264344574539 -12.170540718691234, -42.071783351744756 -12.083084562421796, -42.116205721982055 -11.833212912799729, -42.36139784915213 -11.74537307749602, -42.40569447672007 -11.495086520260053)), ((-42.88076601898152 -15.2748540052265, -42.634429490866154 -15.361609249214165, -42.43253176578435 -15.202786978329426, -42.47702258702813 -14.957119953787373, -42.72324942187174 -14.870322946871763, -42.92509377191888 -15.029235981207684, -42.88076601898152 -15.2748540052265)), ((-58.1305599382807 -14.741718543185321, -57.94061349419766 -14.60111428727768, -57.976497749619284 -14.361208048899902, -57.78640685913325 -14.219697678506185, -57.559909326725545 -14.318302588973529, -57.3691588751891 -14.176102448131257, -57.14171914119427 -14.274485374276574, -56.95032582505573 -14.131598865768026, -56.986879668508124 -13.890132578626924, -57.214537873306114 -13.792012048553113, -57.40542326207682 -13.93509586859821, -57.632147200718435 -13.836758884014992, -57.6682085138041 -13.595610553550703, -57.894210758080135 -13.49734120537148, -58.08392017428582 -13.639943059379357, -58.30895935438956 -13.54147578661781, -58.4979902823911 -13.683397091666222, -58.72204881035627 -13.584738460560482, -58.91038554961304 -13.725976049128423, -59.1334463773005 -13.627132703434633, -59.32107365021244 -13.767683686658927, -59.543120271948084 -13.668662341618495, -59.577796978475405 -13.429392610497315, -59.79907814125144 -13.330507119387294, -59.9854175727923 -13.470584500139658, -59.951039681661 -13.709331541138317, -59.73002322710269 -13.808524104835335, -59.69543886386745 -14.047188963433994, -59.4736528617442 -14.14650799902812, -59.4388620842505 -14.385067484250325, -59.21631119543048 -14.484492044651624, -59.181314091630696 -14.722922947667595, -58.95800313944474 -14.822431929978169, -58.92279982783168 -15.06071103900938, -58.6987337991533 -15.160283198483556, -58.509623623617415 -15.021306354210324, -58.28456424401668 -15.12066010747121, -58.094764900373846 -14.980975889806333, -58.1305599382807 -14.741718543185321)))",Chimbo Frog
178,23244,23243,Limnomedusa macroglossa,species,20978,Amphibia,2.32,"MULTIPOLYGON (((-53.33662686638186 -33.670913234069154, -53.093378439763754 -33.75987044073116, -52.89020391168633 -33.65431001796166, -52.930704719018635 -33.45958821684295, -52.727470380155694 -33.3528958075071, -52.76805037665984 -33.157033663996515, -52.56475952106601 -33.049208462459404, -52.60541803040661 -32.852205579239495, -52.402073953514815 -32.74324708216517, -52.44281029585248 -32.5451033628288, -52.23941629415435 -32.4350113774905, -52.28022978621351 -32.23572703492798, -52.07678915693978 -32.124501687515504, -52.1176791120773 -31.924077252302475, -51.91419515287831 -31.811718996215077, -51.95516088115221 -31.610155324989, -52.19933797409473 -31.521155708052987, -52.240106917593025 -31.31866209391779, -52.036971574317334 -31.20495879872021, -52.07781657458287 -31.001329679173693, -51.87463884163782 -30.88649468784779, -51.63023216387515 -30.97550364244081, -51.42663800021242 -30.859752776563145, -51.46782687629957 -30.654779922803176, -51.264202571130056 -30.537901398596603, -51.30546442899228 -30.331796162423707, -51.550084753482196 -30.2427790406629, -51.591153786206405 -30.03575549829344, -51.83520748724379 -29.946042649734288, -52.03807971797107 -30.06335466752579, -52.28143883177873 -29.97295779451417, -52.322042862224066 -29.765253905692227, -52.119559729933286 -29.647719151517105, -51.87608254117768 -29.738112198108837, -51.673172119993296 -29.61967408307362, -51.42901089751743 -29.70938663598611, -51.22569642510214 -29.590044414584945, -50.98087840914113 -29.67906856578044, -50.93947270676435 -29.887430357493503, -50.694111645662815 -29.975751318174616, -50.490071239446564 -29.855716451586026, -50.24409828086593 -29.943330164009293, -50.039716263391654 -29.82238732759768, -50.081636572723056 -29.61362362790314, -49.87725249666238 -29.491568251227914, -49.91924008749143 -29.281680699912496, -49.71485725568655 -29.158516703977348, -49.75691139353276 -28.947509316554275, -49.55253310460964 -28.823241029267724, -49.59465305271186 -28.61111822622028, -49.390282600768046 -28.485750389520366, -49.43246762015977 -28.27251700368234, -49.22810829445356 -28.146054780464848, -48.98127123401946 -28.23303219328445, -48.77664063015041 -28.105685833735496, -48.819131650893894 -27.89115866164269, -49.06601272867965 -27.80416504504433, -49.10832566530701 -27.588726677277734, -48.90399843894929 -27.46009288688189, -48.946374217490074 -27.24356097978852, -49.192835949597765 -27.15585708946307, -49.39687376511341 -27.284697792580626, -49.64281109631767 -27.196322605733457, -49.846555943087054 -27.32429148291693, -50.09194012878203 -27.235251266299603, -50.13364332048391 -27.018242139010752, -49.93021262726438 -26.890060181467945, -49.97198270903681 -26.67196865130136, -50.21693288216423 -26.582277689486588, -50.25851927333616 -26.36332993329474, -50.502959972019255 -26.273006602786882, -50.544361367551545 -26.053217368997757, -50.788282203431095 -25.962279116793894, -50.82949733702628 -25.74166354813345, -51.07288808038632 -25.65012813601235, -51.27497076215343 -25.779188508023957, -51.51772279879606 -25.687047118267067, -51.558489738152616 -25.465873376018298, -51.80068517394909 -25.37316515188462, -52.002003788437506 -25.501599972294546, -52.24351755401139 -25.40830548597268, -52.444408707075084 -25.53588775831852, -52.40417434647662 -25.75652975841125, -52.60501675887615 -25.883020878261213, -52.845693363064754 -25.789106635512027, -53.04607745140959 -25.914739673212825, -53.28601064915699 -25.82025039581876, -53.48591452955529 -25.945025105880024, -53.72507931276317 -25.84996917495945, -53.92448145984622 -25.97388565435542, -53.885152468478 -26.192609594265022, -54.08447739480377 -26.31541664469507, -54.04522948801528 -26.533078066203714, -54.244474081155744 -26.654770872570545, -54.48251654084564 -26.559054229771352, -54.68122179882758 -26.67988258631639, -54.64234123069011 -26.896172395531146, -54.840954861740215 -27.01587921405543, -55.07798150288292 -26.91955365512283, -55.276027167437945 -27.038394724007183, -55.23752014911645 -27.253300883099595, -55.435463063136055 -27.371014362266234, -55.3970416624433 -27.584842018537586, -55.594878781887545 -27.701424885044897, -55.83064781364061 -27.604443824196238, -56.027881099922965 -27.72015894580164, -55.98984099722222 -27.932588668235486, -55.75427185984145 -28.029618725327094, -55.71602341256573 -28.241274959838268, -55.91363983524835 -28.355589101194774, -55.875478715240035 -28.566153206981067, -56.072980248687756 -28.67933000064719, -56.03490701722188 -28.88879821376504, -56.23229064329507 -29.000836166152826, -56.19430585726184 -29.20920509926998, -56.39156856498795 -29.320103078965325, -56.35367277684429 -29.52736971373149, -56.55081156269192 -29.637126943234517, -56.78532781554571 -29.539884219347996, -56.98181607547298 -29.648767996352102, -56.94431226580228 -29.854625796285507, -57.14066594728851 -29.9623682644868, -57.103253396360486 -30.16712093596557, -57.299469548070704 -30.27372222235491, -57.2621487797511 -30.47736790071579, -57.458224459272174 -30.58282845578643, -57.42099599271674 -30.785365610250583, -57.616928266818775 -30.889686199527823, -57.57979261643091 -31.091113625212337, -57.77557856132688 -31.19429532077348, -57.73853623671624 -31.394612130671764, -57.934172938319705 -31.49665630266787, -57.89722444426151 -31.695861919611048, -58.09270899844239 -31.796770227801805, -58.055854834837675 -31.994864376412373, -57.8232053218438 -32.092338327468674, -57.78613462074051 -32.289605446807116, -57.98202431232558 -32.38911517705507, -57.945047879723106 -32.58526837352244, -58.140784082594024 -32.68364719365289, -58.10390241920069 -32.87868698419, -57.87097248799586 -32.975622268430406, -57.83387345550497 -33.169819947399056, -58.03001650634448 -33.26681284195495, -57.99301218256079 -33.45989609357017, -58.18900039415796 -33.55576449940151, -58.1520912805894 -33.74773457916684, -58.34792173877199 -33.84248162646898, -58.311108331929404 -34.033340042500704, -58.07815007527151 -34.12970900070769, -58.041117908570854 -34.319711134487235, -57.807375408577485 -34.41546551490181, -57.61041824565443 -34.32121226502518, -57.375655616976104 -34.416335161353416, -57.17800009291567 -34.321202688656115, -56.942237884471865 -34.415682511337636, -56.904365104236746 -34.60529523502647, -56.66784881314908 -34.699121230478426, -56.46898155741874 -34.60333276485634, -56.231499415225215 -34.69649212736539, -56.19310395148585 -34.885437494033646, -55.954887618729344 -34.97791683446989, -55.75485791697943 -34.8814519808251, -55.51571117779116 -34.97324167172789, -55.315064667347414 -34.87587092121193, -55.075010700048296 -34.96696018936919, -54.87376808785777 -34.86867807109249, -54.632830650235405 -34.95905637466021, -54.431013077609464 -34.8598576887641, -54.47060836039719 -34.67007468212177, -54.268700493638676 -34.56975132708354, -54.026733453115085 -34.6594153182047, -53.82428079988732 -34.558169749299374, -53.864252112924504 -34.3670565692419, -53.6617210351133 -34.26468347375943, -53.70177508964204 -34.072434762719425, -53.49916885194483 -33.96893227455478, -53.539304996076964 -33.77554670849821, -53.33662686638186 -33.670913234069154)))",Rapids Frog
179,23272,23270,Leiopelma hochstetteri,species,20978,Amphibia,2.32,"MULTIPOLYGON (((178.62938013837856 -38.354946759803376, 178.58376573716225 -38.1159967227654, 178.80799916518464 -37.96200841141823, 178.7621378602255 -37.723188925966284, 178.4933423283552 -37.637603580030365, 178.44852870580257 -37.39817773113346, 178.18040499327492 -37.31130109904538, 177.95543412956647 -37.46390034762474, 177.99893843426662 -37.704073773285145, 177.7720262958395 -37.85686609796556, 177.50127260401 -37.76878126446507, 177.2720699225282 -37.92104077600681, 177.0003882789265 -37.83168355029238, 176.95957674180232 -37.590052149577296, 176.68865874692347 -37.49940918686094, 176.45690290131608 -37.65039744411258, 176.18512360504292 -37.55847029522372, 176.14674315904142 -37.31557080801343, 176.37875119793864 -37.165300154018354, 176.34002390284184 -36.922561637156086, 176.07066767948447 -36.829396644337926, 176.03296864418593 -36.586139939400404, 175.76440979315362 -36.49173965710305, 175.72772968594853 -36.247988745006204, 175.4599787043436 -36.15237097914993, 175.42430813252508 -35.90815012752137, 175.1573751520192 -35.811333164686324, 174.92455984796385 -35.958669512660975, 174.65691533596606 -35.860589713835026, 174.62363115305658 -35.615257305023405, 174.85659945850136 -35.468669514099275, 174.82291956314373 -35.223582674032436, 174.55765153926995 -35.12442405176797, 174.32454912940318 -35.27025769898432, 174.05862690576936 -35.16984803202373, 174.0273129796147 -34.92371562647416, 173.76226510068324 -34.82217098500599, 173.52704544565984 -34.96663410846143, 173.2614089846378 -34.86383544981184, 173.2324686280947 -34.61671480604903, 172.96774255230764 -34.51280927665033, 172.73050133768834 -34.6558698003644, 172.7580194478079 -34.90360108689828, 173.02420609163232 -35.00766283399943, 173.0526907867611 -35.25504948716457, 173.31980797295114 -35.357990996087466, 173.34926967710885 -35.60500714966737, 173.6173095331701 -35.70680739761169, 173.64775865415197 -35.95342740909712, 173.9167129469855 -36.054065808529, 173.9481598712399 -36.30026427284697, 174.21802000152877 -36.39972068329202, 174.2504750888853 -36.645472446117616, 174.01162441218764 -36.79240640589164, 174.04364545221722 -37.03833156775822, 174.31597554763653 -37.13667928934773, 174.349024465228 -37.38211597102405, 174.6222629348486 -37.4792294779234, 174.65635029818753 -37.7241531470425, 174.93048743746755 -37.82001371632014, 174.96562377397333 -38.06440013666464, 174.7251518213011 -38.213580183569995, 174.7598697845009 -38.45806542677014, 174.51732878078508 -38.607266107455374, 174.55161468364565 -38.85182588214885, 174.30697841080746 -39.00101829837643, 174.34081819215652 -39.24562820326382, 174.0940601023405 -39.394783109439274, 174.12743931694376 -39.63941864774565, 174.40913416512558 -39.73426493521372, 174.65575716761987 -39.58440259752325, 174.93670976510293 -39.677849276166306, 175.18102940868272 -39.52724139836451, 175.144572311371 -39.283893183263544, 175.38677333180203 -39.13327058498144, 175.6652354835278 -39.22529589570352, 175.90513156547365 -39.073982538962944, 176.18275832420613 -39.16465414531721, 176.42033394467808 -39.01267879163133, 176.69708548623782 -39.10201134172654, 176.73797377984567 -39.34331806624225, 176.50066564908866 -39.49598815394845, 176.54120290676588 -39.73733591341565, 176.82050568693546 -39.825313949452855, 177.05752396848345 -39.67195604740501, 177.01553641481365 -39.43130915630624, 177.2504788059045 -39.2780098210785, 177.20816436348503 -39.03741130131308, 177.4410586071449 -38.88419816956483, 177.71594507936032 -38.97089819092835, 177.94648140644563 -38.817109172298984, 178.2203804708643 -38.902516472652124, 178.44854935209776 -38.74818011883114, 178.40319238915356 -38.50912213528724, 178.62938013837856 -38.354946759803376)))",Hochstetters New Zealand frog
180,23273,23270,Leiopelma hamiltoni,species,20978,Amphibia,2.32,"MULTIPOLYGON (((174.9432493741167 -41.52829854784813, 174.98022403543723 -41.77014291276107, 175.269320485312 -41.85958182829905, 175.5196271118569 -41.70714306254592, 175.8078601247173 -41.79513147011989, 176.05568877816916 -41.641907019588785, 176.0155303275141 -41.40136980791004, 175.72911404180923 -41.31339447065445, 175.48104693171217 -41.46594484084217, 175.1937583149268 -41.376537574096446, 175.1563371564323 -41.13460724682123, 175.4046186727876 -40.98273733194331, 175.36676604494073 -40.74074500496912, 175.61284941576264 -40.58879584595557, 175.5745799254064 -40.34676545911206, 175.2917726273373 -40.25602599301953, 175.25462745280163 -40.013316570588394, 174.97274184494086 -39.9212152007549, 174.72627606102367 -40.07177917714679, 174.76186878474982 -40.315138594944585, 175.04548658902917 -40.407285635753944, 175.08220349246187 -40.64997269834479, 174.83373121388922 -40.8011559551956, 174.8700051678211 -41.04379654654726, 174.61931788692686 -41.194873656782306, 174.33219491327878 -41.1026186832456, 174.29752553754372 -40.85934514852385, 174.0114064179068 -40.76570661178964, 173.9778713063812 -40.5217519442259, 173.69276681318286 -40.426746884402576, 173.4394806899744 -40.575610498720536, 173.15370243817722 -40.47915607311348, 173.12291542449782 -40.233940341592344, 172.83819653810997 -40.13614249018767, 172.58258577079823 -40.283443609041946, 172.61172311074665 -40.5292454507406, 172.35388362492262 -40.67636455585928, 172.0669028886245 -40.57697360059326, 171.8068258726213 -40.723176819842394, 171.8337049613491 -40.96947156506563, 172.1223663327694 -41.06900567198054, 172.38246187086975 -40.92209973877572, 172.67056201596 -41.020141052086814, 172.7002672035377 -41.26521712141721, 172.9894776564198 -41.36189021235765, 173.02032319394272 -41.60628414775193, 173.3106343676635 -41.701570970985124, 173.5683455897282 -41.552361786623116, 173.53581801576217 -41.30855957084678, 173.7912547597523 -41.15915884974366, 174.07912197079003 -41.252872692809085, 174.11330651701104 -41.49606677714513, 173.8579737290022 -41.646157047418136, 173.89165743128763 -41.88924731689355, 173.63403546166342 -42.03914317352715, 173.6672018579074 -42.28210526280689, 173.4072610077659 -42.43177577170583, 173.43989317616536 -42.67458532897654, 173.1776033851342 -42.82399930970874, 173.2096839319168 -43.06663201096441, 173.5058049159864 -43.15926600843621, 173.76801203228786 -43.00917586374685, 173.73418801418217 -42.76712996923363, 173.99403057772702 -42.61678072975997, 173.95968372481775 -42.374567591714126, 174.21719241083838 -42.22399035639015, 174.1823396058702 -41.9816341102345, 174.43754470751412 -41.830859736497196, 174.40220236813923 -41.58838454143349, 174.65513379575896 -41.437443631995116, 174.9432493741167 -41.52829854784813)), ((173.5961399026137 -39.69224727421953, 173.87853253254093 -39.7885064631591, 174.12743931694376 -39.63941864774565, 174.0940601023405 -39.394783109439274, 173.81334255943045 -39.29861337777641, 173.5643355015343 -39.446991481728745, 173.5961399026137 -39.69224727421953)), ((171.11671128386683 -42.14468062237734, 170.8474027199805 -42.289727744208776, 170.87176057801804 -42.535464367058154, 170.6000746968266 -42.68014201373986, 170.62375523755304 -42.92567580797513, 170.92096619704705 -43.026025379974705, 171.1927617513208 -42.88066147293137, 171.16724280518793 -42.635636745334395, 171.43664148463608 -42.48990017903988, 171.41047395694295 -42.244683099122355, 171.67750446321077 -42.098606215492644, 171.6507071891217 -41.853221891068564, 171.91539796091297 -41.70683682447412, 171.8879892956362 -41.46131039350749, 171.5976372621983 -41.361626810398064, 171.3329995223744 -41.50731589597562, 171.35865465402208 -41.75338226537154, 171.0916953898169 -41.898766462967636, 171.11671128386683 -42.14468062237734)), ((172.64821659183724 -43.121570734097645, 172.38111300417813 -43.26970130328146, 172.4108248841676 -43.512692828788836, 172.7094465367927 -43.606996079121, 172.7403697082376 -43.849202278211315, 173.04018202051952 -43.94203721058241, 173.30721178987199 -43.79255945140899, 173.27448601360243 -43.55092028470556, 172.97652582688352 -43.45818961351192, 172.94501477999006 -43.21575805030875, 172.64821659183724 -43.121570734097645)))",Hamiltons frog
181,23274,23270,Leiopelma archeyi,species,20978,Amphibia,2.32,"MULTIPOLYGON (((174.96562377397333 -38.06440013666464, 174.7251518213011 -38.213580183569995, 174.7598697845009 -38.45806542677014, 174.51732878078508 -38.607266107455374, 174.55161468364565 -38.85182588214885, 174.30697841080746 -39.00101829837643, 174.34081819215652 -39.24562820326382, 174.62082690272996 -39.340403062367386, 174.65575716761987 -39.58440259752325, 174.93670976510293 -39.677849276166306, 174.97274184494086 -39.9212152007549, 175.25462745280163 -40.013316570588394, 175.49875563146156 -39.862009996741115, 175.7798218748827 -39.9527219086056, 176.0215951959442 -39.80070213874189, 175.98253417482425 -39.55866728889007, 175.70319477772932 -39.4679779095483, 175.46119645830402 -39.61930227797711, 175.18102940868272 -39.52724139836451, 175.144572311371 -39.283893183263544, 175.38677333180203 -39.13327058498144, 175.6652354835278 -39.22529589570352, 175.90513156547365 -39.073982538962944, 176.18275832420613 -39.16465414531721, 176.42033394467808 -39.01267879163133, 176.69708548623782 -39.10201134172654, 176.93232665670354 -38.949402742654804, 177.20816436348503 -39.03741130131308, 177.4410586071449 -38.88419816956483, 177.71594507936032 -38.97089819092835, 177.94648140644563 -38.817109172298984, 177.9024753783093 -38.57731051176231, 178.13101039874948 -38.4236589164132, 178.08672429964986 -38.183961740097914, 178.31328489164162 -38.030474069159276, 178.26872970125999 -37.79090120654781, 177.99893843426662 -37.704073773285145, 177.7720262958395 -37.85686609796556, 177.81525011061342 -38.097180311610096, 177.58637058546572 -38.250139565481234, 177.3139372908425 -38.16208387657174, 177.2720699225282 -37.92104077600681, 177.0003882789265 -37.83168355029238, 176.76890539655 -37.983382633451924, 176.49633143141375 -37.892738369838305, 176.45690290131608 -37.65039744411258, 176.18512360504292 -37.55847029522372, 176.14674315904142 -37.31557080801343, 175.87576980046083 -37.222377562670154, 175.83842790905913 -36.97894310976032, 176.07066767948447 -36.829396644337926, 176.03296864418593 -36.586139939400404, 175.76440979315362 -36.49173965710305, 175.72772968594853 -36.247988745006204, 175.4599787043436 -36.15237097914993, 175.22733561386974 -36.30045009298203, 175.2626292391111 -36.54488247748238, 175.0280285760308 -36.69309750581614, 174.75796631616225 -36.59613947483951, 174.72408114816244 -36.35103999901251, 174.45488602781552 -36.25287449368557, 174.42201000493105 -36.00732037731169, 174.65691533596606 -35.860589713835026, 174.62363115305658 -35.615257305023405, 174.3568432665104 -35.51600273426323, 174.32454912940318 -35.27025769898432, 174.05862690576936 -35.16984803202373, 174.0273129796147 -34.92371562647416, 173.76226510068324 -34.82217098500599, 173.52704544565984 -34.96663410846143, 173.2614089846378 -34.86383544981184, 173.02420609163232 -35.00766283399943, 173.0526907867611 -35.25504948716457, 173.31980797295114 -35.357990996087466, 173.34926967710885 -35.60500714966737, 173.6173095331701 -35.70680739761169, 173.64775865415197 -35.95342740909712, 173.9167129469855 -36.054065808529, 173.9481598712399 -36.30026427284697, 174.21802000152877 -36.39972068329202, 174.2504750888853 -36.645472446117616, 174.52123208557646 -36.74372718542026, 174.55470566382314 -36.98900735605644, 174.8263501787166 -37.086041211096266, 174.86085253802787 -37.330825174908426, 174.6222629348486 -37.4792294779234, 174.65635029818753 -37.7241531470425, 174.93048743746755 -37.82001371632014, 174.96562377397333 -38.06440013666464)))",Archey's Frog
182,23323,23276,Hyperolius pusillus,species,20978,Amphibia,2.32,"MULTIPOLYGON (((53.88918228888551 -5.989371267284424, 53.948133292477365 -5.771784526209359, 53.78987121726601 -5.6320092681822915, 53.58237854829122 -5.673255365570185, 53.43383586361074 -5.4971773338966745, 53.49336429899387 -5.280239155628669, 53.344945814371556 -5.103953180399475, 53.13642560865833 -5.144216900223254, 53.076260740980445 -5.361488364696295, 53.22525242503224 -5.538163656956608, 53.16514972477063 -5.755951388431242, 53.31426878683254 -5.932411527973087, 53.52291424830062 -5.89070102720781, 53.67158060768227 -6.066550560719362, 53.88918228888551 -5.989371267284424)), ((21.02321973796242 -34.72137350675735, 21.308569122078183 -34.709209356003896, 21.424569498415877 -34.51060935946153, 21.710037019697438 -34.49734214255826, 21.88013398843512 -34.68283179351121, 22.16632185267423 -34.66861509638535, 22.281778308722267 -34.46876020338787, 22.111229511335324 -34.283220694903065, 22.226488356728765 -34.082318488529644, 22.056369667897854 -33.8958834045824, 21.771440366737863 -33.91040202354367, 21.65600560399966 -34.11120234906873, 21.371169638221403 -34.12462972612911, 21.255372566649157 -34.32428054196586, 20.97065795718575 -34.33661202700768, 20.854509496818878 -34.535104454959566, 21.02321973796242 -34.72137350675735)), ((47.425053661167055 -24.323205786874894, 47.67093015199788 -24.25948217630327, 47.747024879962424 -24.029296144251827, 47.99163049842946 -23.96543325830674, 48.067015622840586 -23.735186503714456, 47.89853950672489 -23.56839176400414, 47.97396087078846 -23.33769037889416, 47.80569991656259 -23.169961701778988, 47.881156655014934 -22.938825139651836, 48.124135354307896 -22.875831835705256, 48.19888993163704 -22.644691800865225, 48.03140342929947 -22.476132860476397, 48.10619491225981 -22.2445943992363, 48.347737392541745 -22.18203318284944, 48.42183172625167 -21.950531851519735, 48.25511767835752 -21.78117612410166, 48.32925040112033 -21.549313679364257, 48.56936521553351 -21.487228403842185, 48.64280581317473 -21.255443635781823, 48.47686211544078 -21.08532570892915, 48.55034253879191 -20.853217633112628, 48.7890383092531 -20.791651471267222, 48.86183164138794 -20.5596614869064, 48.6966560872703 -20.388816994287748, 48.769490636049454 -20.15654192886333, 49.00677604735034 -20.095537292422538, 49.07892854621633 -19.863420525248145, 48.91451883135895 -19.691886077724888, 48.986713893108686 -19.45952280403751, 49.22259768722918 -19.399121265254742, 49.29411574548584 -19.166956213131257, 49.52875134533201 -19.10662249579365, 49.59959536533921 -18.874678103831194, 49.4365223663693 -18.702638831810745, 49.50741233592538 -18.470503907948984, 49.740659008209434 -18.410841349257257, 49.81088003776742 -18.17896629592838, 49.64856909888613 -18.006325031348236, 49.718837289804526 -17.77429841563726, 49.55671035254767 -17.600922440768876, 49.62702488695385 -17.36876638143434, 49.85875677232045 -17.310414055249566, 49.928409451797506 -17.078573546664163, 50.158905253052524 -17.02036920831316, 50.22789918101563 -16.78886551641896, 50.06710414464885 -16.615138805867698, 50.13614753606535 -16.383561676654136, 50.36528145881675 -16.326142148243356, 50.43367118521766 -16.09493943265376, 50.661571960191054 -16.037709936433973, 50.729311250316385 -15.806902099227074, 50.56985124147013 -15.632894125351058, 50.63764293748082 -15.402068315313851, 50.47835235361333 -15.22741804881697, 50.54619565945538 -14.996596674556466, 50.38707495783339 -14.821323914499645, 50.45496908197089 -14.590529483931252, 50.296018712484226 -14.41465430129418, 50.36396286789366 -14.18390940787975, 50.20518327310475 -14.007452134216917, 50.273176677269134 -13.77677944301789, 50.114568292462764 -13.599760658763795, 50.18261016736537 -13.369182892330215, 50.02417342059795 -13.191623414769797, 50.0922629927158 -12.961163338886658, 49.93399830486521 -12.783084209807834, 50.002134805162314 -12.552764619120591, 49.84404258997722 -12.374187092166764, 49.61726276378843 -12.425658852267082, 49.45879666476648 -12.246324979332972, 49.52765658075529 -12.015799307508441, 49.36936752866268 -11.836001622994315, 49.141679739899416 -11.886446346249882, 49.072144331564004 -12.117331015342963, 48.84328869039473 -12.168032838960043, 48.684113281746136 -11.98721269861904, 48.45424225823109 -12.037527429062587, 48.38339742915991 -12.269290976153252, 48.54309696401805 -12.45039522781769, 48.472288296245836 -12.682328091906795, 48.24110484205531 -12.733499034209045, 48.16965581247308 -12.965926791876479, 47.93731300929724 -13.017309010283032, 47.8652212594167 -13.250211664873328, 47.63172256346974 -13.301789150742845, 47.55898583623875 -13.535146318844697, 47.720424707380346 -13.71658530557253, 47.64771863001306 -13.950039037053475, 47.41289499582524 -14.00239155998036, 47.33953961097194 -14.236262188884181, 47.50168767721647 -14.417436850056, 47.428361520778 -14.65136341574951, 47.19220572608512 -14.704455535348044, 47.11822594908753 -14.9387605621274, 46.88091408768321 -14.991980318990297, 46.806278667817566 -15.2266419730001, 46.56781538104548 -15.279971578659389, 46.49252241129318 -15.514967689335279, 46.25291268738354 -15.568389034085303, 46.0887939840315 -15.386254654626454, 45.84824656940964 -15.439199618363974, 45.77161560439788 -15.67482807973354, 45.52993931018699 -15.727837155645371, 45.365106009251264 -15.544675031296983, 45.12252432981356 -15.597196898980378, 45.04455984599983 -15.833412765186344, 44.800868515293274 -15.885970609979124, 44.72224387872802 -16.12244159237159, 44.4774498185582 -16.175016184466177, 44.311513223564106 -15.990604598373812, 44.06586187655532 -16.042672011017075, 43.9859104124223 -16.279654805045325, 44.15227448647181 -16.464290390152374, 44.072326531840474 -16.701200129971177, 44.2389356079681 -16.885252109705455, 44.158991880449264 -17.12206439749151, 43.911770485082684 -17.17510589025736, 43.83116120737526 -17.41208290370768, 43.5828532949844 -17.465071414325084, 43.501577803312244 -17.70218856239222, 43.66927718107894 -17.886037594815676, 43.58800124841835 -18.122996206518987, 43.755953886393314 -18.30620153646719, 43.67467823091937 -18.54297757347187, 43.84288412345359 -18.72551759298435, 43.76160946966377 -18.962087221117212, 43.93006860429122 -19.143940659858675, 43.848795683041146 -19.38028026363948, 44.01750804039921 -19.5614262005527, 43.93623758893813 -19.797512397333456, 44.105203142687486 -19.977930271780174, 44.0239359046939 -20.21373992547322, 43.773017735510024 -20.269431973638287, 43.69106710618823 -20.505246560311523, 43.860720440353305 -20.68506528605253, 43.77877097514303 -20.92056229765023, 43.526481376162394 -20.976538453615188, 43.4438450500175 -21.211997060119877, 43.19044562355219 -21.26778226772312, 43.10712192722036 -21.503177172726353, 43.277882414827445 -21.682492993948923, 43.19455488285735 -21.917511750849567, 42.93978124807148 -21.973502299628215, 42.85576305746736 -22.208413975748137, 43.02720433659573 -22.387044615611803, 42.9431801025209 -22.621540319073798, 43.114892016039676 -22.79933615634541, 43.03086248133127 -23.033394381895892, 43.20284507678181 -23.210337196537047, 43.458435482807715 -23.1531109322581, 43.63026088569495 -23.329079301288104, 43.546925514933434 -23.562377039987982, 43.29106430898892 -23.62000879064163, 43.20702642925795 -23.853128932057622, 43.37955050256943 -24.02831278920809, 43.29550959242192 -24.26093304236142, 43.46830444712586 -24.435211854093467, 43.384261277343796 -24.667312148555936, 43.55732693190649 -24.840669472540036, 43.81399596612056 -24.7818416819057, 43.98688635609551 -24.954183433691405, 43.90355548373773 -25.18543056068052, 44.07671207564346 -25.35682539076605, 44.332740687197884 -25.296898288563956, 44.505698336233934 -25.4672627961238, 44.76079403616299 -25.406633406918374, 44.93353389031108 -25.575962761112677, 44.85165885473458 -25.805985316865414, 45.024655420500864 -25.97433540112144, 45.27903536877585 -25.91260222798977, 45.36017584763189 -25.68292665799195, 45.61333345550963 -25.620910234299437, 45.785582086281664 -25.788156640389417, 46.03773558407076 -25.725456105991544, 46.11741367417383 -25.495932756326525, 46.36832345965948 -25.43298355243125, 46.53977084012561 -25.599129323969986, 46.789640254975865 -25.535515002818467, 46.8678514743043 -25.30619388655431, 47.11645780073303 -25.242365303905572, 47.19394959905043 -25.012895398058376, 47.44128749336966 -24.94887451220913, 47.51806219484669 -24.719279746358623, 47.348246795540206 -24.553307276415207, 47.425053661167055 -24.323205786874894), (48.05297380888173 -20.338535629813443, 47.97873098696764 -20.57135641524407, 47.73788415921611 -20.63183563991037, 47.66295353440588 -20.864762431957146, 47.42087514708295 -20.925211288072514, 47.34525430484255 -21.158220480137594, 47.512434610207194 -21.330383079033542, 47.4368449062811 -21.563059225162768, 47.19335021094774 -21.623964769501697, 47.117065559308166 -21.856682131535187, 47.28500149554567 -22.028098984192454, 47.20874637797663 -22.26044497112259, 46.963827539551644 -22.321763067782243, 46.795359824959526 -22.150241054550836, 46.87234164156414 -21.917506461574753, 46.7040994872132 -21.745115316253013, 46.78110751495943 -21.512012909293368, 46.61309116928933 -21.338769709071975, 46.69012458259269 -21.105320635014326, 46.52233428600922 -20.93124287043158, 46.276998256003196 -20.990489850481012, 46.10892746473678 -20.815462998449597, 46.186698302519694 -20.581322001703917, 46.43182825037611 -20.522574141164288, 46.50890998257715 -20.28849635030233, 46.34157247362626 -20.11280354735296, 46.41867715137559 -19.87844426770005, 46.25156636527933 -19.70197178117298, 46.328693187407495 -19.467353280532016, 46.572225047609194 -19.409571100872462, 46.64866960664237 -19.17507542539547, 46.48228706307027 -18.998001957139483, 46.558755446477235 -18.763287411129262, 46.39259577266745 -18.58548082358187, 46.4690871886308 -18.35057020453977, 46.30315060056415 -18.17205035540177, 46.37966426315997 -17.936966676108195, 46.62141787777076 -17.88075767696556, 46.78685434418368 -18.059097848086864, 47.0276252577578 -18.002370351192983, 47.10276762792528 -17.767847672045644, 47.342353286982124 -17.71115609903876, 47.50697902658013 -17.888436640343993, 47.745551825996614 -17.831239892306684, 47.81932098054102 -17.597323287766237, 48.05669333574453 -17.540191392302564, 48.12979326704034 -17.306531811760756, 47.966223394144 -17.12962133905469, 48.03935799765469 -16.895853859996564, 47.87599034630644 -16.71827171189731, 47.949158828344046 -16.484419359865125, 48.18499735094153 -16.428530411019587, 48.257503438472106 -16.194992182895515, 48.492146754223114 -16.13922268874434, 48.6544423117211 -16.316402051355535, 48.88804012335113 -16.26017142533933, 48.95918865985801 -16.02736018134503, 49.191578979406344 -15.97127580754795, 49.262070808661235 -15.73882652290968, 49.10087001145814 -15.562065895992946, 48.86862658532245 -15.617543604188567, 48.70706607654372 -15.439945980354413, 48.77829439816685 -15.20709109982454, 48.61692463532968 -15.028888504231178, 48.68819167152516 -14.796046481209682, 48.52701300401681 -14.617259845879518, 48.59831797615755 -14.3844539245249, 48.43733074602994 -14.20510444088792, 48.5086728804953 -13.972357942305191, 48.74031728259282 -13.919330138308624, 48.81101292390505 -13.687029381390012, 49.041477128823146 -13.634205226252963, 49.201390516339124 -13.813058824742864, 49.430811566861124 -13.75982301769024, 49.590359950112216 -13.937885557886743, 49.521036514329154 -14.16942886807796, 49.68076422248061 -14.346933322456973, 49.61148549198664 -14.578539273559771, 49.771392126772724 -14.755464765159166, 49.70215888278343 -14.987110439175066, 49.472325828886284 -15.042228135890133, 49.40244356171665 -15.274294110214427, 49.563089038689455 -15.450839374737125, 49.49325109536627 -15.682905647705288, 49.65407861994002 -15.858822238086455, 49.58428579246534 -16.09086599237014, 49.3529657967997 -16.14739907332874, 49.282517089329275 -16.379809037264955, 49.04998104622027 -16.436497407858404, 48.97887359033366 -16.66925238422745, 49.14100416639105 -16.84491227550053, 49.06993858990406 -17.077588192465434, 48.83603830957476 -17.135007139852856, 48.76430912439573 -17.367989426369306, 48.9271857935762 -17.543145048855585, 48.85549720415592 -17.77600849465155, 49.01856684818209 -17.950450240339343, 48.94691966412408 -18.183172351389324, 48.71149220838911 -18.24186154851544, 48.63917442415095 -18.47483355962467, 48.40252042274235 -18.533598266135755, 48.32952932408028 -18.766797710526284, 48.49390482809696 -18.940824460643068, 48.42095163034194 -19.173825683718686, 48.182908255888485 -19.23320341718977, 48.10927690257166 -19.466391925706052, 47.87000727647202 -19.525797848505647, 47.79569522117727 -19.759150573570686, 47.96136908888152 -19.932695834748483, 47.887091237476405 -20.16579346231675, 48.05297380888173 -20.338535629813443)), ((25.55366155503708 -34.0574023624982, 25.728895079027126 -34.23946104359903, 26.016980321108065 -34.21585824961007, 26.129229058679016 -34.01013065806076, 26.417100697760844 -33.9854612312774, 26.593314852829764 -34.166576233227104, 26.881535007608875 -34.14089773551404, 26.992947144085036 -33.93405704809914, 27.280892875776203 -33.90732339454336, 27.391788861489346 -33.69943062792137, 27.679432805941815 -33.671652431155294, 27.789803813529346 -33.462721419570464, 28.077118864700566 -33.43390982494986, 28.18695627769432 -33.2239548975966, 28.473915601489296 -33.19412157772541, 28.65160131646087 -33.374255545762914, 28.938739877451724 -33.34341545735748, 29.116995960314995 -33.52255051603032, 29.40427606733735 -33.49069704466826, 29.51273972963594 -33.27971679896447, 29.799572326520803 -33.246861564117516, 29.97848850429895 -33.42496963889511, 30.265392163720605 -33.39109941413337, 30.372831381718242 -33.17914853727817, 30.659229368031703 -33.14429481115039, 30.83872299664023 -33.32135610854752, 31.12512176411323 -33.28548746550235, 31.23149142861817 -33.07260400091085, 31.517327328725372 -33.03577170178927, 31.62308673855813 -32.82195395856908, 31.908335198806753 -32.78417311952426, 32.088338876248514 -32.960146163150604, 32.373486720865316 -32.9213584128894, 32.47811623591389 -32.7066723499267, 32.76262128679389 -32.66695823818091, 32.94299757753137 -32.84184753714212, 33.22733322922076 -32.80113058716654, 33.330792208387265 -32.585617955806136, 33.61443102508795 -32.54399827749169, 33.79509719725425 -32.71778993988244, 34.07849866384953 -32.675173083314455, 34.18074838931983 -32.45887689824561, 34.463400421182854 -32.415382340758306, 34.56498697011696 -32.198247685273486, 34.846867793227176 -32.15389322046984, 34.94778631794625 -31.935939463172392, 35.228874624028066 -31.890743270197866, 35.40950007323528 -32.06336194167092, 35.690225985108555 -32.01719317509031, 35.78987226270772 -31.798555918037845, 36.06975642862912 -31.751573074580428, 36.16871771619674 -31.532165085946534, 36.447740224902276 -31.48438732633166, 36.546012682528044 -31.26422916039716, 36.82415411131521 -31.21567597600557, 36.92173414233508 -30.994788526070266, 37.19897556008286 -30.94547972326029, 37.29585980909289 -30.723884209163714, 37.572182778756144 -30.673839893230483, 37.668368129440864 -30.451557848462077, 37.4888703910913 -30.279160340731536, 37.58499760844089 -30.05604577648228, 37.859981753272336 -30.005495798518318, 37.955410944228106 -29.781729826517047, 38.22944938991938 -29.730495641168208, 38.324177874403034 -29.50610062807204, 38.597253676535814 -29.45420319666509, 38.69127900456647 -29.22920177581765, 38.51288310303363 -29.055912923591872, 38.606860815024504 -28.83013501709491, 38.428799328353904 -28.655839050659864, 38.52272880053263 -28.42930056088578, 38.794068875097366 -28.377248684518243, 38.88730020769407 -28.15015554020788, 38.709843374745276 -27.97492400676821, 38.43888186932841 -28.026728749369813, 38.26148777985361 -27.85046096888989, 38.35531893215148 -27.622450878885818, 38.17825781468571 -27.445219380463325, 38.272038902275085 -27.216499195022106, 38.09531026570693 -27.038319423185406, 38.18904069553673 -26.808906886541223, 38.45886564046603 -26.75785648935288, 38.55191222297802 -26.527950325160898, 38.37576907965226 -26.348913331147997, 38.468767952996814 -26.11834892585865, 38.737274165021375 -26.067009818479843, 38.82959047256975 -25.8359922694751, 38.65403738043693 -25.656126934240987, 38.74630886979543 -25.424486387502036, 39.01349614999407 -25.372905085296697, 39.1050864830564 -25.140852654293756, 38.930127757306025 -24.960189297403865, 39.021676105993976 -24.727550191928447, 39.28754456393105 -24.675773611029463, 39.378413289186625 -24.44276458494347, 39.20405300779316 -24.261334924489063, 39.29488252580617 -24.027776568987246, 39.55943256990881 -23.975851937834875, 39.64958411618747 -23.741966254493924, 39.47582612542152 -23.55980336137103, 39.56594118540875 -23.32540665281186, 39.39249196051179 -23.142426405678933, 39.48256991312948 -22.907540082016105, 39.309429098109774 -22.72376187142772, 39.399469329375336 -22.48840771251129, 39.22663656293557 -22.30385136004424, 39.31663846590493 -22.068051504798813, 39.144113381531355 -21.882737254422903, 39.2340763562423 -21.646514189616124, 39.4959392522027 -21.595797612305574, 39.58523909022955 -21.359362544825288, 39.41330194017445 -21.173454991385995, 39.502565492193014 -20.936637984373107, 39.33093122515373 -20.750020863381767, 39.4201578921801 -20.51284520527051, 39.248826157957836 -20.32554006018964, 39.33801534780639 -20.08802934037932, 39.59791771401888 -20.038009378936156, 39.68645181219051 -19.800368665837986, 39.515702804753346 -19.612566028702965, 39.60420200361614 -19.374633011073325, 39.43375083381119 -19.18619352736482, 39.522214542277624 -18.9479924567129, 39.78051368636022 -18.898413352658814, 39.86832711368848 -18.66014640858377, 39.69845777634083 -18.47128018125254, 39.78623823399346 -18.232788762435533, 40.04327151274259 -18.183347646780312, 40.13040343883392 -17.944835607687992, 39.96111917468653 -17.75558491683919, 40.048220600812726 -17.51689233783714, 39.879225316279076 -17.327088472848175, 39.966295647807755 -17.088240409991855, 39.79758905257194 -16.897907112110097, 39.88462770129681 -16.658928799759146, 40.139763019027015 -16.610456996410306, 40.226161001017545 -16.371541551669484, 40.480356305691316 -16.32292016481321, 40.56611251521181 -16.08409338440075, 40.39828792582668 -15.893712911338225, 40.48401782063408 -15.6548195801369, 40.73695786353977 -15.60648680955056, 40.82204797417273 -15.36772680045274, 41.07403147523425 -15.319297103561075, 41.15848099963989 -15.080695754475698, 40.991565508383616 -14.890342685330348, 41.075993911986046 -14.651738261603478, 40.90935079374481 -14.460958879155376, 40.99375746630187 -14.222376955857538, 41.24419245186277 -14.174753719950992, 41.327963575704075 -13.936393140886583, 41.16191477429899 -13.74548179736105, 41.24566638671058 -13.507188056044631, 41.49485200892505 -13.459983996015291, 41.577970312777694 -13.221954785984911, 41.41251797976199 -13.030956741239184, 41.495618944406345 -12.793038458372255, 41.74355758918804 -12.746295214074761, 41.82602756250782 -12.508683986184632, 41.66117367814317 -12.317644577318426, 41.74362843765854 -12.080188028196341, 41.99032268856797 -12.033946168092267, 42.07214884776221 -11.796838452527695, 41.90789522549011 -11.605802997762893, 41.98970825005219 -11.368893286896858, 42.23516088117165 -11.323192235820564, 42.31634776695432 -11.086672313715786, 42.56082207959196 -11.041053784304363, 42.641382743755685 -10.804946347073075, 42.47808581144761 -10.614284886552928, 42.55863798627999 -10.378435630169898, 42.80187096768958 -10.33342358313489, 42.88179955746256 -10.098026289889932, 42.71911118659244 -9.907471208539144, 42.79903323220776 -9.672373928480102, 42.63658967445903 -9.48162063998164, 42.71650455154793 -9.246847949236217, 42.95825076920778 -9.20299345817824, 43.03754728421856 -8.96872775829257, 42.87570966142053 -8.77815763199763, 42.955000908162276 -8.544257321391154, 42.793404278550724 -8.35354623838785, 42.87268963729301 -8.120035407325805, 42.71133395047414 -7.929208324672917, 42.47033756649071 -7.97152267092176, 42.308872583917434 -7.780227255310306, 42.388752653671474 -7.546995773338645, 42.22753211846245 -7.355627441405154, 42.307401980401835 -7.122841104771015, 42.14642580337414 -6.931424819007081, 41.90524392789604 -6.972409771396782, 41.744181319548346 -6.780577773289427, 41.824629711997574 -6.548154533165168, 41.66381481904017 -6.356317910936075, 41.42223165549942 -6.396511020005535, 41.26134961483456 -6.204293771562544, 41.0191284363583 -6.24419759538737, 40.85819518500273 -6.051616623318126, 40.93978360986955 -5.819535470754544, 40.77910462449185 -5.627012054623865, 40.53654605406541 -5.666166750254209, 40.37583514035549 -5.473315587825013, 40.132689613615156 -5.512201338713131, 39.97196282877201 -5.319039908335292, 40.054652977599545 -5.087405260358882, 39.894186650670605 -4.894363907121304, 39.97684884646091 -4.663306434539532, 39.81664272963965 -4.47040975011146, 39.89927646830813 -4.239951838281633, 40.141566068010434 -4.202414019173203, 40.22362190119583 -3.9725946280379207, 40.06393884833267 -3.780295015341136, 40.1459682881744 -3.551111388649416, 40.3871300409663 -3.514247650822636, 40.468583162860966 -3.2857350464186945, 40.30942567385293 -3.0940711959099616, 40.39085442614635 -2.86622933435329, 40.63088955828087 -2.8300683311400863, 40.71174365446237 -2.602928615020062, 40.95092252696301 -2.567032672194843, 41.03120123841475 -2.3406122373539704, 41.26951427702434 -2.3049944608740622, 41.34921700897189 -2.079309983664012, 41.58665495463515 -2.043983130098265, 41.665781244005814 -1.81905082395978, 41.90233515115827 -1.7840272966683737, 41.98088466439356 -1.559862909305894, 42.21654589906649 -1.5251547551583484, 42.29451842989252 -1.3017735662985626, 42.13739545433148 -1.113068846389436, 42.21535761657037 -0.8904516833775865, 42.44987747441564 -0.8565719441501778, 42.52726488611012 -0.6347637002517277, 42.76088136363401 -0.6012289253685686, 42.83769403515652 -0.3802436041112916, 43.07039938899834 -0.3470645132845408, 43.14663745073469 -0.1269156470470378, 43.378424238105424 -0.0941025963509177, 43.454087938121546 0.1251967533477355, 43.68494901415818 0.1576337719879492, 43.76003871584129 0.3760710136916405, 43.604840717150466 0.5621117057788281, 43.67993072977643 0.7797167176157617, 43.90964611496253 0.8112403852109632, 43.984164755563 1.0279622465156315, 44.212946461189915 1.0590857286243156, 44.28689428434572 1.2749131152425903, 44.5147360036201 1.3056277465918893, 44.588113671810675 1.5205497972522437, 44.81500938250679 1.550847272298441, 44.88781766370687 1.7648535856916192, 45.11376162494287 1.7947259567820009, 45.26708787119523 1.6111379587560268, 45.49226095331335 1.6411292979343266, 45.56392045186266 1.854155574101137, 45.78812590024907 1.8837110834729636, 45.8592169710555 2.095800107513501, 46.0824499134346 2.1249126743903854, 46.15297375546095 2.33605553138017, 46.37522958811067 2.3647183928291935, 46.44518749375112 2.574906610734218, 46.66646187774421 2.60311335015966, 46.735855230369765 2.812338894925659, 46.956144087739204 2.8400834383478406, 47.02497435924738 3.0483387086792897, 47.24427386908286 3.0756153207273935, 47.31254261745448 3.2828931425749075, 47.53084921193502 3.3096964222106733, 47.59855807880007 3.5159900429852278, 47.44854491452264 3.6955481047374397, 47.5162794788304 3.9009186755159213, 47.73344405315942 3.9266651518642783, 47.8006221790763 4.13104035809327, 48.01679229077962 4.156301285295637, 48.08341574674597 4.359675488369597, 48.29858851059518 4.384446638286717, 48.364659141554114 4.586814597803055, 48.216138973368004 4.764474722237115, 48.28223976011611 4.965894312882524, 48.49628025646817 4.989592536992084, 48.561831758123674 5.189997348919585, 48.77487451427612 5.21319652821809, 48.83987868902045 5.4125823693000825, 49.05192146175693 5.435279376953231, 49.11638033737907 5.633642427450502, 48.96937504754072 5.809366543741461, 49.0338682447331 6.006760508155114, 49.244789715965055 6.028374699512115, 49.308741232850394 6.224739807598505, 49.16234720152997 6.3995419197199075, 48.95154590821406 6.37849935631984, 48.88701898474102 6.18208456263766, 48.675224787440214 6.160534451800694, 48.61015567699906 5.9630914001548065, 48.75745612804596 5.7872460402121755, 48.69241918765377 5.588826415081836, 48.479504893695605 5.566202257893387, 48.41392221467271 5.3667605276489265, 48.200014842473706 5.343635661863093, 48.1338844991198 5.14317574953807, 47.918986571434345 5.119553412617058, 47.85230671006801 4.918079615993418, 48.001103207153164 4.740280876425902, 47.9344512490442 4.5378510788140005, 47.718422914553514 4.513165336350828, 47.65121797305264 4.309730290235891, 47.434200007220085 4.284556683620381, 47.366440346874555 4.080121741102579, 47.14843592604015 4.054464615622903, 46.998344204888525 4.233808711158005, 46.779513955485925 4.208234909260399, 46.62918126152482 4.387705008578258, 46.40953954081431 4.362208378629434, 46.34006841153055 4.156689240372884, 46.11946125187407 4.130718063218719, 46.049432973248315 3.9242139714028554, 45.82786464130078 3.8977734734750955, 45.67649918253633 4.078380908590816, 45.454152958808436 4.052015750082034, 45.38299438272222 3.8445055059856865, 45.15970140823359 3.8176789839421263, 45.087984145188784 3.6091997627084464, 44.86374951036487 3.581917889555441, 44.791472620036814 3.3724774748713995, 44.566301681585884 3.3447466017348324, 44.49346432135445 3.1343532126264178, 44.26736270555941 3.106180032831531, 44.114299625962104 3.2889205161925434, 43.88747855743398 3.2608266473115846, 43.81351638719474 3.0494791352208064, 43.585782006189675 3.0209528933264322, 43.43222215660302 3.2042807867845915, 43.20379742905493 3.1758302754679155, 43.05011249548278 3.3592245010585517, 42.82101536530158 3.3308431401217224, 42.66721888131366 3.5142872992020635, 42.74284588160904 3.7256059303848197, 42.5892685945615 3.908578054819759, 42.35974589135955 3.880735631804372, 42.283573200907426 3.6694460215940405, 42.05318627458112 3.641182829376641, 41.97646117769915 3.4289719219998847, 42.13066512426943 3.244990778322892, 42.053928898020644 3.0318335815982573, 41.82244621902015 3.0026913209071853, 41.74515552896631 2.788630382731711, 41.51281900294981 2.759089126057519, 41.358019239458116 2.9440710419220393, 41.125087180176706 2.9145949184471998, 41.04670632520589 2.699683035687638, 40.8129426839956 2.6698202274628042, 40.65781718956532 2.85531561307982, 40.42349202799261 2.825514463817658, 40.34403273323261 2.6097803193101146, 40.49942444470011 2.423790423441558, 40.41994215513455 2.207134906415829, 40.18454227170673 2.176527273805906, 40.02889288441122 2.3630091749134943, 39.79296097105126 2.332470311154499, 39.637309549436 2.5189511097481203, 39.40086646145204 2.4884740730131245, 39.2452277081656 2.674936455689177, 39.008294526777064 2.644514231146378, 38.92671851711074 2.427226104956166, 38.68902770678051 2.3964576026392326, 38.60691371858647 2.178341378798382, 38.36847592654121 2.1472373745089373, 38.285825439027946 1.9283068208699625, 38.04665160030697 1.8968784314996576, 37.89042968169136 2.084761482307161, 37.6508360043307 2.0533922727205542, 37.567161131308836 1.8337691271522405, 37.723567562243915 1.6454064573120044, 37.63984904375326 1.4248903883974247, 37.79651969517175 1.2360129815797591, 37.712757922963874 1.0146205518625295, 37.86969317043821 0.8252485647235795, 38.110201703355415 0.8577444257465121, 38.26720859944302 0.6683695881451169, 38.18390216011974 0.4460289082713841, 38.34117141433154 0.2561977275385229, 38.25782544561034 0.0330216206634013, 38.01670722614358 -0.0002420522323399, 37.93281808949877 -0.2241596612121782, 37.69096470267618 -0.2576921203559186, 37.606534197384036 -0.4823347126264596, 37.76445488572037 -0.6735266578466289, 37.6799801877672 -0.8989627360870756, 37.43708760251181 -0.9331225625081141, 37.35207090199293 -1.1592541905943325, 37.5104430371816 -1.3513059905462579, 37.425379965459115 -1.5781992292219669, 37.584024560645446 -1.7706314209146667, 37.49891551649364 -1.9982664430572974, 37.254663296635414 -2.0333933117036325, 37.16900909274307 -2.2616796019672303, 36.92404133459496 -2.297007422355806, 36.837844135556054 -2.525926133973616, 36.59217356587598 -2.561440203587341, 36.50543568200197 -2.7909720644293845, 36.259075328600176 -2.826657385389447, 36.17179921709098 -3.0567827054789127, 35.92476240750992 -3.0926239929193904, 35.836950673537075 -3.323322672575115, 35.589251033481986 -3.359304363560227, 35.50090643118102 -3.59055590216377, 35.66073324559136 -3.785923670536276, 35.57232704811844 -4.017809660331218, 35.73244484209869 -4.213484028764746, 35.6439773860283 -4.4459821127005394, 35.80438670315161 -4.6419387683890125, 35.715858329842206 -4.875026237846561, 35.46644386239234 -4.912069174093957, 35.30591555637153 -4.715709704223791, 35.056210800841484 -4.75252551730871, 34.96667550188019 -4.986002759877943, 35.12731139560424 -5.182759776653113, 35.037709654871605 -5.416793866682074, 34.7870068969803 -5.453971493353901, 34.62627496054813 -5.256822320921601, 34.716339487365644 -5.022888639647551, 34.555907549771916 -4.826006038978806, 34.6459025511885 -4.592636000079504, 34.485769994707624 -4.396044748958317, 34.575695174658335 -4.163261502072588, 34.825298599157094 -4.126954613772372, 34.914700075459734 -3.8946604153181523, 35.163683316065544 -3.8584456705267502, 35.25255788269726 -3.6266621651425424, 35.092911028851034 -3.4312072213859386, 34.844288142225764 -3.4671239870210613, 34.75495403742994 -3.6987926767714683, 34.50571644717371 -3.734812462561568, 34.34618079404683 -3.538877160597624, 34.09671420225243 -3.574709147489172, 33.93740519459615 -3.378725764267527, 33.687735021295225 -3.414377217724431, 33.59700031704011 -3.6462728550424863, 33.346771253219146 -3.682000146318665, 33.25553164911719 -3.914367268805414, 33.004759230495154 -3.9501537482846074, 32.9130185657873 -4.18297016118426, 33.072470048628475 -4.380157990635963, 32.98064775010792 -4.613564176325486, 32.72895604949383 -4.6496204012396465, 32.6366339231063 -4.883436566055226, 32.384425549374896 -4.91950626506551, 32.29160772881926 -5.153709299897504, 32.03889905420843 -5.189775071821375, 31.945589823954123 -5.424341570104771, 32.10539116553824 -5.6230119781053975, 32.01199219721906 -5.858093254555185, 32.17210942509584 -6.0570673911955675, 32.078620900911744 -6.292639271787023, 32.239054806725676 -6.491891904684615, 32.14547691303767 -6.72792991529647, 32.30622828843332 -6.927435564240873, 32.21256121581075 -7.1639149461467255, 31.95773395882344 -7.2007339144749745, 31.796986053143712 -7.000877787686522, 31.542086307488205 -7.037425180340459, 31.38167667028779 -6.83746643624344, 31.476145727813673 -6.601310954950918, 31.31605743429509 -6.401619357889289, 31.06153074817547 -6.437734841975378, 30.966676407472676 -6.673709305048657, 31.12673137875879 -6.873750063685342, 31.03177907970897 -7.110160496702568, 31.1921576434234 -7.310462626617206, 31.44752224713764 -7.274010177356603, 31.60825406844083 -7.474210353355914, 31.513595163117202 -7.711199719663008, 31.674650009332424 -7.911615392722809, 31.930380147281625 -7.874702804723506, 32.091770210625214 -8.074975757873943, 31.997421451010098 -8.31249260191779, 32.15913381786601 -8.51293472615986, 32.06469359573691 -8.750798186258196, 32.22672908263985 -8.951383083582513, 32.483201125343214 -8.913777373376263, 32.645551720427704 -9.114158405988203, 32.901905133743014 -9.07621982813967, 32.995498080980724 -8.838112118118229, 33.25130309561712 -8.800057819156654, 33.344374793848715 -8.562173777607073, 33.18208006470866 -8.362452490620297, 33.27506941365937 -8.124920288913144, 33.11309093104347 -7.925333910060993, 32.85808887216007 -7.96294127703012, 32.69639684116322 -7.763170700835266, 32.441263484949246 -7.8004779577123395, 32.27987479566056 -7.600543625478024, 32.37363085239201 -7.363647899644731, 32.62835865073549 -7.326549678748266, 32.78973335062193 -7.526138965130595, 33.0443347101843 -7.488753957406797, 33.13715863117858 -7.252002050034201, 33.391211349591 -7.2145576689776485, 33.552832838284075 -7.413631252796321, 33.80671026876945 -7.375898666772004, 33.968588141449516 -7.574787696127617, 34.22226350168319 -7.53675978219407, 34.384380773951506 -7.735444161705097, 34.29289663148586 -7.972507365363384, 34.03883631445862 -8.010796381190277, 33.94681918049048 -8.248157932050281, 33.69216100562443 -8.286387330375675, 33.599614632478335 -8.52402257576474, 33.762176862189335 -8.723519146682278, 34.0172260524983 -8.685040137865155, 34.18003858573053 -8.884291787588909, 34.43486996718471 -8.845478070827848, 34.5979155213584 -9.04446474164137, 34.85250199824088 -9.005309610351071, 35.01576321625123 -9.204011406472372, 35.27007777494569 -9.164508356064577, 35.433537236246934 -9.362905557904392, 35.34279478984246 -9.601137276776845, 35.088105184547146 -9.640929768140598, 34.99680824639091 -9.879416340561399, 34.741460189207885 -9.919125114325238, 34.577792492086644 -9.720069305294542, 34.3221885530447 -9.759410592875641, 34.15874948611281 -9.560049453119627, 34.250994620901565 -9.32167447301634, 34.08786916266638 -9.122354770764023, 33.83242853585517 -9.161084107405937, 33.73972405454015 -9.3993832773844, 33.48369045088353 -9.43800935069938, 33.39045480669088 -9.67651943683177, 33.13384479473547 -9.715023250954717, 32.97087578529258 -9.514791107241855, 32.71411457454883 -9.55294136125168, 32.55144176234421 -9.352464444284784, 32.29455701284323 -9.390268386867266, 32.199934444121624 -9.62874721795654, 31.94253570139327 -9.666397531418125, 31.847405084124944 -9.905023442137109, 31.589509966596836 -9.942501069416583, 31.4938760244614 -10.181248186881056, 31.235502420741057 -10.218534024453396, 31.139370038576544 -10.45737633434145, 30.8805361018687 -10.494451249176773, 30.718271358577283 -10.29253754035226, 30.459434698432233 -10.329250203110094, 30.362426406199745 -10.568008062479796, 30.103171601570182 -10.604485017102014, 30.00568339982442 -10.84327937613441, 29.746029291888703 -10.879501581011262, 29.64806669829062 -11.118306135442298, 29.3880323644656 -11.154254579798948, 29.289601052154637 -11.393042966808318, 29.029205799106506 -11.42869868815409, 28.930311595423888 -11.667444505797652, 29.092158199596383 -11.870713827974734, 28.993146695062762 -12.109575441904568, 28.731946018971684 -12.144983550991892, 28.632474715744394 -12.38375588596245, 28.794543653958783 -12.587298791334641, 29.056209388450753 -12.551826485097225, 29.218746749131128 -12.755131212525981, 29.11950076074956 -12.994143363172206, 29.28238506693438 -13.197424924617996, 29.54462307721255 -13.161456968937005, 29.643511649320573 -12.92228643547846, 29.905368902057546 -12.885970860526513, 30.06879269285767 -13.088734182070652, 30.33070250101133 -13.051984165751566, 30.428732666660324 -12.812577481946539, 30.69021752197142 -12.775504610730474, 30.787753017250026 -12.536033756943088, 31.04879373169561 -12.498657408007109, 31.212739285513692 -12.700619163137992, 31.115601775473124 -12.940209472193205, 30.85411784664376 -12.977719267796031, 30.75647728106989 -13.217251813316075, 30.494543879592783 -13.25444452148567, 30.39640563578871 -13.493892640945345, 30.134042018938857 -13.530748831630095, 30.035411639711526 -13.770085858747304, 29.772637320395006 -13.806586187436125, 29.608955349579418 -13.603656370231521, 29.346254201959766 -13.639702868505712, 29.18302190277288 -13.436471744168367, 28.920422979255704 -13.472073016002536, 28.82059123884727 -13.710969564570894, 28.55765147335623 -13.746185208468598, 28.45735732980924 -13.984904979390409, 28.194097012658915 -14.019716189360718, 28.031610633361993 -13.815770085673675, 27.768531704270345 -13.850135073905607, 27.66746078377841 -14.088468737114784, 27.40410710633094 -14.122405984281086, 27.302596123628547 -14.360504132157624, 27.464746902805814 -14.564854431469913, 27.36310413563055 -14.80288562935206, 27.52561201721585 -15.007152965869121, 27.423837415382224 -15.245090280846638, 27.15924746988651 -15.278572776908726, 26.996927031149227 -15.074121634955722, 26.732591499574312 -15.1071304190626, 26.630083317621967 -15.344571843308469, 26.365531676193626 -15.377084839905582, 26.26260132946672 -15.614192603565437, 25.997855001970606 -15.64619219501554, 25.89450970980357 -15.882940690263357, 25.629590276522435 -15.914409514552993, 25.525837398125077 -16.1507733376851, 25.687265033956038 -16.35587937273317, 25.58336601970285 -16.592049248710154, 25.31778221555396 -16.622897653921072, 25.21348031723312 -16.85863796605152, 24.94776308062697 -16.888908217492062, 24.843065954292854 -17.124194152466863, 24.577237389696904 -17.15386982631263, 24.472152823949358 -17.388676839466257, 24.633129133744347 -17.59402819937527, 24.527889915598593 -17.828556560996628, 24.689236374589825 -18.03372145885013, 24.956110974376287 -18.004242735682, 25.118113547566338 -18.209085785949092, 25.385390495261618 -18.17907000888993, 25.54803370204189 -18.383568390508973, 25.44313439508835 -18.61819328312509, 25.606149543088435 -18.822437732509194, 25.874320164803578 -18.791943353067303, 26.03796016015886 -18.995800012016083, 26.30647205634756 -18.96473282897124, 26.470720628812472 -19.168179233771284, 26.366225315528425 -19.40280211152389, 26.530847045353482 -19.605927825275874, 26.80018623062074 -19.574318259657662, 26.96539969698722 -19.776991263663067, 27.235016977800456 -19.74477428515066, 27.40080514915391 -19.946972606341834, 27.2967788413834 -20.18149552376169, 27.02664766679203 -20.21368607105036, 26.922166553293323 -20.447662201358852, 27.088129655394994 -20.649576872476047, 27.358776059155247 -20.617412051557974, 27.525313034898232 -20.818812302275937, 27.796199881314067 -20.78600273071494, 27.96329312801666 -20.98686708407173, 28.234389172239872 -20.953403272070123, 28.402020794792804 -21.153710524101214, 28.67329455519763 -21.119583316802597, 28.8414463767931 -21.31931255278075, 28.73818256370629 -21.553270936560775, 28.906708510459225 -21.752505566450733, 29.17862922553013 -21.717677142757704, 29.34765592736349 -21.916294160308883, 29.24463981999739 -22.14983783546649, 29.414040815738275 -22.347917343237064, 29.310899163135872 -22.580947987924407, 29.037973171646115 -22.615835859115627, 28.93432267686032 -22.848271948211963, 28.66102122253264 -22.882465071978743, 28.556868769271176 -23.114282925817687, 28.28321459012497 -23.147764067179942, 28.178567244627573 -23.37894034295213, 28.34793339162283 -23.576707228131355, 28.24315058858906 -23.80729611989116, 27.96864598981503 -23.840041587582697, 27.863372243325017 -24.069949245293966, 27.588555892579734 -24.10193715067197, 27.4827986440811 -24.33114119711246, 27.652198963969738 -24.52843600058652, 27.546299629892815 -24.75699831066774, 27.716088388793025 -24.95366448159537, 27.61004692365927 -25.181564203270714, 27.780225440415848 -25.377580049675885, 27.67404180249116 -25.604796758052125, 27.397335776729562 -25.635924208397785, 27.2273521709067 -25.439862151670802, 26.95090677611816 -25.47020473133748, 26.843908186285034 -25.696569253835417, 27.013680541859003 -25.892671650495306, 27.290666324792568 -25.862368540021702, 27.4610429189687 -26.05775545237332, 27.738285550967646 -26.02665470176203, 27.909247554600597 -26.221306462522882, 27.80277946117539 -26.44709762275403, 27.974135201085318 -26.64103646541081, 27.867524832747563 -26.866085987694266, 28.03927564229133 -27.059291905041235, 27.93252297290269 -27.283581156991126, 28.104670189004082 -27.476034583833698, 27.997775196483758 -27.699545398944636, 28.17032015960723 -27.89122721915541, 28.063282825996993 -28.113941902617526, 28.236226880120654 -28.304833455557368, 28.516375916443764 -28.272979756261783, 28.68988217857958 -28.4630354336006, 28.97019891213074 -28.43030535334136, 29.144247153868122 -28.619507585430725, 29.03783990330453 -28.841468727357995, 29.212286644078887 -29.029831885344812, 29.493267246423727 -28.99620169696257, 29.66823423413902 -29.183679413620943, 29.562103841034002 -29.404815822791033, 29.737469386175263 -29.59142274432786, 29.631207637071356 -29.8117033460226, 29.349160901255118 -29.84536862168859, 29.242348368467987 -30.064771872073887, 28.959879861845025 -30.097526203656017, 28.85252400242109 -30.316033531610007, 28.56965868136595 -30.347862392117065, 28.46176716338337 -30.56545568273433, 28.178530278796217 -30.596345023995955, 28.070110978983905 -30.813006626845684, 28.245310187713983 -30.998804855516376, 28.136744876433966 -31.214548854175533, 27.852602826709955 -31.244464067308343, 27.743514168282587 -31.459248339079565, 27.459046125144056 -31.48818776742573, 27.349442425481783 -31.70199592663446, 27.064674578872683 -31.72994716040364, 26.95456434630185 -31.94276330853545, 26.66952313552764 -31.96971445326482, 26.55891507749888 -32.181523184428386, 26.733685129211324 -32.36642716193285, 26.622916477531533 -32.57726459421693, 26.337045481180155 -32.60314770093145, 26.16253019738079 -32.41824927325765, 25.877022506189434 -32.44316664963322, 25.765445698286328 -32.65291632331778, 25.479745321045755 -32.6768010807792, 25.36769796849626 -32.88550012101002, 25.081832204241977 -32.90834248451776, 24.969323773596926 -33.115977498308084, 25.14296691545016 -33.3008366693551, 25.03028374436269 -33.507465207615276, 24.743676708034343 -33.52916478284128, 24.630538651772127 -33.734708409909636, 24.34381666378559 -33.75533942380657, 24.230233580962732 -33.95978608554037, 23.94342459181894 -33.979340558390156, 23.770815307788837 -33.79455523208086, 23.484564334645512 -33.813141130183304, 23.370309773362948 -34.016396348698294, 23.084032285454754 -34.03389914294053, 22.91263240810514 -33.848272574533475, 22.626979530595804 -33.86481994211041, 22.51210758379227 -34.06685911773457, 22.683090711791806 -34.25244425388567, 22.969366573588104 -34.23603106043719, 23.141197122647895 -34.42074748418494, 23.4280957331477 -34.40336783496067, 23.542538609739154 -34.20114921471932, 23.82940651318586 -34.18267871344202, 24.002446450400726 -34.36653965706154, 24.289870021150534 -34.34708962764286, 24.46370271344199 -34.53004084458246, 24.751646671103714 -34.50959993863871, 24.865141877991277 -34.306114848347214, 25.1529613507837 -34.28458933036783, 25.265994681577297 -34.08000428653117, 25.55366155503708 -34.0574023624982), (35.46881195927245 -8.016194853591683, 35.558805474086206 -7.779324571926435, 35.81104331545073 -7.740359371823394, 35.900484749264315 -7.503847926468311, 36.152036624828845 -7.464890536049933, 36.31450164692772 -7.662122113957984, 36.22555682231236 -7.898672788384844, 35.973648072595076 -7.937953604851327, 35.884145400436495 -8.174869049461858, 36.04704901832616 -8.372536586044273, 35.95748547563798 -8.609830827036939, 35.70452189815084 -8.649420519459513, 35.54148717401661 -8.451402334974727, 35.28820944654751 -8.490657208536605, 35.19759994520818 -8.728230167759987, 34.943660155950916 -8.767444480210946, 34.780706772277156 -8.568796977712305, 34.87179504935936 -8.331281262132094, 35.12536035326672 -8.292354905976497, 35.21590286981955 -8.055149771373554, 35.46881195927245 -8.016194853591683), (36.578064736564286 -3.215282856270818, 36.664856122629736 -2.985071578766224, 36.91085940713529 -2.9492060336126364, 36.99710744494841 -2.7195935403626805, 37.24240229155593 -2.6839045500969596, 37.40177417872673 -2.877465655402162, 37.64666931460406 -2.841595066385773, 37.80613370370984 -3.0350311648294817, 37.720889183302944 -3.2647685568030336, 37.47567258396075 -3.301014585648634, 37.316023984116825 -3.1071466707586066, 37.07040200513598 -3.1431991606278022, 36.98410351442433 -3.373484211352971, 36.73776743556777 -3.409703445457411, 36.578064736564286 -3.215282856270818), (33.10952492697536 -10.392949764456288, 33.20337221264851 -10.153999711508984, 33.460385475515245 -10.11527031137193, 33.62395257406128 -10.315265712796545, 33.880781771596524 -10.276162405082479, 34.04460828900624 -10.475852036263493, 33.95166871734804 -10.714951524393454, 33.694441051591255 -10.754294181788907, 33.530554018904574 -10.55429717855172, 33.27313701093689 -10.593252641201952, 33.10952492697536 -10.392949764456288), (25.745159154079747 -16.797013674901507, 26.011097925417875 -16.765662380186196, 26.11472998227311 -16.52928862119815, 26.38048732868325 -16.49737935951102, 26.483698737737072 -16.260606574659068, 26.74925286544844 -16.228156597171786, 26.912095627464478 -16.43251084415645, 26.809174339152218 -16.669469802640553, 26.972380957344118 -16.873647263623262, 26.869321798351972 -17.110392339034625, 27.03289349966255 -17.314366213306183, 26.929696390551886 -17.550871119628173, 26.662628568498555 -17.583229723579624, 26.499266975570343 -17.379112871590195, 26.232493124470622 -17.410933637176893, 26.06972433255445 -17.20646594358356, 25.80327377188206 -17.23775921956229, 25.641113853713886 -17.032963224493738, 25.745159154079747 -16.797013674901507), (31.145829181380282 -12.259149001389563, 30.982221631171807 -12.057142527837225, 31.079154873095455 -11.817743024636933, 31.339295453252728 -11.780229406928576, 31.435726431617084 -11.540839038661435, 31.272419567616684 -11.339088296091568, 31.36875116936902 -11.099853832259583, 31.62798449542813 -11.06224905576296, 31.723811762314703 -10.823070127718063, 31.982555870201384 -10.785246994466664, 32.145895457858174 -10.986430245076876, 32.05048397750169 -11.225723096830965, 31.79131436405878 -11.263719521527088, 31.69539069450233 -11.50307431026157, 31.85905282457496 -11.704540450918625, 31.763032931354076 -11.944044275224954, 31.502937019812144 -11.981969232102939, 31.40640682603838 -12.22148861036945, 31.145829181380282 -12.259149001389563), (34.1029544416371 -5.997799098299752, 34.0117667906979 -6.233083646342287, 34.17296173355664 -6.431230858757744, 34.081699533047534 -6.666997147811548, 33.8287929054776 -6.704505692774791, 33.66753469971976 -6.505988916321806, 33.75924392726284 -6.270334056511422, 33.59829451977555 -6.072042001195694, 33.68992610474703 -5.836875678216051, 33.942065613172424 -5.79988228324071, 34.1029544416371 -5.997799098299752)), ((56.91388573319901 -20.52161089577347, 57.10136755214418 -20.690775892970805, 57.35127762202728 -20.616488291471306, 57.540126082682605 -20.78557665597077, 57.79079567765058 -20.710600890633323, 57.85162876666516 -20.46645707634896, 58.10205111308039 -20.390718352176464, 58.16226521533136 -20.146343446592347, 57.97267107988566 -19.97829823963131, 58.032882164836394 -19.73430254351223, 57.84425371031014 -19.566707852384695, 57.595779023419425 -19.64257928270679, 57.53496508445659 -19.885978801700652, 57.28625904343872 -19.961114400826567, 57.224837483119785 -20.204294649217385, 56.97591432436178 -20.278675456885143, 56.91388573319901 -20.52161089577347)), ((47.71208170144001 -10.24831497662414, 47.94231463076105 -10.200886238648938, 48.013329127494984 -9.97031871886709, 47.854769320203985 -9.786883236465812, 47.925815556316934 -9.556624434940206, 47.76744673061887 -9.372880436256228, 47.53753878104564 -9.419058848092426, 47.465837501706005 -9.649605582569952, 47.23481722518622 -9.696055529052694, 47.16248990789791 -9.927203763892939, 47.32183700914811 -10.11161806076932, 47.553026085295414 -10.06455021950944, 47.71208170144001 -10.24831497662414)), ((51.02286734669093 10.754930969852257, 50.90513092750223 10.56846298845165, 50.99021255128454 10.39528052719938, 51.192198899912285 10.408347421228148, 51.30971076584643 10.594027001616082, 51.22546222875337 10.767426009776141, 51.02286734669093 10.754930969852257)), ((51.1800548814131 -9.93979623889006, 51.1148882640621 -10.166442111887864, 50.894244533206404 -10.215052633725016, 50.82846279301057 -10.442354974318505, 50.98399286643951 -10.620673270806044, 51.204741038858 -10.571380975566568, 51.26985431888082 -10.344452753714627, 51.48941968225881 -10.295505433505454, 51.553919419495685 -10.069235556345543, 51.39952101207018 -9.89153640465977, 51.1800548814131 -9.93979623889006)), ((13.423020261575516 -10.090449718022903, 13.286113112834812 -9.888076466255999, 13.391664829747441 -9.663108733173589, 13.25507038164281 -9.461235347412545, 13.360431119392416 -9.236341964678703, 13.224148058587957 -9.034990801361978, 13.329318441556893 -8.810195889059635, 13.570867010088875 -8.786219393039023, 13.675941004194385 -8.561008510421015, 13.539375319219602 -8.360313050177664, 13.644260660109296 -8.135243425232483, 13.508005207736488 -7.935121295759634, 13.267453452803807 -7.95994962530166, 13.13209675023603 -7.760296419639733, 13.23669978901927 -7.535940208389226, 13.101649296486784 -7.336895738693892, 13.206064451932463 -7.112732972128091, 13.071318893867385 -6.9143180763499075, 12.832751307515167 -6.939934459664736, 12.698903188134324 -6.742031568770075, 12.803026752488961 -6.5186497554634215, 12.66947954218233 -6.3214099645202015, 12.432407025040192 -6.347415355502379, 12.29975826554184 -6.15071536900545, 12.403581158763927 -5.928152473458555, 12.271229266688437 -5.732147818197852, 12.37486543514126 -5.50985560235467, 12.242809178290912 -5.314565445190374, 12.346259238442542 -5.092566153162147, 12.214497391788342 -4.898009284089075, 11.979885321904675 -4.925295694235236, 11.849016912998138 -4.731328246698165, 11.95215834090203 -4.510235925712155, 11.821580325104094 -4.317031279566708, 11.588465004791146 -4.344757812753469, 11.45878061255533 -4.152166363184558, 11.56160517933759 -3.9320148964954917, 11.432207155025935 -3.7402143900701943, 11.20059261856963 -3.7683990753644245, 11.072088044009604 -3.5772341608807885, 10.841512216235913 -3.605449804660974, 10.713903452504809 -3.4149320436889337, 10.816255211374369 -3.1963683320705627, 10.688925904244314 -3.0066777269010085, 10.459861478300922 -3.0353811250424427, 10.333427145376618 -2.8463579712984983, 10.105418328050888 -2.8751111140874457, 9.979880735631241 -2.6867658744077434, 10.081728893429926 -2.4698405190337334, 9.956463782112138 -2.2823556123905107, 9.729974573502886 -2.3116227709496155, 9.605604743126179 -2.1248339975178627, 9.707098524071199 -1.9089561556093881, 9.582997118669311 -1.7230503885954607, 9.358028351586427 -1.7528439749471556, 9.234820466151234 -1.5676512107926988, 9.335953528683405 -1.3528479787907184, 9.213010022424356 -1.168559515429172, 8.98956192897927 -1.198890637876527, 8.888613754722485 -1.4130509912372042, 9.010927200936123 -1.5975220709707665, 8.909796538315078 -1.8121214530155676, 9.032372464309589 -1.9974901997103176, 9.256712607767668 -1.9680846022942613, 9.380185956080311 -2.1541678647617797, 9.278686900744475 -2.3698269789174664, 9.402426802026923 -2.55678651832525, 9.62829733665248 -2.527917160252926, 9.752936695761775 -2.7155744025972948, 9.651075372015328 -2.932265911525787, 9.775985370128723 -3.1207766690912693, 10.003385989473145 -3.0924313428204457, 10.129197186706278 -3.281621643486009, 10.357665604500767 -3.253325482539302, 10.484376482176117 -3.4431849114480353, 10.381995754935815 -3.6615016513674457, 10.508984320893802 -3.852181351609934, 10.738975613425453 -3.8243832445561705, 10.86686499012896 -4.015711837031026, 11.097908012406009 -3.987944153357026, 11.22669609392122 -4.179910123666871, 11.123826081967536 -4.399801328985237, 11.252898846152505 -4.592551304450298, 11.48545515134407 -4.565252346041839, 11.615427099353667 -4.758617367749693, 11.51223133760763 -4.979433640175863, 11.642492036215884 -5.1735544657180785, 11.8765581645047 -5.146706392323087, 12.007718173110703 -5.34141855449532, 11.904204666865496 -5.563125835207756, 12.03565748883645 -5.7585642374233865, 11.931957011623183 -5.980546050305455, 12.063703867751116 -6.176691838376876, 11.959815794659704 -6.3989258890482255, 12.0918579129156 -6.595759837948851, 12.32839678786911 -6.5702264452849155, 12.461343654209145 -6.767602228404282, 12.357145451185204 -6.990638798324059, 12.490391671059541 -7.188670485320966, 12.728440094172583 -7.163537428117222, 12.862590380319062 -7.362083222178085, 12.758090899723868 -7.585884233337155, 12.892544617690277 -7.785052389863428, 12.78785624891188 -8.009028132788947, 12.922614671168787 -8.208797778134961, 13.162661916714569 -8.184475793600019, 13.298326112331011 -8.38471656907787, 13.193345462379284 -8.609389026316627, 12.952801197087524 -8.633274696525142, 12.84773317843019 -8.857529247080304, 12.983104856614972 -9.058437975050657, 12.87784607087255 -9.282796276383156, 13.013526315798543 -9.484241991344701, 12.908076131261993 -9.708680082957024, 13.044066245608406 -9.910640698517145, 12.938424027845173 -10.1351344951682, 13.074725321981504 -10.337587653703128, 13.317276938488192 -10.315467561491907, 13.454498108918926 -10.518318058053913, 13.348562550005653 -10.743361667883494, 13.486099070954111 -10.946666537182326, 13.73017344949261 -10.924853175779798, 13.836199932463103 -10.699298685545559, 13.698063424277933 -10.496068836577491, 13.80389817135233 -10.270534301536529, 13.66607847469092 -10.06776610011012, 13.423020261575516 -10.090449718022903)), ((30.97178288137701 -8.459995382673709, 30.81079391286724 -8.258923410016571, 30.906425721398023 -8.02152420959162, 30.745764313931318 -7.820655701427265, 30.8412956075949 -7.58362309018835, 30.6809608716662 -7.382984183743856, 30.77639152634933 -7.146343660050314, 30.616382573281328 -6.9459602849552935, 30.711712468745873 -6.709737102059665, 30.552028410723295 -6.509634963010621, 30.297072662524926 -6.545414979279026, 30.137775605282854 -6.3452721098447835, 29.882854807692723 -6.380812500413404, 29.723960669379807 -6.180649551061725, 29.819906883734348 -5.945293319311094, 29.66133899603244 -5.745476232848598, 29.406914580014217 -5.780670738843939, 29.310626008378676 -6.015796172864245, 29.46910148829366 -6.2159585666559485, 29.372703535410864 -6.451544839349277, 29.53150718000606 -6.6520474940387695, 29.786802004631056 -6.6166235016192445, 29.94602332439831 -6.8171071438850985, 29.849864007611615 -7.053348099269715, 30.00941344107082 -7.254127001124075, 30.265198637539157 -7.218329235238313, 30.425148788142423 -7.419048558511118, 30.329244814724177 -7.655894111306401, 30.489522878662882 -7.856863064364036, 30.39351545043712 -8.094081711115841, 30.554122340269544 -8.295274265003396, 30.458011564122188 -8.532840345373028, 30.61894819345764 -8.734230269783003, 30.876050686015105 -8.697735445912231, 31.037368105865994 -8.898984555946189, 31.294457561277795 -8.862174212985714, 31.389800282423607 -8.62427308549118, 31.228445751286387 -8.42334262901215, 30.97178288137701 -8.459995382673709)), ((27.486655047228624 -6.930823121767744, 27.2308891844489 -6.965061090154686, 27.13215129841541 -7.20078185708066, 26.876155425229058 -7.234816547103285, 26.77701219683763 -7.470629353679675, 26.934141875015513 -7.672687732311377, 26.834870562076077 -7.9088528808915015, 26.578195830047093 -7.942674363520756, 26.478522947928695 -8.178886502812757, 26.221652991651837 -8.212455243085962, 26.12158506709622 -8.448688730996277, 26.27864846241377 -8.65163960725897, 26.535991663111133 -8.618076555529335, 26.63579532983249 -8.381557391269999, 26.892939368962345 -8.347727940536297, 26.992338839207548 -8.111236045147578, 27.249264118201836 -8.077158215827161, 27.348252976613907 -7.840719291746909, 27.190601874821 -7.638631473166692, 27.289465219692374 -7.402538899395607, 27.545691131450297 -7.36826587968315, 27.703512014143143 -7.570050848265954, 27.959941603945452 -7.535530543213231, 28.058090519965333 -7.299274391027741, 28.31424351405437 -7.264560057579817, 28.41196336806678 -7.028433520455117, 28.253841918030247 -6.8272762858461125, 27.9981416013583 -6.861928660578048, 27.840498079164632 -6.660796487744046, 27.584981337200787 -6.6952197619083815, 27.486655047228624 -6.930823121767744)), ((44.034075105705625 -12.743599185356818, 44.11274949645025 -12.507524825238928, 44.35462021415728 -12.459202916981809, 44.518045435117926 -12.646422787952911, 44.759082283334806 -12.597671026022264, 44.92231282783166 -12.784208448799887, 44.84493580216042 -13.019782921856045, 45.008395630532846 -13.205908119582606, 45.248794056950686 -13.15617562997589, 45.32551548938187 -12.92086917729896, 45.5648236151151 -12.871256871135005, 45.64090081635703 -12.636362229963341, 45.47832787638478 -12.450806477116473, 45.239229325239705 -12.499859136217642, 45.076434524030105 -12.313612271405002, 44.836468737068145 -12.362242927936517, 44.673467565047446 -12.175317101385016, 44.750862750480906 -11.940059963962817, 44.58809103308175 -11.7527697079316, 44.34750266504756 -11.80043538447271, 44.269462713067156 -12.035933846279443, 44.02782298162836 -12.083721786762213, 43.864456278680365 -11.895476032040252, 43.622010666026625 -11.942843786517475, 43.458485153029244 -11.753957829964195, 43.53779995514893 -11.518013428208524, 43.374515629449036 -11.32881249590001, 43.13153121065585 -11.375245258306894, 43.051586790592864 -11.611394054421, 43.21525492363958 -11.800906534421852, 43.13530651302932 -12.03725604410702, 43.29921968525818 -12.226445799844434, 43.21926793670207 -12.462971034576903, 43.38342617581293 -12.651813443723691, 43.62714610444172 -12.603833830029611, 43.791153998739645 -12.792016285398113, 44.034075105705625 -12.743599185356818)), ((9.772249039234936 0.9037569686165194, 9.872467486798286 1.1162839942418676, 9.749605208810152 1.2954085036029532, 9.84964562570238 1.5073592447956732, 9.727044945890697 1.6854941150464957, 9.826907931219466 1.8968523696983581, 9.70456779567428 2.073987051522417, 9.48296903998903 2.040004461797755, 9.383275773075809 1.8292883412214935, 9.505009971797165 1.651913701245841, 9.405139394736693 1.4406050885022748, 9.18370971670035 1.4073176069114794, 9.083838031445225 1.196077843086133, 9.205217668457493 1.0174812698266222, 9.105167628872834 0.8056810844308844, 9.226805274413351 0.626106322858392, 9.126576271307272 0.4137622489215464, 9.248472971721725 0.2332205432921474, 9.148064392950289 0.0203494701152578, 9.270221200694522 -0.1611475059381012, 9.169632431144151 -0.3745283376612618, 8.947069599250142 -0.4057645975863912, 8.846484517725656 -0.6189920742483058, 8.62455675127498 -0.6498705655764053, 8.523981915396917 -0.8629255438733724, 8.64514183457544 -1.0457489305980727, 8.867509892708568 -1.0153307145908632, 8.968276207625564 -0.8016277719384116, 9.191280826399662 -0.7708414852369837, 9.292050404829922 -0.5569684817210937, 9.515679383280514 -0.5258254855559109, 9.616445590034118 -0.3118017450888562, 9.493406975533475 -0.12956493577026, 9.593992836131804 0.0839499566810439, 9.471217223834259 0.2652374273185529, 9.57162335130937 0.4782260277716034, 9.794976895238563 0.5105670648037404, 9.895373975422672 0.7236538043340743, 9.772249039234936 0.9037569686165194)), ((49.43614044927395 6.615458324613914, 49.49958915683274 6.809808129090254, 49.35380459397845 6.983669489837053, 49.14411468298414 6.963703044220019, 49.08009325650198 6.769310393164482, 49.22633396892115 6.594925515251476, 49.43614044927395 6.615458324613914)), ((28.262330495988977 -9.733305044708967, 28.422334829899626 -9.936292940010706, 28.323464590321834 -10.174318757207878, 28.48381037737002 -10.377466550736619, 28.743161091675432 -10.34231333921096, 28.841703199362087 -10.104076180763776, 28.68122562763989 -9.901202982965966, 28.779650316971185 -9.66318878735173, 28.619512415508154 -9.460481826599718, 28.361080502658297 -9.495508715986226, 28.262330495988977 -9.733305044708967)), ((46.36539220163991 -9.000553584586712, 46.29174359734617 -9.231896632732775, 46.05797677529981 -9.277289898399605, 45.983703327307296 -9.509224353541653, 46.14384100187485 -9.695515815059577, 46.37779711350362 -9.649527982322663, 46.53768545199037 -9.835205991976508, 46.77073655130056 -9.78885883380036, 46.84371587934578 -9.557437082428875, 46.68429387394272 -9.372099533756652, 46.75729655620023 -9.141010547873375, 46.59807750084124 -8.955411216175223, 46.36539220163991 -9.000553584586712)), ((36.09979319362236 -2.632470391771772, 36.18701276465171 -2.4030312324599814, 36.43303491081599 -2.3676852869600613, 36.51971892324997 -2.138853975375084, 36.36086157853197 -1.945466874538884, 36.447491355052136 -1.7173568519683944, 36.28891484308585 -1.5243604673501268, 36.04356871476017 -1.5590345253802693, 35.956463277068195 -1.7870386518766401, 36.11517750971987 -1.9804757063080778, 36.0280148315328 -2.2092076683479345, 35.78166540027115 -2.244392397393238, 35.69397245820025 -2.4737268331655735, 35.85310015625541 -2.6679823280974495, 36.09979319362236 -2.632470391771772)), ((72.94662008322086 2.053227336726936, 72.94633194195751 1.8211766797550337, 73.13383764122165 1.6925676072555589, 73.32228089523227 1.7960409289418469, 73.510649552324 1.6670215766999952, 73.70024283260892 1.7706919963503, 73.7011140307836 2.003960439433797, 73.51209813355393 2.132953124525162, 73.51282409981877 2.366355600437116, 73.32401799253466 2.4948965572088078, 73.3245988108651 2.7284116085886203, 73.13600642750126 2.8564821795176796, 73.13644219119723 3.0900883615782604, 73.32576313878226 3.1962428871773736, 73.32634665252868 3.4305444009188193, 73.51647079140892 3.537444429854985, 73.517203520066 3.7724257987507053, 73.7081322941552 3.8800602221283906, 73.70901570907387 4.1157055703499195, 73.90075049957682 4.224062842516456, 73.90178607841949 4.460355897898843, 73.71078666188288 4.587668345218323, 73.51940853410144 4.478761948383177, 73.32927780291328 4.605611977887992, 73.13907094899025 4.496871816408556, 73.13863112728177 4.2618326215746345, 73.32810261801257 4.134903105801829, 73.32751639004465 3.899882015482744, 73.1377535230726 3.7924220076215183, 72.94894122960761 3.9194264220605795, 72.94923339040866 4.1538160624654035, 72.76064364300726 4.280285608083078, 72.57242448467878 4.172445762553233, 72.57242323223869 3.938694537776918, 72.76035102399922 3.8121449013031117, 72.76020505250477 3.5784206773001275, 72.57242073313523 3.471885198242021, 72.57241948646305 3.2388418605969944, 72.75991378293608 3.111701576816812, 72.75976848382703 2.878721393356897, 72.94748716612668 2.751083830408697, 72.94719769428372 2.518188054752345, 72.7594785543846 2.4135561209843677, 72.7593339230259 2.181385422607237, 72.94662008322086 2.053227336726936)), ((47.19165901450384 -11.2231483915097, 47.118780222263865 -11.455666851753895, 47.2792136996984 -11.63934321764931, 47.51203525922392 -11.590195592981415, 47.58425065869892 -11.35798188976912, 47.42430878969566 -11.17461033844337, 47.19165901450384 -11.2231483915097)), ((55.80747251817448 -4.712260645991331, 56.02610242961873 -4.633327589738011, 56.08194488617329 -4.416603244565366, 55.91958919997725 -4.279388527333739, 55.97540152291097 -4.063710419511273, 55.813785240839536 -3.927467431403136, 55.86956621403067 -3.7128428498152775, 55.70868420561089 -3.5775769887873135, 55.49236586369415 -3.6562876389413708, 55.33256102028466 -3.5213560638448698, 55.11691022636114 -3.5998299687521373, 55.06029969679565 -3.8133030525519453, 55.21974760549793 -3.9488814959793688, 55.43616545491176 -3.87033962427768, 55.59670034328019 -4.006253964558584, 55.54046371007823 -4.221357209851616, 55.32327477320064 -4.299965164447054, 55.163096054765276 -4.163403426236483, 54.946588567521786 -4.241759669525228, 54.889486776849196 -4.456733461766232, 55.04930027159659 -4.593941311024935, 54.99215483459875 -4.80994724699033, 55.1527050364798 -4.9481333864722865, 55.37076772490164 -4.869666900746158, 55.53242366344338 -5.008179022207421, 55.75116692718211 -4.929444552060903, 55.80747251817448 -4.712260645991331)), ((52.71165397021878 -6.674523674481209, 52.4995426850092 -6.717580986874525, 52.437755224930356 -6.938316695731056, 52.58872578579954 -7.11564598583633, 52.800911591571776 -7.071873750148634, 52.86205215270354 -6.851487899449823, 52.71165397021878 -6.674523674481209)), ((8.95749646550047 3.505018762609893, 9.056310654687394 3.7125692566949824, 9.275155352620033 3.7482464430393208, 9.395611168486795 3.575990301593086, 9.296621185152588 3.367796741072718, 9.417330630835039 3.194498971651334, 9.637630521687669 3.2296544074646327, 9.759195287432988 3.0555792511455193, 9.659861030325374 2.8460919286802886, 9.78168321483912 2.670987536104398, 9.682173306601044 2.4608613681010687, 9.804253945721513 2.284736989851023, 10.026444557704735 2.318989904044636, 10.126117110011762 2.529754443113437, 10.003437996455148 2.705626695345733, 10.102934813511098 2.915751909318753, 9.980515868723188 3.090599070886217, 10.07983753592734 3.30007007611862, 9.957677717854125 3.4738830384974055, 9.736789715565891 3.4384881905378117, 9.615481338686692 3.611525289611076, 9.714466054474798 3.819691222934807, 9.59341304245197 3.9916818710607394, 9.373970990196398 3.9557731030239416, 9.253767792486599 4.126979502344404, 9.035348301524266 4.090924298405338, 8.936708283523217 3.8840396651668008, 8.718896311141862 3.848218384558406, 8.62026434610047 3.6413136466738547, 8.403071192520798 3.6057385132129967, 8.304453437224737 3.3988321254120892, 8.422838655568682 3.2268526425005803, 8.64045416496944 3.2620297920625174, 8.759699542192635 3.089261707991259, 8.978360738713405 3.124301022982274, 9.077349688098053 3.3325034381214733, 8.95749646550047 3.505018762609893)), ((72.95070099244481 5.3289565949927375, 72.7612315997552 5.2191255347558725, 72.76108426941212 4.984114695556965, 72.95011258781267 4.858292367810861, 73.1399526395243 4.967579923568566, 73.14039451152826 5.203233486206536, 72.95070099244481 5.3289565949927375)), ((55.73437104032433 -20.643341651315858, 55.48674020939302 -20.71481288244605, 55.30387460869443 -20.54502931631591, 55.05711930165393 -20.615841298706915, 54.99222784151061 -20.856278441794558, 55.17462434279639 -21.026558381720843, 55.10967815350901 -21.267317889224856, 55.29303255156964 -21.43807403925171, 55.228033264932066 -21.679132771994297, 55.41235335786672 -21.850342714396046, 55.6621432834219 -21.780008019990195, 55.72659170895707 -21.538303694824275, 55.97623794019245 -21.467124720844346, 56.04008289117985 -21.225075227405696, 55.8548430444381 -21.05484424070517, 55.91864778679221 -20.813108144680807, 55.73437104032433 -20.643341651315858)), ((56.619175642754925 -10.339055284242237, 56.389596171239845 -10.417693177293577, 56.33142804663598 -10.648252457660073, 56.50332715791296 -10.800789366856113, 56.73375568538785 -10.722138213325941, 56.79143313776626 -10.490963765899709, 56.619175642754925 -10.339055284242237)), ((7.699733391764255 4.622105075327482, 7.601858216852548 4.417813081532751, 7.718042528542412 4.249527153256166, 7.932716599998173 4.285790508026216, 8.03079203612424 4.490734047532948, 7.913994469509163 4.658761550360901, 7.699733391764255 4.622105075327482)), ((50.18663937582423 8.902779020776382, 50.33014504907294 8.732366109219834, 50.53466848362501 8.74863949645892, 50.59558817370922 8.93477551563404, 50.79912212503132 8.950531297873694, 50.859521509135504 9.135624137097984, 50.7169489915442 9.304985900086322, 50.513508620066915 9.28977879353481, 50.452547517504 9.104662786614323, 50.24812179441733 9.088938140984137, 50.18663937582423 8.902779020776382)), ((59.473011487808776 -16.57553077346501, 59.416412422007284 -16.818646538303152, 59.60509077405095 -16.98190589656947, 59.8506519206432 -16.901468597376212, 59.90662636810981 -16.65780196987994, 59.717667532449866 -16.495122763523188, 59.473011487808776 -16.57553077346501)), ((6.687900447025783 4.634674284472021, 6.636987290802409 4.439289863231814, 6.750840646586312 4.272367138222463, 6.962729798532564 4.308675018250541, 7.077439440932665 4.140943081920083, 7.290400281292307 4.177101807111705, 7.388242114414936 4.381399619142664, 7.272912291089256 4.548880545852058, 7.060359552453434 4.51231585086084, 6.899808052040385 4.671479986811716, 6.687900447025783 4.634674284472021)), ((73.132114558739 0.7668031624499644, 72.94489783773554 0.6655010811755266, 72.94461233025618 0.4353296978002961, 73.13125696621779 0.3058630126513984, 73.31883062575866 0.4065712748776367, 73.31940346895118 0.6373400005861749, 73.132114558739 0.7668031624499644)), ((49.73222917518774 8.133602461657661, 49.8768003871582 7.961674025375408, 50.083405286757454 7.979536806915864, 50.145333314315565 8.168771324923968, 50.35094638073201 8.186117492540792, 50.41234808088453 8.374309614572681, 50.268702701130735 8.545186951750225, 50.0631906358324 8.528396211093453, 50.00122333127982 8.340174241274546, 49.794723679929575 8.322866625704162, 49.73222917518774 8.133602461657661)), ((5.18546103592459 5.870381347849651, 4.975482512307963 5.83133658715718, 4.928042532333194 5.633573442160502, 5.089754136396095 5.47488630848796, 5.299326474446929 5.51330242379433, 5.347592771174163 5.711032132622755, 5.18546103592459 5.870381347849651)), ((25.820332227520993 -9.157935429403322, 25.977517102795048 -9.361438994971776, 26.23551807606154 -9.328179789740378, 26.335852895604546 -9.091397951343117, 26.178447143786286 -8.888160291916565, 25.92092452651528 -8.921438999945856, 25.820332227520993 -9.157935429403322)), ((56.40059669023185 -7.101070787248876, 56.457079252017365 -6.877850850587227, 56.29051563164916 -6.734294909482021, 56.067815047838735 -6.813312917744733, 56.01087693726009 -7.035937639916837, 56.177092285958025 -7.18013995942673, 56.40059669023185 -7.101070787248876)), ((29.536750636331448 -4.877728555810397, 29.283193107670172 -4.912695509445068, 29.1871234481452 -5.146826307362826, 29.344945452403465 -5.3462334426846505, 29.598935983683873 -5.311152962683928, 29.69466880962517 -5.076779539534095, 29.536750636331448 -4.877728555810397)), ((40.53087823687949 -22.698567111708922, 40.61896075489196 -22.463395059952283, 40.44643910923756 -22.280781379949445, 40.1855116148308 -22.333214505649195, 40.09678091100989 -22.568607799202724, 40.26962371454249 -22.75134737067634, 40.53087823687949 -22.698567111708922)), ((3.5826390665026224 6.705026831709514, 3.3753533706681935 6.664237028166677, 3.3313626745595855 6.465418338964214, 3.493822488102097 6.307372321659665, 3.700739727089143 6.3474973777194235, 3.7455652335382865 6.5463310238574905, 3.5826390665026224 6.705026831709514)), ((8.698606046607097 4.225138603800585, 8.915995782729652 4.261341952119275, 9.014462215741673 4.467547164216959, 8.895358555968926 4.636904640554137, 8.678389483587637 4.600325216504871, 8.5601343674293 4.768887287586577, 8.344198848186494 4.732154389080256, 8.246102193949582 4.527238184313522, 8.363751674746169 4.358410280317069, 8.580104841733942 4.394763324367863, 8.698606046607097 4.225138603800585)), ((5.797268981476265 4.293696605616241, 6.006312252885607 4.330033623093414, 6.118681854252628 4.163680341629066, 6.328813390365212 4.199868226503402, 6.4261745582413425 4.402831820633067, 6.265842426649783 4.5611690919089, 6.055698548320635 4.524472859669337, 5.895233444595533 4.682640981420908, 5.685774238103733 4.6457040966498235, 5.637196784763432 4.451201125449608, 5.797268981476265 4.293696605616241)), ((73.70549025704213 3.1745597974553057, 73.5150087322948 3.06822298857564, 73.51427939658905 2.8339978380751307, 73.70373570694912 2.705497792625724, 73.89457070414059 2.8112683291846574, 73.89559667944337 3.04610519581928, 73.70549025704213 3.1745597974553057)), ((49.688937703972755 7.388799839007275, 49.89664191252322 7.40773972426491, 49.95906008345895 7.5990198036219665, 49.81434375804531 7.771397946401924, 49.606748212750006 7.753019410203537, 49.543760764991816 7.561702910744674, 49.688937703972755 7.388799839007275)), ((54.65645973670692 -15.472512820079077, 54.42050203605706 -15.546266785554987, 54.357367866592256 -15.78191166932488, 54.53066449427868 -15.944479505632975, 54.76755202697274 -15.870839238833117, 54.83020981103181 -15.634517461284528, 54.65645973670692 -15.472512820079077)), ((42.581036444610106 -17.01358231664978, 42.74876016520858 -17.199662316420966, 42.99868530392055 -17.14776367418777, 43.080619008616566 -16.910249884702726, 42.91328265070328 -16.724383979910474, 42.66362356607905 -16.775818431100742, 42.581036444610106 -17.01358231664978)), ((51.09046343215715 -9.53505238342599, 51.30982912861822 -9.487480399451265, 51.374438023504865 -9.2618248238651, 51.220343757311525 -9.083380560858734, 51.001079685944774 -9.130264534181597, 50.84658115767533 -8.951143881444182, 50.62625786107367 -8.997707131580784, 50.56032551362725 -9.224072891665243, 50.71537733170965 -9.403525916161273, 50.64949444961891 -9.630225809693108, 50.8047061215795 -9.809322304125583, 51.0252442188021 -9.761394016114481, 51.09046343215715 -9.53505238342599)), ((53.04442931834734 -6.192863760022403, 52.983810408587004 -6.4119769228518875, 53.133633658164314 -6.588572792602647, 53.34349858873509 -6.545683152816013, 53.403474870301466 -6.3269206280003445, 53.25422894757179 -6.150696342639196, 53.04442931834734 -6.192863760022403)))",Dwarf Reed Frog
183,23327,23276,Hyperolius argus,species,20978,Amphibia,2.32,"MULTIPOLYGON (((51.48941968225881 -10.295505433505454, 51.553919419495685 -10.069235556345543, 51.39952101207018 -9.89153640465977, 51.1800548814131 -9.93979623889006, 51.1148882640621 -10.166442111887864, 50.894244533206404 -10.215052633725016, 50.82846279301057 -10.442354974318505, 50.98399286643951 -10.620673270806044, 51.204741038858 -10.571380975566568, 51.26985431888082 -10.344452753714627, 51.48941968225881 -10.295505433505454)), ((52.800911591571776 -7.071873750148634, 52.86205215270354 -6.851487899449823, 52.71165397021878 -6.674523674481209, 52.4995426850092 -6.717580986874525, 52.437755224930356 -6.938316695731056, 52.58872578579954 -7.11564598583633, 52.800911591571776 -7.071873750148634)), ((43.19044562355219 -21.26778226772312, 43.10712192722036 -21.503177172726353, 43.277882414827445 -21.682492993948923, 43.19455488285735 -21.917511750849567, 42.93978124807148 -21.973502299628215, 42.85576305746736 -22.208413975748137, 43.02720433659573 -22.387044615611803, 42.9431801025209 -22.621540319073798, 43.114892016039676 -22.79933615634541, 43.03086248133127 -23.033394381895892, 43.20284507678181 -23.210337196537047, 43.458435482807715 -23.1531109322581, 43.63026088569495 -23.329079301288104, 43.546925514933434 -23.562377039987982, 43.29106430898892 -23.62000879064163, 43.20702642925795 -23.853128932057622, 43.37955050256943 -24.02831278920809, 43.29550959242192 -24.26093304236142, 43.46830444712586 -24.435211854093467, 43.384261277343796 -24.667312148555936, 43.55732693190649 -24.840669472540036, 43.81399596612056 -24.7818416819057, 43.98688635609551 -24.954183433691405, 43.90355548373773 -25.18543056068052, 44.07671207564346 -25.35682539076605, 44.332740687197884 -25.296898288563956, 44.505698336233934 -25.4672627961238, 44.76079403616299 -25.406633406918374, 44.93353389031108 -25.575962761112677, 44.85165885473458 -25.805985316865414, 45.024655420500864 -25.97433540112144, 45.27903536877585 -25.91260222798977, 45.36017584763189 -25.68292665799195, 45.61333345550963 -25.620910234299437, 45.785582086281664 -25.788156640389417, 46.03773558407076 -25.725456105991544, 46.11741367417383 -25.495932756326525, 46.36832345965948 -25.43298355243125, 46.53977084012561 -25.599129323969986, 46.789640254975865 -25.535515002818467, 46.8678514743043 -25.30619388655431, 47.11645780073303 -25.242365303905572, 47.19394959905043 -25.012895398058376, 47.44128749336966 -24.94887451220913, 47.51806219484669 -24.719279746358623, 47.348246795540206 -24.553307276415207, 47.425053661167055 -24.323205786874894, 47.67093015199788 -24.25948217630327, 47.747024879962424 -24.029296144251827, 47.99163049842946 -23.96543325830674, 48.067015622840586 -23.735186503714456, 47.89853950672489 -23.56839176400414, 47.97396087078846 -23.33769037889416, 47.80569991656259 -23.169961701778988, 47.56145993401407 -23.232856187257013, 47.48529848185686 -23.463965501091902, 47.654116110171 -23.631772704109988, 47.577987587950474 -23.862430033929094, 47.33230031903051 -23.9256813094444, 47.25546215847996 -24.156270715654404, 47.00851571438662 -24.219370840428006, 46.93096556546209 -24.44986834570905, 47.10110404659673 -24.616870044189636, 47.02358263923429 -24.846863071630356, 46.77517864797045 -24.910243258807196, 46.696940429261986 -25.140103819671005, 46.44728062040994 -25.203279532561666, 46.27607096190067 -25.036151273915312, 46.025379212265904 -25.09866733984895, 45.94568036515187 -25.32874441087165, 45.69375230187262 -25.391021765344565, 45.5217509062814 -25.22279420811452, 45.26882721096655 -25.284393275746236, 45.096575824601246 -25.115130315434826, 44.842679687045575 -25.176044963684525, 44.670196650067396 -25.005750862369062, 44.41535179446555 -25.065975273476745, 44.24265568153987 -24.894654753055633, 44.32527285245567 -24.663186956902628, 44.15283833736274 -24.490925741105407, 43.89732914412275 -24.5500522846261, 43.72470498164671 -24.376779262146286, 43.808039673236976 -24.1444670867345, 43.63568175615109 -23.97027890273845, 43.71901717632426 -23.737463822479494, 43.97400362598654 -23.679152402897525, 44.056634182506286 -23.446167544105553, 43.88498475321779 -23.27118071147205, 43.96761819303953 -23.037730503442052, 43.79623053089131 -22.861868787527484, 43.541770033133446 -22.919351146088598, 43.37021088415102 -22.74251864592539, 43.453543849946726 -22.508317778719192, 43.28225094295186 -22.3306390402051, 43.3655815670127 -22.096018404210774, 43.6195130194223 -22.03937836139238, 43.70215046987386 -21.80465810725515, 43.531548219865414 -21.62627885177932, 43.614185483468304 -21.39117837282905, 43.86673422198271 -21.33476246363455, 43.94868177254753 -21.099605534347923, 44.20010463212947 -21.0430095555982, 44.281363186258375 -20.807821344050822, 44.11189134705501 -20.628919782228138, 44.193154621437884 -20.39340954785076, 44.44319838828986 -20.33711614527856, 44.52377629903651 -20.101617740023542, 44.355001271920116 -19.922100958927174, 44.43558589941313 -19.68632128449596, 44.68425589751348 -19.630375874375357, 44.76415884829001 -19.394651068686105, 44.596080888042906 -19.21455795508686, 44.347650317481964 -19.27002586819944, 44.17937306303685 -19.089048051931723, 44.25996886290329 -18.852774948219064, 44.50815918563049 -18.7977872977515, 44.58807870597266 -18.561605522887493, 44.42049011258919 -18.380107835268223, 44.17254084456073 -18.434612582817238, 44.0047615708003 -18.252256197224256, 44.085365570606314 -18.0155834067782, 44.33307299038904 -17.961564074212735, 44.41300608639173 -17.725019259727425, 44.245907139702496 -17.542201069386245, 44.3258459163915 -17.30551047925247, 44.158991880449264 -17.12206439749151, 43.911770485082684 -17.17510589025736, 43.83116120737526 -17.41208290370768, 43.5828532949844 -17.465071414325084, 43.501577803312244 -17.70218856239222, 43.66927718107894 -17.886037594815676, 43.58800124841835 -18.122996206518987, 43.755953886393314 -18.30620153646719, 43.67467823091937 -18.54297757347187, 43.84288412345359 -18.72551759298435, 43.76160946966377 -18.962087221117212, 43.93006860429122 -19.143940659858675, 43.848795683041146 -19.38028026363948, 44.01750804039921 -19.5614262005527, 43.93623758893813 -19.797512397333456, 44.105203142687486 -19.977930271780174, 44.0239359046939 -20.21373992547322, 43.773017735510024 -20.269431973638287, 43.69106710618823 -20.505246560311523, 43.860720440353305 -20.68506528605253, 43.77877097514303 -20.92056229765023, 43.526481376162394 -20.976538453615188, 43.4438450500175 -21.211997060119877, 43.19044562355219 -21.26778226772312)), ((32.304052117888915 -22.16693900740581, 32.204242857971906 -22.401664068716393, 32.37587196461325 -22.596055958554082, 32.275961642661116 -22.830277527680124, 32.003954749659755 -22.870117280900125, 31.90347563145565 -23.103826899653278, 32.075468193147685 -23.297683200106434, 31.97488478666824 -23.53084899753717, 31.7018466291471 -23.570166353525448, 31.600696504820178 -23.802778081163513, 31.773043949801348 -23.99606129054245, 31.67178627017651 -24.22808991985747, 31.397724447120908 -24.266840830301756, 31.29590230402451 -24.49827420031289, 31.468595803434198 -24.690948057251195, 31.366662797682352 -24.921760168892334, 31.53973038638975 -25.11371420011323, 31.43768671042878 -25.343884255091318, 31.611129444689226 -25.53509784835232, 31.508975296450814 -25.764605477497017, 31.682794233051084 -25.955058458066404, 31.58052981602262 -26.183883729965483, 31.754726012224836 -26.3735563687578, 31.65235153552024 -26.601679797749238, 31.375314811666783 -26.640149988720573, 31.272364010122374 -26.867574914198443, 31.44691300464092 -27.056508004408506, 31.34384872696299 -27.2831970099078, 31.518780082334786 -27.47130821444543, 31.415602525886072 -27.697243024499425, 31.59091733486244 -27.88451416022926, 31.4876267027241 -28.10967696931791, 31.66332605862999 -28.296090326305773, 31.559922559675698 -28.52046380390011, 31.280347944775315 -28.55844987559122, 31.176359609713444 -28.782045369725353, 31.352414565436106 -28.96762733423638, 31.248309851349262 -29.1904030919714, 30.96768454675842 -29.227618670069816, 30.862997643828066 -29.449582466783767, 30.581847282856444 -29.485939088534074, 30.476584786933273 -29.707070911161942, 30.652924701209315 -29.891830084602514, 30.54753852171396 -30.112100503072412, 30.72427524988015 -30.29594488421704, 30.618765539505517 -30.515338975032204, 30.33606644184954 -30.550901821916124, 30.229980437924695 -30.769419937416064, 29.946791087030306 -30.804071357458177, 29.840135836759544 -31.021694937101593, 30.017108289496207 -31.204659899105295, 29.91032207871288 -31.42136958671297, 29.626128634096602 -31.455116293824112, 29.518776662362654 -31.670902221129335, 29.23413615025865 -31.703698076341695, 29.126225916437875 -31.91854289416055, 28.841163732796673 -31.950373911452722, 28.73270295586491 -32.16426073691032, 28.44724480991121 -32.19511342301902, 28.33824142663761 -32.408025846441525, 28.515092657844093 -32.59010210636084, 28.40594325347945 -32.802046068695034, 28.119550261491753 -32.83189261796904, 28.00986264541899 -33.04283670315436, 27.723119994136567 -33.07167041042398, 27.612902549843255 -33.28159948624459, 27.789803813529346 -33.462721419570464, 28.077118864700566 -33.43390982494986, 28.18695627769432 -33.2239548975966, 28.473915601489296 -33.19412157772541, 28.583211017587104 -32.983157554859766, 28.86978806528242 -32.95231470344269, 28.97853329937348 -32.740356891908775, 28.801109566638047 -32.559255053131515, 28.909712590606574 -32.34632683188349, 29.195327285885696 -32.31449212457369, 29.30337597835978 -32.100595743291166, 29.588562635871853 -32.067786735917544, 29.69604926588869 -31.852938768155333, 29.9807823794944 -31.819169310532658, 30.087699438527864 -31.603386797958898, 30.371953831786982 -31.568671226704843, 30.47829403580465 -31.35197167194751, 30.30082959548946 -31.169976809671986, 30.407042768647898 -30.952361169767546, 30.690267200778635 -30.91675664129914, 30.795900283664736 -30.69825330784688, 31.078603453201453 -30.661742746866082, 31.18364961879226 -30.442370420693816, 31.46580749364685 -30.404969685867396, 31.5702601419043 -30.18474750063813, 31.85184905628458 -30.146472891083448, 31.955701815280094 -29.92542040348071, 32.23669847885395 -29.886288646486523, 32.33994520566006 -29.664425825838062, 32.62032671222644 -29.62445406401754, 32.72296149357837 -29.40180128136849, 33.00270532924242 -29.361007059263606, 33.10472248197266 -29.137585075911225, 33.38380653282198 -29.095986326069134, 33.485200604071935 -28.871816281572965, 33.30803645974123 -28.689177985457967, 33.40933370413427 -28.464207356909142, 33.23254523587693 -28.280656061294728, 33.333745327459184 -28.054901487292337, 33.157331585386686 -27.870453646782362, 33.25843420475505 -27.643932244147308, 33.08239423796647 -27.45860479850616, 33.183399072192344 -27.231334158240372, 33.007731928846994 -27.045144528599074, 33.1086386714008 -26.817142711222775, 32.93334339878959 -26.630108795659634, 33.03415174946596 -26.401394325919913, 33.30974729988972 -26.35977208127419, 33.40994959203147 -26.130419472283847, 33.23506694198875 -25.942632844215144, 33.33517417963185 -25.712602314666892, 33.609651183571145 -25.670420820275623, 33.709150917698 -25.439791491279166, 33.98295453907676 -25.39694153383379, 34.08184190999657 -25.165737286400653, 34.35495203832136 -25.122238669704068, 34.52961634715467 -25.309780870064962, 34.80245079873691 -25.26547758331401, 34.90018038160221 -25.033808906359912, 35.1722751716911 -24.988885386172594, 35.26937554712339 -24.756698183878612, 35.54071173874323 -24.711174943629754, 35.637178927709385 -24.47849390285013, 35.46286894349532 -24.29123335804587, 35.55926258196942 -24.057973475945726, 35.82940567347845 -24.012083321845534, 35.925165881876666 -23.77837170063392, 35.75134531203179 -23.590443643942343, 35.84703504389239 -23.35619184176468, 35.673555790352225 -23.1675145513992, 35.76917460565704 -22.932744422207172, 35.59603598660624 -22.743338769807682, 35.69158345194933 -22.508072547558, 35.959713621419354 -22.462316273243996, 36.05463447274968 -22.22667698096151, 35.88198278002838 -22.036692820840813, 35.97683528256596 -21.80059824118112, 35.80451924688907 -21.609934561610693, 35.89930296280437 -21.373407841182075, 35.727321927233675 -21.182086840559954, 35.46041460210222 -21.22715288605036, 35.288631648095844 -21.035050665843983, 35.38388950947396 -20.79802960221261, 35.212443740481746 -20.605309404913378, 35.307628181756 -20.367908701153137, 35.13651890033415 -20.17459372875966, 35.23162952640172 -19.93683764070087, 35.497316356248916 -19.89247090134207, 35.591820675622614 -19.654453580501592, 35.856764994339244 -19.609674064268994, 35.95065945205806 -19.371422012489244, 36.214844230315265 -19.326250868771794, 36.308125467607 -19.087790642403167, 36.57153406426875 -19.042249087191674, 36.664198917283386 -18.803607277691654, 36.926815081922484 -18.757716574699423, 37.01886058032471 -18.518919789254095, 37.28066845536074 -18.472701231115266, 37.37209182078675 -18.23377607331753, 37.2022741474716 -18.04096276075116, 37.293642940919256 -17.801822679839145, 37.55426169661743 -17.755608297011932, 37.723874587635265 -17.94822401351618, 37.98401989057223 -17.901413645369814, 38.074191414347126 -17.662311443241844, 38.33348322785352 -17.61523708524911, 38.423025418032466 -17.376086108331318, 38.6814494699488 -17.328768983547995, 38.85067369369594 -17.520257037106933, 39.10855384508503 -17.472359651788437, 39.196869812719854 -17.23333361053025, 39.45384795363029 -17.1852236921786, 39.54152598965908 -16.94620846734776, 39.79758905257194 -16.897907112110097, 39.88462770129681 -16.658928799759146, 40.139763019027015 -16.610456996410306, 40.226161001017545 -16.371541551669484, 40.480356305691316 -16.32292016481321, 40.56611251521181 -16.08409338440075, 40.39828792582668 -15.893712911338225, 40.48401782063408 -15.6548195801369, 40.73695786353977 -15.60648680955056, 40.82204797417273 -15.36772680045274, 41.07403147523425 -15.319297103561075, 41.15848099963989 -15.080695754475698, 40.991565508383616 -14.890342685330348, 41.075993911986046 -14.651738261603478, 40.90935079374481 -14.460958879155376, 40.99375746630187 -14.222376955857538, 40.82738652182988 -14.031195996196931, 40.911770859220894 -13.79266221200267, 40.74567188397495 -13.601104595400358, 40.83003328815789 -13.362644634836837, 40.66420607237225 -13.170735448872566, 40.7485439513415 -12.932375024449334, 40.998104510315216 -12.886082094512696, 41.0818152843012 -12.647998885149958, 40.916570343614694 -12.456055808371149, 41.00025980256527 -12.218116308680855, 40.83528243483681 -12.025879792486712, 40.91894998944224 -11.788109612066267, 40.75423999576191 -11.595605086875311, 40.837885062590345 -11.358029798263232, 41.08564216884224 -11.313101103084705, 41.168667736511054 -11.075881694671192, 41.004534434343384 -10.883454615726205, 41.08753967204433 -10.646473522291531, 40.92366964618623 -10.453836876058107, 40.67648674228127 -10.497854972311925, 40.51257762710526 -10.304699817357038, 40.59615178817995 -10.067862000615452, 40.43250920158482 -9.874541283888162, 40.185001989010146 -9.917722723609137, 40.02134069478126 -9.723918472927634, 40.10546977025686 -9.487277407974343, 39.94207812459024 -9.293352020124868, 40.02617861148033 -9.057040195824161, 39.863056356351166 -8.86301946295352, 39.947127720702554 -8.627061884965014, 39.784274593642266 -8.432971570964751, 39.868316307079 -8.197393077456034, 40.11464309192823 -8.15598052960666, 40.19808794494929 -7.920874671506041, 40.035774556089024 -7.727111454682114, 40.11919192826775 -7.4924260520928305, 39.95714365793228 -7.298651154279744, 39.71140875373919 -7.339185193938865, 39.54936139263492 -7.145040169916518, 39.633311038232705 -6.910746032692411, 39.47153171221248 -6.71663384495402, 39.55544964834948 -6.482816137062102, 39.8005916655257 -6.443155264944227, 39.883923455639774 -6.209875729100104, 39.722669019555724 -6.016218010679217, 39.805971253793075 -5.7834544590375785, 40.04997202105926 -5.744390469765019, 40.132689613615156 -5.512201338713131, 39.97196282877201 -5.319039908335292, 40.054652977599545 -5.087405260358882, 39.894186650670605 -4.894363907121304, 39.97684884646091 -4.663306434539532, 39.81664272963965 -4.47040975011146, 39.89927646830813 -4.239951838281633, 40.141566068010434 -4.202414019173203, 40.22362190119583 -3.9725946280379207, 40.06393884833267 -3.780295015341136, 40.1459682881744 -3.551111388649416, 40.3871300409663 -3.514247650822636, 40.468583162860966 -3.2857350464186945, 40.30942567385293 -3.0940711959099616, 40.39085442614635 -2.86622933435329, 40.63088955828087 -2.8300683311400863, 40.71174365446237 -2.602928615020062, 40.95092252696301 -2.567032672194843, 41.03120123841475 -2.3406122373539704, 41.26951427702434 -2.3049944608740622, 41.34921700897189 -2.079309983664012, 41.58665495463515 -2.043983130098265, 41.665781244005814 -1.81905082395978, 41.90233515115827 -1.7840272966683737, 41.98088466439356 -1.559862909305894, 42.21654589906649 -1.5251547551583484, 42.29451842989252 -1.3017735662985626, 42.13739545433148 -1.113068846389436, 42.21535761657037 -0.8904516833775865, 42.44987747441564 -0.8565719441501778, 42.52726488611012 -0.6347637002517277, 42.76088136363401 -0.6012289253685686, 42.83769403515652 -0.3802436041112916, 43.07039938899834 -0.3470645132845408, 43.14663745073469 -0.1269156470470378, 43.378424238105424 -0.0941025963509177, 43.454087938121546 0.1251967533477355, 43.29853641793105 0.3117205063034054, 43.37419824687524 0.5301968791440295, 43.604840717150466 0.5621117057788281, 43.67993072977643 0.7797167176157617, 43.90964611496253 0.8112403852109632, 43.984164755563 1.0279622465156315, 44.212946461189915 1.0590857286243156, 44.28689428434572 1.2749131152425903, 44.5147360036201 1.3056277465918893, 44.588113671810675 1.5205497972522437, 44.81500938250679 1.550847272298441, 44.88781766370687 1.7648535856916192, 45.11376162494287 1.7947259567820009, 45.18600139020802 2.0078065882302614, 45.03287489191939 2.1910606667310124, 44.80712320842821 2.161730954523226, 44.73430679392126 1.9486059045257487, 44.50760865986399 1.9188466323123874, 44.43422490736003 1.7047982287877448, 44.20658610417428 1.674617114317097, 44.132634278093235 1.4596554321718769, 43.90406086719338 1.429060548812584, 43.749649344779186 1.613952860003292, 43.520361953698625 1.5834717261213136, 43.44527301604336 1.3675805649849493, 43.21506942191266 1.336697605334389, 43.06017627522189 1.5222166277956566, 42.82928912286593 1.4914448035512535, 42.75307072563564 1.274651269566945, 42.52128703944851 1.2434901675809535, 42.365954737186826 1.4296181223977136, 42.13351920358778 1.3985655390104488, 42.05618023759257 1.1808979461315603, 41.82286910159226 1.1494692327310827, 41.667141403412046 1.3361877357462204, 41.4332113940234 1.3048649212433252, 41.354762005738536 1.0863527788668037, 41.119978581107375 1.0546675744483647, 41.04096889205772 0.8353130739527108, 40.805340850113396 0.803275828082888, 40.72577139510804 0.583092349216148, 40.48930783147523 0.5507137653638493, 40.40917927134032 0.3297151560055269, 40.17188958080857 0.297006291176255, 40.01500113149288 0.48573893683115, 39.77717162390698 0.4531456073675871, 39.695955629101206 0.2313864923059329, 39.457325269315334 0.1984785964001609, 39.37555538490477 -0.0240623655275656, 39.136134482569986 -0.0572729647929298, 39.0538119171278 -0.280580403991638, 39.211430437234014 -0.4707272830673466, 39.129074652959645 -0.6948385982554368, 38.88858042719619 -0.7287510253062609, 38.80567079923961 -0.9536012426282219, 38.963774672341856 -1.1445865461789533, 38.88082976418394 -1.37020990506975, 38.63926203077119 -1.4047982886403165, 38.55576219659389 -1.631131522802385, 38.71434834464725 -1.8229214251947838, 38.63081113119205 -2.04999568879576, 38.38816990696529 -2.0852326500008274, 38.30407676819877 -2.3129863296396724, 38.4631419544159 -2.505545710489915, 38.379009299308166 -2.734006959263521, 38.53834232814654 -2.926863583339857, 38.45417059617441 -3.1560115966812194, 38.61377181252115 -3.34914196915267, 38.52956144814618 -3.5789555673782876, 38.6894311935136 -3.772335925673338, 38.60518264622158 -4.002793565201131, 38.36053852028738 -4.039847244201122, 38.27572525859864 -4.270909658740841, 38.4360811697926 -4.464936873025333, 38.35122753370587 -4.69660660780738, 38.511855861896436 -4.890830205511058, 38.426962300655475 -5.123084751542582, 38.1809127123164 -5.1611017151085345, 38.02007413254063 -4.966467255132339, 38.10549340816763 -4.734227775552958, 37.944930438825565 -4.539784292611118, 37.69874952203702 -4.577169830468391, 37.61281221246992 -4.80938168138149, 37.773571827817904 -5.004236698810761, 37.68758878243062 -5.237025308471891, 37.84862717797404 -5.432065822436591, 37.762598824068874 -5.665408150940835, 37.51501356198071 -5.703685410612924, 37.42842073331735 -5.9375398711644936, 37.58993069108527 -6.133136352130772, 37.50329024957324 -6.3675049536338015, 37.25462302143373 -6.406254399100545, 37.16741749781676 -6.641096935012006, 36.91800863394408 -6.6799244192956495, 36.830240312845774 -6.915218556351563, 36.992391531353235 -7.11170812427537, 36.90457046194999 -7.347458774788921, 37.06701124020532 -7.544040258334584, 36.97913782954214 -7.7802228292781885, 36.72831060232875 -7.819804620146824, 36.639871200043245 -8.05638137125013, 36.38831763859963 -8.095983921774668, 36.29931480527165 -8.332931334175436, 36.04704901832616 -8.372536586044273, 35.95748547563798 -8.609830827036939, 35.70452189815083 -8.649420519459513, 35.614400530034146 -8.887037456644327, 35.77773772107116 -9.08509630899821, 35.68755296242938 -9.323048293075544, 35.851193194180894 -9.521121371202106, 36.10488328989277 -9.48090381288036, 36.194567449464444 -9.242928396067258, 36.44754776959704 -9.202671606891593, 36.53666545570789 -8.965006589529654, 36.37331148352325 -8.767614827237173, 36.46237193909832 -8.530295900797467, 36.714276703911054 -8.49035637578863, 36.8774700607739 -8.687398837546505, 36.7889215319025 -8.924729186680747, 36.95240906553505 -9.12177904447154, 36.863806585937965 -9.359448141836758, 36.61119909836577 -9.400064230186196, 36.52202457872403 -9.638049733603795, 36.68597377965017 -9.835416804530773, 36.59674282882429 -10.073697025110903, 36.76099041476698 -10.27101207017187, 37.014300992466474 -10.229716574577946, 37.103010121565944 -9.991446954130485, 37.3555639546131 -9.9501142998862, 37.443692780876574 -9.712148670230688, 37.69547603946603 -9.670797625669376, 37.859467536333256 -9.867049204630376, 37.77187439612251 -10.104984886862248, 37.51975188592962 -10.146699862301986, 37.431573272342206 -10.384945504567376, 37.17867397840834 -10.426630474941893, 37.08991216140154 -10.665161574928444, 37.25458126226005 -10.86197728035515, 37.16576718923511 -11.100743838562698, 36.91175322037847 -11.142720805488247, 36.74690733699322 -10.945589379526727, 36.492496335087594 -10.987157331826474, 36.40257558628366 -11.226184763359154, 36.14743035096234 -11.267665359523138, 36.056934209926624 -11.50690316573028, 36.22209817261566 -11.704648456266062, 36.131540906501925 -11.944064676057916, 36.297011304044645 -12.141664433199848, 36.552885034772146 -12.099550094806862, 36.718502836679505 -12.296687674442115, 36.62840888012147 -12.536228753515466, 36.37217069873532 -12.578660203518554, 36.28149237746868 -12.818353843217759, 36.44757731306257 -13.015582680066005, 36.35683907285278 -13.25537524714169, 36.09949189926655 -13.297967532973937, 36.008169139297024 -13.537867197165745, 36.17471612591902 -13.735140685695505, 36.43243436038813 -13.692243765229911, 36.52323210627759 -13.452378813363904, 36.78019955296105 -13.40931311066267, 36.87040688196302 -13.169561774803144, 37.12660859067202 -13.126347433613686, 37.29295899056518 -13.322555936276542, 37.548732302664064 -13.278871436508204, 37.71518799726425 -13.474543012403352, 37.62606977237462 -13.714171463325036, 37.36994451441774 -13.758197339249453, 37.28022469425349 -13.997952404384977, 37.0233061895824 -14.041825188869765, 36.932987220681866 -14.281680873942383, 36.67529008067615 -14.325380268310532, 36.58437458605704 -14.56531041372777, 36.32591378809525 -14.608816021978607, 36.23440456877978 -14.848794320861552, 36.40188918508659 -15.045212539434962, 36.66072146850428 -15.001403047799933, 36.75169519462091 -14.761480020283127, 37.00975731986787 -14.71746421441096, 37.17720837374546 -14.913056231076064, 37.434843860546835 -14.868526197698467, 37.52466742245659 -14.628733381189749, 37.78149657583751 -14.584025671405561, 37.94885178361534 -14.778771317903272, 38.20520566708066 -14.733553923854691, 38.372638527933304 -14.927689471738198, 38.283942853375805 -15.167291415269734, 38.02724371730602 -15.212860716741439, 37.937932084772 -15.452537486683566, 37.68039909429072 -15.497925156302099, 37.59047367201174 -15.73765057487192, 37.332121090981815 -15.782835918680968, 37.164054857044675 -15.587967689335787, 36.90526252907719 -15.632615005911475, 36.814173654983136 -15.872444693017751, 36.554598037034225 -15.91686060997047, 36.46290610151172 -16.156679343223516, 36.20256258168445 -16.200843064865257, 36.03429180952443 -16.004896961225306, 35.77358100158935 -16.04851008098108, 35.68075867612163 -16.288346104214657, 35.41931839210787 -16.331678166281797, 35.251094173425486 -16.134908194231162, 34.989338483773054 -16.17768609618994, 34.821325257870285 -15.980333007731637, 34.915177758932515 -15.740427461054642, 34.74749076346524 -15.542735037416206, 34.48585233199239 -15.584723505657356, 34.39150026396305 -15.824643709520615, 34.1292019157176 -15.866328036857603, 33.96166756406771 -15.667864131626747, 33.69914216316374 -15.709009700366504, 33.53187553575128 -15.510018756023332, 33.269152700268876 -15.55063134681267, 33.10217252912173 -15.351132696306916, 32.839281927350555 -15.391218403317705, 32.74294771959035 -15.6309899266641, 32.9099609914407 -15.830708816658442, 32.813535774199266 -16.070380439446115, 32.54964253615131 -16.1102948207319, 32.45267126092517 -16.34980739970021, 32.62004564183502 -16.549438869560014, 32.88437208770347 -16.509350067334015, 33.05206423667454 -16.708453797653462, 32.955457754409906 -16.94784594996974, 33.123490600694225 -17.14660269369341, 33.3880910074825 -17.10576634715928, 33.48422742010905 -16.866361363081037, 33.74821505960432 -16.825146199068087, 33.916486072490926 -17.023136417836003, 33.82083090744112 -17.26254097668733, 33.98943827246134 -17.46014555855605, 33.893699896186206 -17.69935820201409, 34.06264438979596 -17.89655146436408, 33.966823114869584 -18.135546228135002, 34.13610551221464 -18.332302723365657, 34.04020165682067 -18.571053839671855, 33.774520635047566 -18.613068178676695, 33.678039001515515 -18.851575050356097, 33.847731050912785 -19.04804335845057, 33.751163862288024 -19.286261561957083, 33.484413905736005 -19.32803003404489, 33.387270039145164 -19.56595802897422, 33.557364648583246 -19.762094620674326, 33.460132209723895 -19.99968949529739, 33.19231868888954 -20.041165019776365, 33.09451082603209 -20.278424138098885, 33.265000664786044 -20.474186295894842, 33.167101170126074 -20.711068500494456, 33.33794149895607 -20.90627650621271, 33.239950657157664 -21.14275745419583, 32.97063379730656 -21.184051576931875, 32.87206555664059 -21.420133026096256, 32.6021424404492 -21.460882584611973, 32.50300175988218 -21.69653880369328, 32.67425909397278 -21.891427599620588, 32.57502053642696 -22.12662163796024, 32.304052117888915 -22.16693900740581), (37.242139496040224 -7.072523420776325, 37.329394976688235 -6.837207366045807, 37.578395359007445 -6.798089835710948, 37.74047129980889 -6.993919921169177, 37.65373691606499 -7.229244897967456, 37.40440337064721 -7.268731870333095, 37.242139496040224 -7.072523420776325)), ((48.38339742915991 -12.269290976153252, 48.54309696401805 -12.45039522781769, 48.472288296245836 -12.682328091906795, 48.24110484205531 -12.733499034209045, 48.16965581247308 -12.965926791876479, 47.93731300929724 -13.017309010283032, 47.8652212594167 -13.250211664873328, 47.63172256346974 -13.301789150742845, 47.55898583623875 -13.535146318844697, 47.720424707380346 -13.71658530557253, 47.64771863001306 -13.950039037053475, 47.41289499582524 -14.00239155998036, 47.33953961097194 -14.236262188884181, 47.50168767721647 -14.417436850056, 47.428361520778 -14.65136341574951, 47.19220572608512 -14.704455535348044, 47.11822594908753 -14.9387605621274, 46.88091408768321 -14.991980318990297, 46.806278667817566 -15.2266419730001, 46.56781538104548 -15.279971578659389, 46.49252241129318 -15.514967689335279, 46.65637473084817 -15.696297961337043, 46.8950276005223 -15.642402143793914, 46.96963752727021 -15.407742818708638, 47.20713262585468 -15.35394783334956, 47.281084638345476 -15.119627779923631, 47.51741739282738 -15.065951604326752, 47.59071355908287 -14.831992812947231, 47.82587973871264 -14.778453098564434, 47.89852223841967 -14.544877220843524, 48.13251794866622 -14.4914912847224, 48.20450906959874 -14.258319623804395, 48.04318887012815 -14.07817840180798, 48.11521429573088 -13.845072863727802, 48.34787742252274 -13.792467048635936, 48.419255950685454 -13.559803356035776, 48.65074779560496 -13.507392956135401, 48.811012923905054 -13.687029381390012, 49.041477128823146 -13.634205226252963, 49.1115288678063 -13.402370416086699, 48.9517994408518 -13.222992581849098, 49.02189161591872 -12.991273377833581, 48.86234651036884 -12.811392905875552, 48.932478358344184 -12.579812511733913, 49.16147703811242 -12.528475092905653, 49.32048512934773 -12.708084307988184, 49.548446385308154 -12.656355079548186, 49.70708914639036 -12.835203442722, 49.63831706683709 -13.066047277935974, 49.797136098045144 -13.24438862582682, 49.72840908341203 -13.475357130426149, 49.887403985695215 -13.653170163382255, 49.818722806558554 -13.88424042245335, 49.97789317369876 -14.061504059632913, 49.90925860522617 -14.292653196463558, 50.06860402378672 -14.469346588480365, 50.00001684574511 -14.700551779013965, 50.159536895019585 -14.876654320271063, 50.09099789178276 -15.107892807425333, 50.25069214374372 -15.283384148119087, 50.182202104299904 -15.51463325594725, 49.953320331052055 -15.57080484737602, 49.79305706707572 -15.395098897288973, 49.56308903868944 -15.450839374737125, 49.493251095366276 -15.682905647705288, 49.65407861994004 -15.858822238086455, 49.58428579246532 -16.09086599237014, 49.74529495991726 -16.26613381716862, 49.6755480451325 -16.498132350001647, 49.83673844323528 -16.672731610142748, 49.76703824283055 -16.904662347111707, 49.53544243534796 -16.962411319979406, 49.46508237033814 -17.194674526312703, 49.23225843984099 -17.25256221629018, 49.16123554660135 -17.485136430172357, 49.32374428348305 -17.659405126851784, 49.252764882418376 -17.891855155546367, 49.415462111625686 -18.065399392061284, 49.34452701675474 -18.297702928212676, 49.110181905667986 -18.35688111875969, 49.03857694177893 -18.589439585629552, 49.20203139573982 -18.762396615966985, 49.13046947204202 -18.99476932659338, 48.89473658146383 -19.054603724711573, 48.8224997880921 -19.28719186017995, 48.986713893108686 -19.45952280403751, 49.22259768722918 -19.399121265254742, 49.29411574548584 -19.166956213131257, 49.52875134533201 -19.10662249579365, 49.59959536533921 -18.874678103831194, 49.4365223663693 -18.702638831810745, 49.50741233592538 -18.470503907948984, 49.740659008209434 -18.410841349257257, 49.81088003776742 -18.17896629592838, 49.64856909888613 -18.006325031348236, 49.718837289804526 -17.77429841563726, 49.55671035254767 -17.600922440768876, 49.62702488695385 -17.36876638143434, 49.85875677232045 -17.310414055249566, 49.928409451797506 -17.078573546664163, 50.158905253052524 -17.02036920831316, 50.22789918101563 -16.78886551641896, 50.06710414464885 -16.615138805867698, 50.13614753606535 -16.383561676654136, 50.36528145881675 -16.326142148243356, 50.43367118521766 -16.09493943265376, 50.661571960191054 -16.037709936433973, 50.729311250316385 -15.806902099227074, 50.56985124147013 -15.632894125351058, 50.63764293748082 -15.402068315313851, 50.47835235361333 -15.22741804881697, 50.54619565945538 -14.996596674556466, 50.38707495783339 -14.821323914499645, 50.45496908197089 -14.590529483931252, 50.296018712484226 -14.41465430129418, 50.36396286789366 -14.18390940787975, 50.20518327310475 -14.007452134216917, 50.273176677269134 -13.77677944301789, 50.114568292462764 -13.599760658763795, 50.18261016736537 -13.369182892330215, 50.02417342059795 -13.191623414769797, 50.0922629927158 -12.961163338886658, 49.93399830486521 -12.783084209807834, 50.002134805162314 -12.552764619120591, 49.84404258997722 -12.374187092166764, 49.61726276378843 -12.425658852267082, 49.45879666476648 -12.246324979332972, 49.52765658075529 -12.015799307508441, 49.36936752866268 -11.836001622994315, 49.141679739899416 -11.886446346249882, 49.072144331564004 -12.117331015342963, 48.84328869039473 -12.168032838960043, 48.684113281746136 -11.98721269861904, 48.45424225823109 -12.037527429062587, 48.38339742915991 -12.269290976153252)), ((55.21974760549793 -3.9488814959793688, 55.43616545491176 -3.87033962427768, 55.59670034328019 -4.006253964558584, 55.54046371007823 -4.221357209851616, 55.32327477320064 -4.299965164447054, 55.163096054765276 -4.163403426236483, 54.946588567521786 -4.241759669525228, 54.889486776849196 -4.456733461766232, 55.04930027159659 -4.593941311024935, 54.99215483459875 -4.80994724699033, 55.1527050364798 -4.9481333864722865, 55.37076772490164 -4.869666900746158, 55.53242366344338 -5.008179022207421, 55.75116692718211 -4.929444552060903, 55.80747251817448 -4.712260645991331, 56.02610242961873 -4.633327589738011, 56.08194488617329 -4.416603244565366, 55.91958919997725 -4.279388527333739, 55.97540152291097 -4.063710419511273, 55.813785240839536 -3.927467431403136, 55.86956621403067 -3.7128428498152775, 55.70868420561089 -3.5775769887873135, 55.49236586369415 -3.6562876389413708, 55.33256102028466 -3.5213560638448698, 55.11691022636114 -3.5998299687521373, 55.06029969679565 -3.8133030525519453, 55.21974760549793 -3.9488814959793688)), ((53.58237854829122 -5.673255365570185, 53.43383586361074 -5.4971773338966745, 53.49336429899387 -5.280239155628669, 53.344945814371556 -5.103953180399475, 53.13642560865833 -5.144216900223254, 53.076260740980445 -5.361488364696295, 53.22525242503224 -5.538163656956608, 53.16514972477063 -5.755951388431242, 53.31426878683254 -5.932411527973087, 53.52291424830062 -5.89070102720781, 53.67158060768227 -6.066550560719362, 53.88918228888551 -5.989371267284424, 53.948133292477365 -5.771784526209359, 53.78987121726601 -5.6320092681822915, 53.58237854829122 -5.673255365570185)), ((44.800868515293274 -15.885970609979124, 44.72224387872802 -16.12244159237159, 44.4774498185582 -16.175016184466177, 44.311513223564106 -15.990604598373812, 44.06586187655532 -16.042672011017075, 43.9859104124223 -16.279654805045325, 44.15227448647181 -16.464290390152374, 44.072326531840474 -16.701200129971177, 44.2389356079681 -16.885252109705455, 44.48506247347075 -16.83217778612375, 44.56434146187567 -16.595554581461545, 44.809366172085106 -16.542467340761736, 44.887981376226264 -16.306057328753926, 45.131896688415196 -16.252976834138877, 45.20984920337722 -16.016803862511953, 45.45264825263996 -15.96374951436184, 45.617710030760776 -16.146338240740562, 45.859596247941056 -16.09278898534799, 45.936209559442005 -15.857191766756698, 46.17696037959769 -15.803697104668467, 46.25291268738354 -15.568389034085303, 46.0887939840315 -15.386254654626454, 45.84824656940964 -15.439199618363974, 45.77161560439788 -15.67482807973354, 45.52993931018699 -15.727837155645371, 45.365106009251264 -15.544675031296983, 45.12252432981356 -15.597196898980378, 45.04455984599983 -15.833412765186344, 44.800868515293274 -15.885970609979124)), ((45.983703327307296 -9.509224353541653, 46.14384100187485 -9.695515815059577, 46.37779711350362 -9.649527982322663, 46.53768545199037 -9.835205991976508, 46.77073655130056 -9.78885883380036, 46.84371587934578 -9.557437082428875, 46.68429387394272 -9.372099533756652, 46.75729655620023 -9.141010547873375, 46.59807750084124 -8.955411216175223, 46.36539220163991 -9.000553584586712, 46.29174359734617 -9.231896632732775, 46.05797677529981 -9.277289898399605, 45.983703327307296 -9.509224353541653)), ((46.15297375546095 2.33605553138017, 46.37522958811067 2.3647183928291935, 46.44518749375112 2.574906610734218, 46.293472986601216 2.7564935967441664, 46.07138792384944 2.7283940451735003, 46.00084748562824 2.5181456193758693, 45.777790455205604 2.4895927025342655, 45.706684708442424 2.2783914614704828, 45.8592169710555 2.095800107513501, 46.0824499134346 2.1249126743903854, 46.15297375546095 2.33605553138017)), ((34.382066682837035 -13.349913963581233, 34.54813290894191 -13.548907374482225, 34.45465515800743 -13.788944989845453, 34.62104414778008 -13.987731404175872, 34.52749077406736 -14.227796000153221, 34.69420322429764 -14.426348703484338, 34.9543716582246 -14.384583599907389, 35.0474290294697 -14.144520330090662, 34.88081658734751 -13.946220047567548, 34.97380177422559 -13.706176904512688, 34.8075096966908 -13.507649850337263, 34.90042235215029 -13.267653566726974, 34.73444997109607 -13.068926441630461, 34.827289753523274 -12.829003768125093, 34.66163639902385 -12.630103350931288, 34.75440297218833 -12.39028103684804, 34.58906797255895 -12.191234165280584, 34.68176100555928 -11.95153893925375, 34.93930253231565 -11.910869869461877, 35.031436001669306 -11.671301464188529, 34.8665161826479 -11.472428254289813, 34.60936285462549 -11.512831041314975, 34.51674368741553 -11.752372490657846, 34.25894594021631 -11.792615178452055, 34.165773882557716 -12.032276997692327, 34.33087601407789 -12.231730352959202, 34.23762706332877 -12.471526285053836, 34.40304985879797 -12.670853223056548, 34.30972432464901 -12.910756507562015, 34.475468485473215 -13.109930115115617, 34.382066682837035 -13.349913963581233)), ((32.3127954735057 -15.470522739122275, 32.049221256006945 -15.509735397833706, 31.951903678702365 -15.749315554203731, 32.11859790164016 -15.949736157493797, 32.382609979221485 -15.910362310891074, 32.47948707542977 -15.670729769337536, 32.3127954735057 -15.470522739122275)), ((47.19165901450384 -11.2231483915097, 47.118780222263865 -11.455666851753895, 47.2792136996984 -11.63934321764931, 47.51203525922392 -11.590195592981415, 47.58425065869892 -11.35798188976912, 47.42430878969566 -11.17461033844337, 47.19165901450384 -11.2231483915097)), ((44.750862750480906 -11.940059963962817, 44.58809103308175 -11.7527697079316, 44.34750266504756 -11.80043538447271, 44.269462713067156 -12.035933846279443, 44.02782298162836 -12.083721786762213, 43.864456278680365 -11.895476032040252, 43.622010666026625 -11.942843786517475, 43.458485153029244 -11.753957829964195, 43.53779995514893 -11.518013428208524, 43.374515629449036 -11.32881249590001, 43.13153121065585 -11.375245258306894, 43.051586790592864 -11.611394054421, 43.21525492363958 -11.800906534421852, 43.13530651302932 -12.03725604410702, 43.29921968525818 -12.226445799844434, 43.21926793670207 -12.462971034576903, 43.38342617581293 -12.651813443723691, 43.62714610444172 -12.603833830029611, 43.791153998739645 -12.792016285398113, 44.034075105705625 -12.743599185356818, 44.11274949645025 -12.507524825238928, 44.35462021415728 -12.459202916981809, 44.518045435117926 -12.646422787952911, 44.759082283334806 -12.597671026022264, 44.92231282783166 -12.784208448799887, 44.84493580216042 -13.019782921856045, 45.008395630532846 -13.205908119582606, 45.248794056950686 -13.15617562997589, 45.32551548938187 -12.92086917729896, 45.5648236151151 -12.871256871135005, 45.64090081635703 -12.636362229963341, 45.47832787638478 -12.450806477116473, 45.239229325239705 -12.499859136217642, 45.076434524030105 -12.313612271405002, 44.836468737068145 -12.362242927936517, 44.673467565047446 -12.175317101385016, 44.750862750480906 -11.940059963962817)), ((52.983810408587004 -6.4119769228518875, 53.133633658164314 -6.588572792602647, 53.34349858873509 -6.545683152816013, 53.403474870301466 -6.3269206280003445, 53.25422894757179 -6.150696342639196, 53.04442931834734 -6.192863760022403, 52.983810408587004 -6.4119769228518875)), ((47.85230671006801 4.918079615993418, 48.001103207153164 4.740280876425902, 48.216138973368004 4.764474722237115, 48.28223976011611 4.965894312882524, 48.49628025646817 4.989592536992084, 48.561831758123674 5.189997348919585, 48.41392221467271 5.3667605276489265, 48.200014842473706 5.343635661863093, 48.1338844991198 5.14317574953807, 47.918986571434345 5.119553412617058, 47.85230671006801 4.918079615993418)), ((48.16274370537903 -21.37908602970054, 48.32925040112033 -21.549313679364257, 48.56936521553351 -21.487228403842185, 48.64280581317473 -21.255443635781823, 48.47686211544078 -21.08532570892915, 48.23691396869637 -21.14688311196459, 48.16274370537903 -21.37908602970054)), ((47.23481722518622 -9.696055529052694, 47.16248990789791 -9.927203763892939, 47.32183700914811 -10.11161806076932, 47.553026085295414 -10.06455021950944, 47.71208170144001 -10.24831497662414, 47.94231463076105 -10.200886238648938, 48.013329127494984 -9.97031871886709, 47.854769320203985 -9.786883236465812, 47.925815556316934 -9.556624434940206, 47.76744673061887 -9.372880436256228, 47.53753878104564 -9.419058848092426, 47.465837501706005 -9.649605582569952, 47.23481722518622 -9.696055529052694)), ((42.66362356607905 -16.775818431100742, 42.581036444610106 -17.01358231664978, 42.74876016520858 -17.199662316420966, 42.99868530392055 -17.14776367418777, 43.080619008616566 -16.910249884702726, 42.91328265070328 -16.724383979910474, 42.66362356607905 -16.775818431100742)), ((48.42183172625167 -21.950531851519735, 48.25511767835752 -21.78117612410166, 48.01374733656661 -21.84322308159543, 47.9389198019189 -22.075139737113638, 47.69629772812331 -22.137127825524303, 47.6207728125342 -22.36907504607351, 47.78860245007289 -22.538625723299273, 47.71311119645301 -22.770177673076105, 47.881156655014934 -22.938825139651836, 48.124135354307896 -22.875831835705256, 48.19888993163704 -22.644691800865225, 48.03140342929947 -22.476132860476397, 48.10619491225981 -22.2445943992363, 48.347737392541745 -22.18203318284944, 48.42183172625167 -21.950531851519735)), ((50.62625786107367 -8.997707131580784, 50.56032551362725 -9.224072891665243, 50.71537733170965 -9.403525916161273, 50.64949444961891 -9.630225809693108, 50.8047061215795 -9.809322304125583, 51.0252442188021 -9.761394016114481, 51.09046343215715 -9.53505238342599, 51.30982912861822 -9.487480399451265, 51.374438023504865 -9.2618248238651, 51.220343757311525 -9.083380560858734, 51.001079685944774 -9.130264534181597, 50.84658115767533 -8.951143881444182, 50.62625786107367 -8.997707131580784)), ((33.97364326255132 -10.03730340540757, 34.229868001611266 -9.998071521860012, 34.3221885530447 -9.759410592875641, 34.15874948611281 -9.560049453119627, 33.90291700769788 -9.599029769884089, 33.810133881826005 -9.837621949334919, 33.97364326255132 -10.03730340540757)), ((47.5162794788304 3.9009186755159213, 47.73344405315942 3.9266651518642783, 47.8006221790763 4.13104035809327, 47.65121797305264 4.309730290235891, 47.434200007220085 4.284556683620381, 47.366440346874555 4.080121741102579, 47.14843592604015 4.054464615622903, 47.0801198903321 3.849035529183443, 46.861132434258025 3.8228995480684094, 46.79225844797443 3.616482477116264, 46.942952431408116 3.436257112548821, 47.162096310675594 3.4629607319298947, 47.230389002935965 3.6693206238251386, 47.44854491452264 3.6955481047374397, 47.5162794788304 3.9009186755159213)), ((40.53087823687949 -22.698567111708922, 40.61896075489196 -22.463395059952283, 40.44643910923756 -22.280781379949445, 40.1855116148308 -22.333214505649195, 40.09678091100989 -22.568607799202724, 40.26962371454249 -22.75134737067634, 40.53087823687949 -22.698567111708922)), ((48.7890383092531 -20.791651471267222, 48.86183164138794 -20.5596614869064, 48.6966560872703 -20.388816994287748, 48.769490636049454 -20.15654192886333, 49.00677604735034 -20.095537292422538, 49.07892854621633 -19.863420525248145, 48.91451883135895 -19.691886077724888, 48.67738947187337 -19.75233636668666, 48.60451454359685 -19.984875165252415, 48.36614258949851 -20.04535483920387, 48.29258503779886 -20.278046219691024, 48.458121622792646 -20.44984190928933, 48.38460221662746 -20.682252280088225, 48.55034253879191 -20.853217633112628, 48.7890383092531 -20.791651471267222)), ((48.88701898474102 6.18208456263766, 48.675224787440214 6.160534451800694, 48.61015567699906 5.9630914001548065, 48.75745612804596 5.7872460402121755, 48.96937504754072 5.809366543741461, 49.0338682447331 6.006760508155114, 48.88701898474102 6.18208456263766)), ((35.54831833740727 -14.737884015229943, 35.381182462022025 -14.54036166725264, 35.12130513116102 -14.582630507212235, 35.02817592809345 -14.82268720835278, 35.19543109612923 -15.020454252957174, 35.45569876089786 -14.977919111294549, 35.54831833740727 -14.737884015229943)))",Golden Spotted Reed Frog
184,23328,23276,Hyperolius fusciventris,species,20978,Amphibia,2.32,"MULTIPOLYGON (((17.731794182836012 -0.211284858144623, 17.59216740054532 -0.0220797740722822, 17.693080360904247 0.1997801713638893, 17.553761711514568 0.3881048853658711, 17.313987656370756 0.3548719343153602, 17.175435207095717 0.5426075558602452, 17.276195232757345 0.7632698836603811, 17.137947903776535 0.9500994945235111, 16.899406300157523 0.9165716181865388, 16.761930247368923 1.1027896895832974, 16.862526183189175 1.3222270480341611, 16.72535218514784 1.5075149507575791, 16.488055823529407 1.4736727812913302, 16.351657752605036 1.6583280654670518, 16.115153718154545 1.6244013006240425, 15.979537803744904 1.8084128874039322, 16.079940515009895 2.026042559862019, 15.94462154672712 2.2090926649890132, 15.709388850273939 2.1748206652298636, 15.57485591970675 2.3572080529581982, 15.340444445699092 2.3228340456580128, 15.206703135116072 2.504548690072781, 14.9731272623591 2.47006826626056, 14.872833914114153 2.2541433939747524, 14.639648286809944 2.2198303208374015, 14.507217380279599 2.4011635206232187, 14.607456550679501 2.6165094274468843, 14.475314064537542 2.7968499388477897, 14.243450852446188 2.7621441646350915, 14.112114995344115 2.941783999875689, 13.881128003413181 2.906959647329767, 13.750603207204477 3.0858902068431946, 13.520505136490442 3.050943577584626, 13.39079555199595 3.22915661481051, 13.161598685491043 3.1940841878711375, 13.032708185514622 3.371571807137186, 12.804424389417818 3.3363702383751885, 12.676356571938953 3.5131248924589698, 12.448997297268221 3.477791013744323, 12.321755488803177 3.653805501129436, 12.421320701431313 3.8648607546093237, 12.294352016976944 4.039836103302269, 12.068372271880406 4.004049121576165, 11.9422301593454 4.178272672961405, 12.041511476854737 4.387987709772926, 11.915638915082752 4.561158682940492, 11.69104307470559 4.5249100177968025, 11.565997326256849 4.697318797530693, 11.664987352453693 4.905678463124461, 11.540207573880679 5.077022546627565, 11.316999388838042 5.040304733863688, 11.218136643173267 4.832559895216186, 10.995453703529648 4.796006677978756, 10.872068742028262 4.9668746186009045, 10.650356342785017 4.930166156767795, 10.527804853731766 5.100256094134562, 10.307071862689071 5.063390626165164, 10.146073069570974 5.226578740316355, 9.92584968575693 5.189459028165709, 9.867155862482889 4.989683573179226, 9.647982135260634 4.952845743145656, 9.486982467842267 5.115245958862771, 9.544867344335842 5.315169625685269, 9.764562195209066 5.352546975376046, 9.823216215355558 5.553442387523243, 9.661361768089137 5.717105244592296, 9.719974102954495 5.919113266359487, 9.557549858005018 6.083336985846477, 9.616118594788645 6.286449845106311, 9.45312170176166 6.451219984783848, 9.231858106793567 6.412184954346951, 9.068594419980741 6.576796076581602, 9.12628426893258 6.781130684208072, 8.96244760824328 6.946257929826665, 8.741241157193969 6.9063594865057105, 8.577155548206946 7.07129841772863, 8.356549901663897 7.031099371567126, 8.192230682958694 7.195836268069859, 7.97224465305888 7.155334096158665, 7.807707181707002 7.31985536135008, 7.588359354690596 7.279047700708482, 7.42361899784612 7.443339869455376, 7.477861177172599 7.649120104018679, 7.312556921405559 7.813849980258444, 7.093385842736126 7.772117296983741, 6.927897399730455 7.936588946097932, 6.709410418667744 7.894537859242214, 6.543753289694536 8.058738096063287, 6.3259683504861925 8.016366881330603, 6.274302282215416 7.810432167023268, 6.057688297689623 7.768382181613844, 5.89228998004009 7.931626201363189, 5.943092799793817 8.137589786016708, 5.777144724332032 8.301208296374694, 5.560816627928432 8.258192335920906, 5.394746232081559 8.42150087567184, 5.179172380006321 8.37816064066428, 5.130101417153696 8.172173250269196, 4.91572060340323 8.129174779439126, 4.74998943090759 8.291498817744957, 4.536386341236323 8.248181891616534, 4.370574591121283 8.410174701944383, 4.157765401936842 8.366538455179782, 3.991888163126646 8.52818806733307, 3.7798887466808537 8.484231803417938, 3.6139610378100713 8.645526443536594, 3.402786956090921 8.601249634466104, 3.2368237180604353 8.76217773012084, 3.0264902170195285 8.71758001587586, 2.860506305696248 8.878130200888759, 2.6510283098155583 8.833211388706003, 2.4850384888841575 8.99337250769461, 2.27643059608468 8.948132571134806, 2.1104495300587303 9.107893683777245, 1.902726006953543 9.062332761596167, 1.7367682543531942 9.221683146615836, 1.5299430318465284 9.175801541442869, 1.3640230385493908 9.334730700311331, 1.1581097077821312 9.28852887714136, 0.9922418005536429 9.447026537499312, 0.7872536091963411 9.400505122003139, 0.6214519894051307 9.558561240799515, 0.4174018382974225 9.51172101745907, 0.3794557982523656 9.307568559843185, 0.1766487302456312 9.261157852661553, 0.0114950675721843 9.418154260466906, -0.1903592852106328 9.371432146082698, -0.3554103072977739 9.527972738162598, -0.5563000865648746 9.480940269232264, -0.7212348999496214 9.637015816151708, -0.9211485992376538 9.589674194284626, -1.085953785975363 9.745275702121821, -1.2848802523947143 9.697626275428604, -1.4495425497844678 9.852744987464954, -1.6474709854369962 9.804789247968625, -1.811977290885352 9.959416646115631, -2.0088972539594465 9.911156227033132, -2.1732346296330434 10.065284033000324, -2.369136035179821 10.016720705900934, -2.533291712445049 10.170340882109018, -2.7281648328413723 10.121476553957773, -2.8921262164896007 10.274581304201485, -3.0859616815932043 10.225418014294513, -3.249716353850232 10.377999784160547, -3.442505150852668 10.328539700959775, -3.6060408751722264 10.480591178005024, -3.7977743481562527 10.430836595879937, -3.9610790727965934 10.582350709575653, -4.1517489220046855 10.532304045459503, -4.322448494447826 10.629686813652329, -4.520449006078792 10.52549921089905, -4.692315477476512 10.622880849968126, -4.890723021248164 10.518236158183582, -5.063750384990016 10.615610353537354, -5.262549942814388 10.51051009637199, -5.436731791332647 10.6078704976382, -5.412035470953384 10.81113799123953, -5.587296306958649 10.909286634664156, -5.7873244816603915 10.803357872111974, -5.963738232330286 10.901479902128235, -6.164123593066336 10.795090696450103, -6.3416827956068005 10.893179510971605, -6.542409151090311 10.78633182004467, -6.721105926515946 10.884380792544983, -6.699039984330568 11.090087461828613, -6.878840390416428 11.188901138061032, -7.080734615200413 11.081195304747656, -7.261668723660364 11.1799552406009, -7.463865755743797 11.071786788533664, -7.645924578775663 11.17048613145259, -7.848407076399127 11.06185749769801, -8.031581198457843 11.160489383957865, -8.23433154533663 11.05140317437134, -8.418611122335903 11.149960733237327, -8.400162613556006 11.358414631098961, -8.585571311791682 11.457701723558714, -8.789396635923936 11.347722338997903, -8.975903729757022 11.446919977957242, -9.179954531850996 11.33648011771371, -9.367549017070331 11.435581249578405, -9.571806590016934 11.324684053921125, -9.760477028136307 11.423681633613427, -9.744960432466769 11.63438489972785, -9.934777903956643 11.734080489486452, -10.14003091486589 11.622262226845294, -10.330914639711438 11.721838177698752, -10.536328797633075 11.609560732629463, -10.728266146536896 11.709009856809457, -10.933821717485927 11.596276947926182, -11.126799626359514 11.695592083438964, -11.332476655608446 11.582407617980122, -11.344389794723241 11.370403083250748, -11.54939225708074 11.257272661437574, -11.743255783875838 11.355647423743248, -11.948347881221878 11.242082330949126, -12.143209702643247 11.340311707433925, -12.348371180943502 11.226316366519532, -12.357912363692293 11.01460882081676, -12.562374930326456 10.900711095755659, -12.758042696535341 10.997999904340505, -12.749427296866145 11.20997252073689, -12.544216874478423 11.324393501204538, -12.535073821211085 11.537257143196518, -12.732074738106718 11.635965389412522, -12.723337004866465 11.849980366363397, -12.516658154213303 11.965016109836338, -12.50738492802111 12.179905878389278, -12.705737174917147 12.280033520570138, -12.913176263021853 12.16447232590774, -13.112512319385672 12.264416799088359, -13.319971671116946 12.148404517348364, -13.520275623736467 12.248158564262177, -13.727733722898478 12.131700193203008, -13.928989240732989 12.231256621191644, -13.923015617365763 12.448059920390241, -14.125449216706386 12.54819844242691, -14.33361443324577 12.430744444799643, -14.536981363497915 12.530666949593622, -14.745090880957548 12.412769031596596, -14.949373613594986 12.512468340650361, -15.157405200992628 12.394132192842408, -15.362585808055513 12.49360121320255, -15.570517124704907 12.374832730807833, -15.77657728697963 12.474064460172588, -15.98438589585112 12.354869741905368, -16.19130691154595 12.453857273648957, -16.398970292857427 12.334242620289428, -16.399039534073893 12.11623888660305, -16.192440118764665 12.01801495980761, -16.193002660097648 11.801127461404612, -15.987560019479986 11.703427651242633, -15.78124237167296 11.821854594632338, -15.576648110577793 11.723927264122233, -15.57867233352249 11.508338177573151, -15.375231168609702 11.410957384270931, -15.377724303289227 11.196501695522599, -15.175429336836515 11.09967779729094, -15.17838376174916 10.886361509739679, -14.97722806749519 10.790104421255943, -14.980636265369185 10.577933093814046, -14.780612891729703 10.482252292274108, -14.576921769795177 10.597980980129597, -14.377774220365268 10.502122696743816, -14.38256622046842 10.291300931382683, -14.184545809044096 10.196038206341088, -14.189768219743769 9.986373709967083, -13.99286776716042 9.891714911898458, -13.998513433247098 9.683211786707245, -13.802725749361173 9.589164867133055, -13.80878761758808 9.381826805757791, -13.614105503945439 9.288399305893176, -13.41315081287027 9.40155100652694, -13.219365702680335 9.307991104788732, -13.226735401735255 9.102040749933163, -13.426992874473797 8.989428657484712, -13.433866390285743 8.784430205254308, -13.241373801264217 8.692262562265677, -13.248642961594186 8.488437878417443, -13.447519473347796 8.376566599342615, -13.454299467276684 8.173704337939382, -13.263082337409031 8.082924581755767, -13.064892472497888 8.194261110924323, -12.874560576898972 8.103378743278741, -12.882601157909306 7.901907646072611, -13.08010496437359 7.791101817137452, -13.087659773983745 7.59059372386894, -12.898573780520252 7.501105329001532, -12.90650630879884 7.30177630665707, -12.718475309697965 7.212941426291028, -12.522341490869735 7.322697953274108, -12.335196629172003 7.233784581034821, -12.344346110330093 7.035853616998724, -12.158249220255556 6.947606089433818, -11.96285260707009 7.0565521004653835, -11.777654523245417 6.968238290086668, -11.787993692896123 6.77171690727005, -11.60383601529287 6.684080346895931, -11.409208466651222 6.792228387799153, -11.225961225662928 6.704537285510377, -11.237462805753097 6.509435641714111, -11.055247895999145 6.422432286737444, -11.067078706854062 6.228512315778975, -10.885888753121208 6.142199791411599, -10.6927626126826 6.249075169374538, -10.51249253694121 6.162725895958816, -10.52544484779574 5.9702336115565835, -10.346191094732262 5.884584253223339, -10.153897869047 5.990696769991688, -9.975573263563831 5.905021109810209, -9.989620100017618 5.7139633763799855, -9.812302752661026 5.628995863163556, -9.826646264476835 5.439115772295777, -9.650328685238179 5.354858170659236, -9.66496350510971 5.166153881275639, -9.489638239159461 5.082607675121064, -9.29961976260671 5.1870455731329965, -9.125227939537695 5.103494117680044, -9.140904462509184 4.916224501281404, -8.967495392048619 4.833390899742519, -8.983445201651335 4.647291705001591, -8.811011423503231 4.56517671500492, -8.622591152121885 4.668447743078152, -8.45109515758196 4.586341283816472, -8.468047902713636 4.401676196634091, -8.297517263786887 4.320293599113717, -8.110013037116914 4.422866011495535, -7.940425833405897 4.341500030605785, -7.753147225649599 4.443814262549664, -7.584511312740574 4.362468231603049, -7.397472303137874 4.464520590033073, -7.229795223333781 4.383197833887514, -7.043009591837148 4.484984722618629, -7.023180336276226 4.66851289719579, -6.835935289730372 4.770445002264547, -6.669247654144755 4.688433089910933, -6.482279240803479 4.790086781437045, -6.316574946311022 4.708104091815504, -6.129896543024159 4.809476059260464, -5.965182076414919 4.727526001407149, -5.778806844316534 4.828613033783531, -5.756407607546464 5.012047031648054, -5.569604982844538 5.113238342597229, -5.405947003465485 5.0306017913281895, -5.219470271296814 5.131495888759907, -5.05682416999187 5.048898506489491, -4.870686040758812 5.1494924804111655, -4.716984971505667 5.004393089820513, -4.53845050814283 5.042309654304255, -4.513475132610836 5.226042318481359, -4.333830043255318 5.2644568323313266, -4.179308970465058 5.118421637903687, -3.998700970307141 5.15661522497717, -3.843960791823889 5.010209707712758, -3.662396615598283 5.048182136577349, -3.507447410736887 4.9014140486598805, -3.32493407956909 4.9391651959569325, -3.2971976936883607 5.124393449841763, -3.1135625369119566 5.162630348633816, -2.9578431991310765 5.014930023862576, -2.7732654442525018 5.05294169844617, -2.617363213401177 4.9048907052456805, -2.4318507052961706 4.942677214303905, -2.2757762933552783 4.794283921432291, -2.089337168605084 4.83184543766125, -1.9331014314218748 4.683118388756436, -1.7457441183589992 4.720455200062443, -1.7144104112698528 4.907214014705635, -1.5259233482101138 4.945018899547511, -1.4940068080297522 5.132840417029378, -1.304383622657241 5.171111398967762, -1.1469037361372614 5.020864254863508, -0.9563721273521537 5.058902415285193, -0.9230860869220976 5.24788239424733, -0.7314128315811104 5.286379977466388, -0.5732681325123394 5.135203757306624, -0.380697072262592 5.173464493135677, -0.3460205718781424 5.363593067330555, -0.152303056697491 5.402306005613817, -0.1170101852161452 5.593496425540901, 0.0778595857531741 5.632658569166355, 0.11377621651053 5.824910282350668, 0.3098039635355292 5.864518365517626, 0.469641610574314 5.711180993429183, 0.6665517897177722 5.750538439128791, 0.8264624631979132 5.596881173966191, 1.0242437745398547 5.635988581157951, 1.062404758882309 5.8294385329112, 0.9019772100019168 5.983718992113566, 0.9399753452119057 6.178162747137271, 1.1392137348416327 6.218390916834096, 1.3001558848822015 6.063484721927613, 1.500260241274077 6.103452553982607, 1.5397284398547413 6.29901392560751, 1.7410018634208768 6.339405522942753, 1.902491685608254 6.1835502021308395, 2.1046156220960484 6.223676766427398, 2.14557304787931 6.420340617795907, 2.3488674535892073 6.460880728683472, 2.5108714638704726 6.30407706726933, 2.714999749685205 6.344347409301181, 2.757464912010306 6.542097430692819, 2.9627641329170444 6.582770491421212, 3.1252474051493664 6.4250198130996745, 3.3313626745595855 6.465418338964214, 3.493822488102097 6.307372321659665, 3.700739727089143 6.3474973777194235, 3.7455652335382865 6.5463310238574905, 3.9536479300721794 6.586841507482609, 4.116526825069457 6.427858479364312, 4.325391819110251 6.4680908482078445, 4.488209232143049 6.308832253431081, 4.6978415315280415 6.348787862160136, 4.8605831865393725 6.189265516920486, 4.813256835006683 5.990448822393772, 4.975482512307963 5.83133658715718, 4.928042532333194 5.633573442160502, 5.089754136396095 5.47488630848796, 5.299326474446929 5.51330242379433, 5.460940357014039 5.354392966798046, 5.412568093290588 5.157731654208794, 5.573666100071449 4.999276463052497, 5.525190127426811 4.8036908597451475, 5.685774238103733 4.6457040966498235, 5.637196784763432 4.451201125449608, 5.797268981476265 4.293696605616241, 6.006312252885607 4.330033623093414, 6.118681854252628 4.163680341629066, 6.328813390365212 4.199868226503402, 6.4261745582413425 4.402831820633085, 6.636987290802409 4.439289863231814, 6.750840646586312 4.272367138222463, 6.962729798532564 4.308675018250541, 7.060359552453434 4.5123158508608725, 7.272912291089256 4.548880545852058, 7.388242114414936 4.381399619142664, 7.601858216852548 4.417813081532751, 7.699733391764255 4.622105075327513, 7.913994469509163 4.658761550360901, 8.03079203612424 4.490734047532948, 8.246102193949582 4.527238184313522, 8.344198848186522 4.73215438908028, 8.5601343674293 4.768887287586577, 8.678389483587637 4.600325216504871, 8.895358555968926 4.636904640554137, 9.014462215741673 4.467547164216959, 8.915995782729652 4.261341952119275, 9.035348301524266 4.090924298405338, 9.253767792486599 4.126979502344404, 9.373970990196398 3.9557731030239416, 9.59341304245197 3.9916818710607394, 9.714466054474798 3.819691222934807, 9.615481338686692 3.611525289611076, 9.736789715565891 3.4384881905378117, 9.957677717854125 3.4738830384974055, 10.07983753592734 3.30007007611862, 9.980515868723188 3.090599070886217, 10.102934813511098 2.915751909318753, 10.003437996455148 2.705626695345733, 9.78168321483912 2.670987536104398, 9.682173306601044 2.4608613681010687, 9.804253945721513 2.284736989851023, 9.70456779567428 2.073987051522417, 9.826907931219466 1.8968523696983581, 9.727044945890697 1.6854941150464957, 9.505009971797165 1.651913701245841, 9.405139394736693 1.4406050885022748, 9.527132369839222 1.2622357838690352, 9.427083881226366 1.0503506833863012, 9.549336679983895 0.8709973972326519, 9.449109675532213 0.6585521800373009, 9.226805274413351 0.626106322858392, 9.126576271307272 0.4137622489215464, 9.248472971721725 0.2332205432921474, 9.148064392950289 0.0203494701152578, 9.270221200694522 -0.1611475059381012, 9.169632431144151 -0.3745283376612618, 8.947069599250142 -0.4057645975863912, 8.846484517725656 -0.6189920742483058, 8.968276207625564 -0.8016277719384116, 8.867509892708568 -1.0153307145908632, 8.98956192897927 -1.198890637876527, 8.888613754722485 -1.4130509912372042, 9.010927200936123 -1.5975220709707665, 9.234820466151234 -1.5676512107926988, 9.358028351586427 -1.7528439749471556, 9.256712607767668 -1.9680846022942613, 9.380185956080311 -2.1541678647617797, 9.605604743126179 -2.1248339975178627, 9.729974573502886 -2.3116227709496155, 9.62829733665248 -2.527917160252926, 9.752936695761775 -2.7155744025972948, 9.979880735631241 -2.6867658744077434, 10.105418328050888 -2.8751111140874457, 10.333427145376618 -2.8463579712984983, 10.459861478300922 -3.0353811250424427, 10.357665604500767 -3.253325482539302, 10.484376482176117 -3.4431849114480353, 10.713903452504809 -3.4149320436889337, 10.841512216235913 -3.605449804660974, 11.072088044009604 -3.5772341608807885, 11.20059261856963 -3.7683990753644245, 11.097908012406009 -3.987944153357026, 11.22669609392122 -4.179910123666871, 11.45878061255533 -4.152166363184558, 11.588465004791146 -4.344757812753469, 11.821580325104094 -4.317031279566708, 11.95215834090203 -4.510235925712155, 11.849016912998138 -4.731328246698165, 11.979885321904675 -4.925295694235236, 11.8765581645047 -5.146706392323087, 12.007718173110703 -5.34141855449532, 12.242809178290912 -5.314565445190374, 12.37486543514126 -5.50985560235467, 12.271229266688437 -5.732147818197852, 12.403581158763927 -5.928152473458555, 12.29975826554184 -6.15071536900545, 12.432407025040192 -6.347415355502379, 12.66947954218233 -6.3214099645202015, 12.803026752488961 -6.5186497554634215, 12.698903188134324 -6.742031568770075, 12.832751307515167 -6.939934459664736, 12.728440094172583 -7.163537428117222, 12.862590380319062 -7.362083222178085, 13.101649296486784 -7.336895738693892, 13.206064451932463 -7.112732972128091, 13.445626991849707 -7.087062225967088, 13.54995001707374 -6.862558681599428, 13.789999914566181 -6.836416480963531, 13.894222997129248 -6.611593385572642, 14.1347438238368 -6.584991841245741, 14.238859147318237 -6.35987065831675, 14.10237848393237 -6.161903945655892, 14.206309787158546 -5.937055907218421, 14.446792453264635 -5.909625557869764, 14.550609351976078 -5.684519993922477, 14.791529603275649 -5.656667445112044, 14.89522432661468 -5.431326271819985, 14.757940958972995 -5.234388667863028, 14.861454605525552 -5.009381206927414, 15.102305046308686 -4.980764625789569, 15.24013017847318 -5.177509913587797, 15.481875162113312 -5.148852438199915, 15.585302249206023 -4.923106524828097, 15.827434116796894 -4.89406683444982, 15.930715765102804 -4.668152119954858, 15.791834779400148 -4.471817677785946, 15.894939216737214 -4.246293070763282, 15.756370372566295 -4.050682667149863, 15.515217046170733 -4.080380256004842, 15.377480366566942 -3.885290624081518, 15.137201335421224 -3.914967437464368, 15.00030269978086 -3.72041329538732, 15.103151417593438 -3.4964021273844867, 15.342945379997388 -3.4663915337110893, 15.445661489029476 -3.242263677214896, 15.685843401118063 -3.211919944885087, 15.823791733989395 -3.4060251374225965, 15.721040157635201 -3.630703200208221, 15.859298119818305 -3.8255703819887863, 16.100821950328793 -3.7955291342424005, 16.203599263917795 -3.5703079852089976, 16.44547654767925 -3.539937257209234, 16.585061664162566 -3.7350900284262982, 16.482268480287246 -3.960846946337191, 16.622167523860014 -4.156736214136874, 16.86535668378471 -4.126633731724514, 16.96815573756686 -3.9003485596831897, 17.211662519993467 -3.8699204959204097, 17.314285359660147 -3.643557529422546, 17.55809220142524 -3.612818563206307, 17.660531199262437 -3.38640079749139, 17.519178150966184 -3.191241880168817, 17.621447199776583 -2.965307360418282, 17.865050260838217 -2.9340170750133523, 17.96712944366078 -2.7080692173724237, 17.82562837705754 -2.5139300481086675, 17.92753962703341 -2.2885051783607913, 17.78635400663444 -2.0951446052511464, 17.88809776864585 -1.8702636985487036, 17.747226359842443 -1.677699828677743, 17.848803077775784 -1.4533834836630088, 17.70824465229714 -1.2616339734411979, 17.809654769036996 -1.0379024032315471, 17.66940810491414 -0.8469844525190751, 17.77065206233715 -0.623857476268679, 17.630715943866875 -0.4337878231036758, 17.731794182836012 -0.211284858144623)), ((-16.81703925540228 12.971541714202978, -16.816097855530302 12.751328700969815, -16.607165124199412 12.6520915454302, -16.3988308063538 12.772306261464891, -16.398760556201466 12.992359759701433, -16.608035489363317 13.092360612979014, -16.81703925540228 12.971541714202978)), ((13.508005207736488 -7.935121295759634, 13.267453452803807 -7.95994962530166, 13.162661916714569 -8.184475793600019, 13.298326112331011 -8.38471656907787, 13.539375319219602 -8.360313050177664, 13.644260660109296 -8.135243425232483, 13.508005207736488 -7.935121295759634)), ((-16.19467426632795 11.154634205729824, -15.990689026622988 11.058226699604264, -15.785841099915615 11.175864679555872, -15.784315475842078 11.390498859238031, -15.988607987076563 11.487663491429402, -16.194119714830492 11.369434322264043, -16.19467426632795 11.154634205729824)), ((8.62026434610047 3.6413136466738547, 8.7392606758402 3.4695855063085803, 8.95749646550047 3.505018762609893, 9.056310654687394 3.7125692566949824, 8.936708283523217 3.8840396651668008, 8.718896311141862 3.848218384558406, 8.62026434610047 3.6413136466738547)))",Lime Reed Frog
185,23331,23276,Hyperolius marmoratus,species,20978,Amphibia,2.32,"MULTIPOLYGON (((50.56985124147013 -15.632894125351058, 50.34207012354767 -15.689493313725022, 50.27362984150636 -15.920730461398147, 50.04462137434032 -15.977527442154837, 49.884180422581665 -15.802461533764117, 49.953320331052055 -15.57080484737602, 49.79305706707572 -15.395098897288973, 49.56308903868944 -15.450839374737125, 49.493251095366276 -15.682905647705288, 49.65407861994004 -15.858822238086455, 49.58428579246532 -16.09086599237014, 49.74529495991726 -16.26613381716862, 49.6755480451325 -16.498132350001647, 49.83673844323528 -16.672731610142748, 49.76703824283055 -16.904662347111707, 49.53544243534796 -16.962411319979406, 49.46508237033814 -17.194674526312703, 49.62702488695385 -17.36876638143434, 49.85875677232045 -17.310414055249566, 49.928409451797506 -17.078573546664163, 50.158905253052524 -17.02036920831316, 50.22789918101563 -16.78886551641896, 50.06710414464885 -16.615138805867698, 50.13614753606535 -16.383561676654136, 50.36528145881675 -16.326142148243356, 50.43367118521766 -16.09493943265376, 50.661571960191054 -16.037709936433973, 50.729311250316385 -15.806902099227074, 50.56985124147013 -15.632894125351058)), ((22.00174095365179 -33.50662524186373, 21.717437568267002 -33.52130036357491, 21.54862672307675 -33.333165959946186, 21.265047016150675 -33.34692510869706, 21.149655110987965 -33.54865032056136, 20.866203065286072 -33.5613283238776, 20.69877464380974 -33.37245971817233, 20.416108650873525 -33.38423865642496, 20.300244262686476 -33.58469913008554, 20.017764002827874 -33.59539575981857, 19.851783050006645 -33.40582930648918, 19.570149553821636 -33.41564514066488, 19.40512633213092 -33.22533385420106, 19.12436922188482 -33.23428421528169, 18.960317195329765 -33.04324900742934, 18.680465389803572 -33.05134954958882, 18.564036289034533 -33.25025695223981, 18.284485529257864 -33.25728434201575, 18.122000034775652 -33.06564315033443, 18.238479183380434 -32.866878302428965, 18.51739747950893 -32.85961161084898, 18.63361070610958 -32.659682337333926, 18.470957561507703 -32.467165713034476, 18.586955541281014 -32.266224908592136, 18.42471532610614 -32.07294463710973, 18.147054513705086 -32.08070352623031, 18.031010059510777 -32.281493855003525, 18.19266924381185 -32.474676249644396, 18.076407766777578 -32.67445908527492, 17.79845046113789 -32.68090819099786, 17.68193660100016 -32.87952527007668, 17.843411108668505 -33.07184148357751, 17.726677215528582 -33.26943442982848, 17.888564995421603 -33.460973400390614, 17.77161039648729 -33.65753249534484, 17.933913313431447 -33.84827999431472, 17.816737334156443 -34.04379598093224, 17.979457264045806 -34.233738210084944, 18.259956202847377 -34.22826408002008, 18.423695112793524 -34.41748643270461, 18.70515829635241 -34.41114938087847, 18.869903845009702 -34.59963089654138, 19.152302839918462 -34.59241478694595, 19.31804212518543 -34.78013478247663, 19.601347755962763 -34.77202380535107, 19.768067315400685 -34.958961891368894, 20.05224967485094 -34.949940580773976, 20.169067674904653 -34.753789526342054, 20.453455470273894 -34.74366161150555, 20.569944278385208 -34.54633593966791, 20.854509496818878 -34.535104454959566, 21.02321973796242 -34.72137350675735, 21.308569122078183 -34.709209356003896, 21.424569498415877 -34.51060935946153, 21.710037019697438 -34.49734214255826, 21.88013398843512 -34.68283179351121, 22.16632185267423 -34.66861509638535, 22.281778308722267 -34.46876020338787, 22.111229511335324 -34.283220694903065, 22.226488356728765 -34.082318488529644, 22.51210758379227 -34.06685911773457, 22.683090711791806 -34.25244425388567, 22.969366573588104 -34.23603106043719, 23.141197122647895 -34.42074748418494, 23.4280957331477 -34.40336783496067, 23.542538609739154 -34.20114921471932, 23.82940651318586 -34.18267871344202, 24.002446450400726 -34.36653965706154, 24.289870021150534 -34.34708962764286, 24.46370271344199 -34.53004084458246, 24.751646671103714 -34.50959993863871, 24.865141877991277 -34.306114848347214, 25.1529613507837 -34.28458933036783, 25.265994681577297 -34.08000428653117, 25.55366155503708 -34.0574023624982, 25.728895079027126 -34.23946104359903, 26.016980321108065 -34.21585824961007, 26.129229058679016 -34.01013065806076, 26.417100697760844 -33.9854612312774, 26.593314852829764 -34.166576233227104, 26.881535007608875 -34.14089773551404, 26.992947144085036 -33.93405704809914, 27.280892875776203 -33.90732339454336, 27.391788861489346 -33.69943062792137, 27.679432805941815 -33.671652431155294, 27.789803813529346 -33.462721419570464, 28.077118864700566 -33.43390982494986, 28.18695627769432 -33.2239548975966, 28.473915601489296 -33.19412157772541, 28.583211017587104 -32.983157554859766, 28.86978806528242 -32.95231470344269, 28.97853329937348 -32.740356891908775, 28.801109566638047 -32.559255053131515, 28.909712590606574 -32.34632683188349, 29.195327285885696 -32.31449212457369, 29.30337597835978 -32.100595743291166, 29.588562635871853 -32.067786735917544, 29.69604926588869 -31.852938768155333, 29.9807823794944 -31.819169310532658, 30.087699438527864 -31.603386797958898, 30.371953831786982 -31.568671226704843, 30.47829403580465 -31.35197167194751, 30.30082959548946 -31.169976809671986, 30.407042768647898 -30.952361169767546, 30.690267200778635 -30.91675664129914, 30.795900283664736 -30.69825330784688, 31.078603453201453 -30.661742746866082, 31.18364961879226 -30.442370420693816, 31.46580749364685 -30.404969685867396, 31.5702601419043 -30.18474750063813, 31.85184905628458 -30.146472891083448, 31.955701815280094 -29.92542040348071, 32.23669847885395 -29.886288646486523, 32.33994520566006 -29.664425825838062, 32.62032671222644 -29.62445406401754, 32.72296149357837 -29.40180128136849, 32.54572199411817 -29.219068533915955, 32.648252391053376 -28.995587991090332, 32.927512449077796 -28.95489800046056, 33.029429000928644 -28.730661708586293, 32.85259806855282 -28.54705866729404, 32.954413716160246 -28.322024398977415, 32.777960897989715 -28.13752167907403, 32.879675344438596 -27.911706247756506, 32.70359965347416 -27.7263206226573, 32.80521260822172 -27.49974131947242, 33.08239423796647 -27.45860479850616, 33.183399072192344 -27.231334158240372, 33.007731928846994 -27.045144528599074, 33.1086386714008 -26.817142711222775, 32.93334339878959 -26.630108795659634, 33.03415174946596 -26.401394325919913, 33.30974729988972 -26.35977208127419, 33.40994959203147 -26.130419472283847, 33.23506694198875 -25.942632844215144, 33.33517417963185 -25.712602314666892, 33.609651183571145 -25.670420820275623, 33.709150917698 -25.439791491279166, 33.98295453907676 -25.39694153383379, 34.08184190999657 -25.165737286400653, 34.35495203832136 -25.122238669704068, 34.52961634715467 -25.309780870064962, 34.80245079873691 -25.26547758331401, 34.90018038160221 -25.033808906359912, 35.1722751716911 -24.988885386172594, 35.26937554712339 -24.756698183878612, 35.54071173874323 -24.711174943629754, 35.637178927709385 -24.47849390285013, 35.46286894349532 -24.29123335804587, 35.55926258196942 -24.057973475945726, 35.82940567347845 -24.012083321845534, 35.925165881876666 -23.77837170063392, 35.75134531203179 -23.590443643942343, 35.84703504389239 -23.35619184176468, 35.673555790352225 -23.1675145513992, 35.76917460565704 -22.932744422207172, 35.59603598660624 -22.743338769807682, 35.69158345194933 -22.508072547558, 35.959713621419354 -22.462316273243996, 36.05463447274968 -22.22667698096151, 35.88198278002838 -22.036692820840813, 35.97683528256596 -21.80059824118112, 35.80451924688907 -21.609934561610693, 35.89930296280437 -21.373407841182075, 35.727321927233675 -21.182086840559954, 35.46041460210222 -21.22715288605036, 35.288631648095844 -21.035050665843983, 35.38388950947396 -20.79802960221261, 35.212443740481746 -20.605309404913378, 35.307628181756 -20.367908701153137, 35.13651890033415 -20.17459372875966, 35.23162952640172 -19.93683764070087, 35.497316356248916 -19.89247090134207, 35.591820675622614 -19.654453580501592, 35.856764994339244 -19.609674064268994, 35.95065945205806 -19.371422012489244, 36.214844230315265 -19.326250868771794, 36.308125467607 -19.087790642403167, 36.57153406426875 -19.042249087191674, 36.664198917283386 -18.803607277691654, 36.926815081922484 -18.757716574699423, 37.01886058032471 -18.518919789254095, 37.28066845536074 -18.472701231115266, 37.37209182078675 -18.23377607331753, 37.2022741474716 -18.04096276075116, 37.293642940919256 -17.801822679839145, 37.55426169661743 -17.755608297011932, 37.723874587635265 -17.94822401351618, 37.98401989057223 -17.901413645369814, 38.074191414347126 -17.662311443241844, 38.33348322785352 -17.61523708524911, 38.423025418032466 -17.376086108331318, 38.6814494699488 -17.328768983547995, 38.85067369369594 -17.520257037106933, 39.10855384508503 -17.472359651788437, 39.196869812719854 -17.23333361053025, 39.45384795363029 -17.1852236921786, 39.54152598965908 -16.94620846734776, 39.79758905257194 -16.897907112110097, 39.88462770129681 -16.658928799759146, 40.139763019027015 -16.610456996410306, 40.226161001017545 -16.371541551669484, 40.480356305691316 -16.32292016481321, 40.56611251521181 -16.08409338440075, 40.39828792582668 -15.893712911338225, 40.48401782063408 -15.6548195801369, 40.73695786353977 -15.60648680955056, 40.82204797417273 -15.36772680045274, 41.07403147523425 -15.319297103561075, 41.15848099963989 -15.080695754475698, 40.991565508383616 -14.890342685330348, 41.075993911986046 -14.651738261603478, 40.90935079374481 -14.460958879155376, 40.99375746630187 -14.222376955857538, 40.82738652182988 -14.031195996196931, 40.911770859220894 -13.79266221200267, 40.74567188397495 -13.601104595400358, 40.83003328815789 -13.362644634836837, 40.66420607237225 -13.170735448872566, 40.7485439513415 -12.932375024449334, 40.998104510315216 -12.886082094512696, 41.0818152843012 -12.647998885149958, 40.916570343614694 -12.456055808371149, 41.00025980256527 -12.218116308680855, 40.83528243483681 -12.025879792486712, 40.91894998944224 -11.788109612066267, 40.75423999576191 -11.595605086875311, 40.837885062590345 -11.358029798263232, 41.08564216884224 -11.313101103084705, 41.168667736511054 -11.075881694671192, 41.004534434343384 -10.883454615726205, 41.08753967204433 -10.646473522291531, 40.92366964618623 -10.453836876058107, 40.67648674228127 -10.497854972311925, 40.51257762710526 -10.304699817357038, 40.59615178817995 -10.067862000615452, 40.43250920158482 -9.874541283888162, 40.185001989010146 -9.917722723609137, 40.02134069478126 -9.723918472927634, 39.77324548130511 -9.766721764369288, 39.68851247812074 -10.003761187016844, 39.85244866233606 -10.19790398482677, 40.1008448645205 -10.154667873178548, 40.26477606082517 -10.348325184256229, 40.180591432552404 -10.585549129366408, 40.34479277986688 -10.779033706138447, 40.2605811987427 -11.01651104220624, 40.01158385826437 -11.06061409080556, 39.84710042942868 -10.866805252291316, 39.5975194973193 -10.9105003696997, 39.43304169486822 -10.716185388465949, 39.182901911287615 -10.75947619279354, 39.096928459832384 -10.997492519461762, 39.26166385455724 -11.192128422776191, 39.17565449590904 -11.430369312382123, 38.924340966340594 -11.474059891427261, 38.75935872042672 -11.279108442469107, 38.50752361207995 -11.322379468374324, 38.42034657574288 -11.560989909815946, 38.1676828008475 -11.604222567556887, 38.07990664956159 -11.84309318344203, 37.82642735224135 -11.886268219945316, 37.73805409232372 -12.125374064104603, 37.483772776663415 -12.168472043978902, 37.39480458272243 -12.407787921563425, 37.139735112245404 -12.450789242062834, 36.97398800771754 -12.254132218958349, 36.718502836679505 -12.296687674442115, 36.62840888012147 -12.536228753515466, 36.37217069873532 -12.578660203518554, 36.206393309340655 -12.38123261382033, 35.94978777380845 -12.42321547610912, 35.784173219733304 -12.225324694150418, 35.52722791569002 -12.266864115890943, 35.43552285331256 -12.50658559920139, 35.17788279512186 -12.54796637705659, 35.085608651154814 -12.787801547714775, 34.827289753523274 -12.829003768125093, 34.73444997109607 -13.068926441630461, 34.90042235215029 -13.267653566726974, 34.8075096966908 -13.507649850337263, 34.97380177422559 -13.706176904512688, 34.88081658734751 -13.946220047567548, 35.0474290294697 -14.144520330090662, 34.9543716582246 -14.384583599907389, 34.69420322429764 -14.426348703484338, 34.52749077406736 -14.227796000153221, 34.62104414778008 -13.987731404175872, 34.45465515800743 -13.788944989845453, 34.19462625611695 -13.829970939088948, 34.02847916543129 -13.63071761274986, 34.12243919422079 -13.39069904198842, 33.95661715959656 -13.191258635631915, 34.05049784797012 -12.951300743801573, 33.88500014119765 -12.751700146012851, 33.978801190605 -12.51182977068212, 33.81362708221846 -12.312095924407679, 33.907348199272946 -12.072339887224523, 33.74249695860618 -11.872499770372032, 33.836137855030415 -11.632884857623026, 34.09416376981579 -11.593062346717737, 34.18725862986142 -11.353561353403476, 34.022795716384366 -11.15393599420993, 34.115813079409264 -10.914622473222341, 33.95166871734804 -10.714951524393454, 34.04460828900625 -10.475852036263493, 33.88078177159653 -10.276162405082479, 33.62395257406126 -10.315265712796545, 33.53055401890458 -10.55429717855172, 33.69444105159124 -10.754294181788907, 33.6009614410915 -10.993546725152232, 33.765169142844 -11.19351840683073, 33.671608750272014 -11.432965463615854, 33.41338279207804 -11.472374251099833, 33.319283393566764 -11.711928780600388, 33.48386580681759 -11.912135704604, 33.389682887695244 -12.15183835336496, 33.130463576051994 -12.19126800666154, 33.035742819230535 -12.431032073649348, 33.20069326162138 -12.631427162857504, 33.105886208651214 -12.871292633612601, 33.27116517953522 -13.071567886746093, 33.17627208514304 -13.311507860553439, 32.91564678628566 -13.351113831317369, 32.82021409383657 -13.591048757987297, 32.55902414149671 -13.630382345765627, 32.46305636634327 -13.870285558187964, 32.62872196819728 -14.070915171290139, 32.89033620486833 -14.031393565797385, 33.056312780854824 -14.231595272480304, 32.96070260341543 -14.471558331201082, 33.12701289885737 -14.671552470512207, 33.03131435487904 -14.911489255695857, 33.197959182261485 -15.111249004615061, 33.10217252912173 -15.351132696306916, 33.269152700268876 -15.55063134681267, 33.173278200471145 -15.790435204044762, 32.9099609914407 -15.830708816658442, 32.813535774199266 -16.070380439446115, 32.54964253615131 -16.1102948207319, 32.382609979221485 -15.910362310891074, 32.11859790164016 -15.949736157493797, 32.02118276316901 -16.189202920224343, 31.75663817020032 -16.22819072437788, 31.658690015405938 -16.467464947578257, 31.393632128283627 -16.50604676672699, 31.226974822529 -16.305219452218996, 30.96187831553621 -16.343254782833345, 30.862986965573214 -16.582237422542107, 30.59742212429569 -16.619840810545156, 30.431211589719936 -16.418353813185625, 30.165663875098602 -16.455412258555555, 30.065864315421067 -16.694050520325483, 29.79989401645301 -16.73065174545014, 29.634196275135395 -16.52853431294939, 29.36829909977149 -16.56459302256774, 29.267627544707608 -16.8028346497019, 29.4332231252302 -17.00512945747825, 29.332431789300188 -17.243170651048608, 29.49838598936094 -17.445192414965152, 29.397474932435784 -17.683006854785212, 29.563788843025094 -17.884729122304275, 29.462758129015327 -18.122290667730383, 29.195040276969223 -18.15802590430952, 29.02883886717558 -17.956145951325446, 28.761237993659535 -17.99130051554871, 28.659353924521383 -18.22837393499331, 28.391408771765924 -18.262982334631246, 28.289048003703613 -18.49964662943221, 28.02078010848311 -18.533690619393024, 27.91794940237483 -18.76992033113767, 28.083724246289023 -18.972229865446685, 27.98076139831187 -19.208128966754625, 27.71168956772641 -19.24158993477559, 27.60826061890367 -19.47701014550615, 27.774234158221503 -19.679092936040487, 27.67066994041909 -19.914138293090037, 27.40080514915391 -19.946972606341834, 27.2967788413834 -20.18149552376169, 27.02664766679203 -20.21368607105036, 26.922166553293323 -20.447662201358852, 27.088129655394994 -20.649576872476047, 26.98350702445407 -20.883116356826026, 27.149846864183047 -21.084614071702998, 27.42100983295913 -21.052474241859017, 27.58792309851114 -21.253437891668057, 27.859322904552272 -21.220639694481388, 27.96329312801666 -20.98686708407173, 28.234389172239872 -20.953403272070123, 28.402020794792804 -21.153710524101214, 28.67329455519763 -21.119583316802597, 28.8414463767931 -21.31931255278075, 29.112866155846206 -21.28451314129704, 29.28151972913173 -21.48364375155733, 29.17862922553013 -21.717677142757704, 29.34765592736349 -21.916294160308883, 29.24463981999739 -22.14983783546649, 29.414040815738275 -22.347917343237064, 29.310899163135872 -22.580947987924407, 29.037973171646115 -22.615835859115627, 28.93432267686032 -22.848271948211963, 28.66102122253264 -22.882465071978743, 28.49188235445328 -22.684204115325596, 28.21874227553448 -22.717680455957172, 28.114230381667937 -22.94942190700356, 28.28321459012497 -23.147764067179942, 28.178567244627573 -23.37894034295213, 27.904583327876452 -23.41169263316839, 27.799448336759838 -23.642204339953324, 27.525157908626284 -23.674211290571815, 27.41954269654306 -23.904035803841555, 27.588555892579734 -24.10193715067197, 27.4827986440811 -24.33114119711246, 27.652198963969738 -24.52843600058652, 27.546299629892815 -24.75699831066774, 27.716088388793025 -24.95366448159537, 27.61004692365927 -25.181564203270714, 27.333876115601754 -25.21271950570242, 27.164284147696577 -25.01600342062935, 26.888377700807013 -25.046386723304476, 26.78152784215999 -25.273444749181742, 26.95090677611816 -25.47020473133748, 26.843908186285034 -25.696569253835417, 27.013680541859003 -25.892671650495306, 26.906533130517204 -26.11832283524946, 27.076700285548554 -26.313746701642806, 27.354227897467183 -26.28348177886703, 27.52499883439421 -26.478172850210715, 27.418038184694637 -26.703161930046818, 27.589204822712105 -26.89713689184293, 27.867524832747563 -26.866085987694266, 28.03927564229133 -27.059291905041235, 28.31781086384359 -27.027409277603585, 28.490126391149033 -27.219827358266485, 28.383742016581436 -27.444162730185248, 28.556453140871923 -27.635812027287525, 28.449929925757715 -27.859365014036328, 28.62303796061059 -28.050226689931996, 28.516375916443764 -28.272979756261783, 28.68988217857958 -28.4630354336006, 28.97019891213074 -28.43030535334136, 29.144247153868122 -28.619507585430725, 29.03783990330453 -28.841468727357995, 29.212286644078887 -29.029831885344812, 29.493267246423727 -28.99620169696257, 29.66823423413902 -29.183679413620943, 29.562103841034002 -29.404815822791033, 29.28059077596643 -29.438463093325883, 29.173913278630806 -29.65873456811039, 29.349160901255118 -29.84536862168859, 29.242348368467987 -30.064771872073887, 28.959879861845025 -30.097526203656017, 28.85252400242109 -30.316033531610007, 28.56965868136595 -30.347862392117065, 28.46176716338337 -30.56545568273433, 28.178530278796217 -30.596345023995955, 28.070110978983905 -30.813006626845684, 28.245310187713983 -30.998804855516376, 28.136744876433966 -31.214548854175533, 27.852602826709955 -31.244464067308343, 27.743514168282587 -31.459248339079565, 27.459046125144056 -31.48818776742573, 27.349442425481783 -31.70199592663446, 27.064674578872683 -31.72994716040364, 26.95456434630185 -31.94276330853545, 27.129571224581127 -32.12766911814021, 27.019304007380214 -32.33952355369165, 26.733685129211324 -32.36642716193285, 26.622916477531533 -32.57726459421693, 26.337045481180155 -32.60314770093145, 26.16253019738079 -32.41824927325765, 25.877022506189434 -32.44316664963322, 25.765445698286328 -32.65291632331778, 25.479745321045755 -32.6768010807792, 25.36769796849626 -32.88550012101002, 25.081832204241977 -32.90834248451776, 24.908614465603364 -32.72257050150222, 24.623212256935943 -32.744455132345564, 24.51043032941587 -32.952017211323266, 24.224922483100414 -32.972849912670554, 24.111702330887738 -33.17933072296795, 23.826116477345806 -33.19910318581975, 23.71246805073494 -33.4044905555145, 23.42683194976678 -33.42319501774335, 23.255461102402393 -33.23663321785284, 22.970419537410976 -33.25439221104285, 22.856135920322657 -33.45858266166322, 22.571103874155654 -33.47526763533204, 22.400978116040534 -33.28790259314889, 22.11660585747174 -33.30365610771614, 22.00174095365179 -33.50662524186373)), ((44.93353389031108 -25.575962761112677, 44.85165885473458 -25.805985316865414, 45.024655420500864 -25.97433540112144, 45.27903536877585 -25.91260222798977, 45.36017584763189 -25.68292665799195, 45.61333345550963 -25.620910234299437, 45.785582086281664 -25.788156640389417, 46.03773558407076 -25.725456105991544, 46.11741367417383 -25.495932756326525, 46.36832345965948 -25.43298355243125, 46.53977084012561 -25.599129323969986, 46.789640254975865 -25.535515002818467, 46.8678514743043 -25.30619388655431, 47.11645780073303 -25.242365303905572, 47.19394959905043 -25.012895398058376, 47.44128749336966 -24.94887451220913, 47.51806219484669 -24.719279746358623, 47.348246795540206 -24.553307276415207, 47.10110404659673 -24.616870044189636, 47.02358263923429 -24.846863071630356, 46.77517864797045 -24.910243258807196, 46.696940429261986 -25.140103819671005, 46.44728062040994 -25.203279532561666, 46.27607096190067 -25.036151273915312, 46.025379212265904 -25.09866733984895, 45.94568036515187 -25.32874441087165, 45.69375230187262 -25.391021765344565, 45.5217509062814 -25.22279420811452, 45.26882721096655 -25.284393275746236, 45.096575824601246 -25.115130315434826, 44.842679687045575 -25.176044963684525, 44.670196650067396 -25.005750862369062, 44.41535179446555 -25.065975273476745, 44.24265568153987 -24.894654753055633, 44.32527285245567 -24.663186956902628, 44.15283833736274 -24.490925741105407, 43.89732914412275 -24.5500522846261, 43.72470498164671 -24.376779262146286, 43.808039673236976 -24.1444670867345, 43.63568175615109 -23.97027890273845, 43.71901717632426 -23.737463822479494, 43.97400362598654 -23.679152402897525, 44.056634182506286 -23.446167544105553, 43.88498475321779 -23.27118071147205, 43.96761819303953 -23.037730503442052, 43.79623053089131 -22.861868787527484, 43.541770033133446 -22.919351146088598, 43.37021088415102 -22.74251864592539, 43.453543849946726 -22.508317778719192, 43.28225094295186 -22.3306390402051, 43.3655815670127 -22.096018404210774, 43.6195130194223 -22.03937836139238, 43.70215046987386 -21.80465810725515, 43.531548219865414 -21.62627885177932, 43.614185483468304 -21.39117837282905, 43.86673422198271 -21.33476246363455, 43.94868177254753 -21.099605534347923, 44.20010463212947 -21.0430095555982, 44.281363186258375 -20.807821344050822, 44.11189134705501 -20.628919782228138, 44.193154621437884 -20.39340954785076, 44.44319838828986 -20.33711614527856, 44.52377629903651 -20.101617740023542, 44.355001271920116 -19.922100958927174, 44.43558589941313 -19.68632128449596, 44.68425589751348 -19.630375874375357, 44.76415884829001 -19.394651068686105, 44.596080888042906 -19.21455795508686, 44.347650317481964 -19.27002586819944, 44.17937306303685 -19.089048051931723, 44.25996886290329 -18.852774948219064, 44.50815918563049 -18.7977872977515, 44.58807870597266 -18.561605522887493, 44.42049011258919 -18.380107835268223, 44.17254084456073 -18.434612582817238, 44.0047615708003 -18.252256197224256, 44.085365570606314 -18.0155834067782, 44.33307299038904 -17.961564074212735, 44.41300608639173 -17.725019259727425, 44.245907139702496 -17.542201069386245, 44.3258459163915 -17.30551047925247, 44.158991880449264 -17.12206439749151, 43.911770485082684 -17.17510589025736, 43.83116120737526 -17.41208290370768, 43.5828532949844 -17.465071414325084, 43.501577803312244 -17.70218856239222, 43.66927718107894 -17.886037594815676, 43.58800124841835 -18.122996206518987, 43.755953886393314 -18.30620153646719, 43.67467823091937 -18.54297757347187, 43.84288412345359 -18.72551759298435, 43.76160946966377 -18.962087221117212, 43.93006860429122 -19.143940659858675, 43.848795683041146 -19.38028026363948, 44.01750804039921 -19.5614262005527, 43.93623758893813 -19.797512397333456, 44.105203142687486 -19.977930271780174, 44.0239359046939 -20.21373992547322, 43.773017735510024 -20.269431973638287, 43.69106710618823 -20.505246560311523, 43.860720440353305 -20.68506528605253, 43.77877097514303 -20.92056229765023, 43.526481376162394 -20.976538453615188, 43.4438450500175 -21.211997060119877, 43.19044562355219 -21.26778226772312, 43.10712192722036 -21.503177172726353, 43.277882414827445 -21.682492993948923, 43.19455488285735 -21.917511750849567, 42.93978124807148 -21.973502299628215, 42.85576305746736 -22.208413975748137, 43.02720433659573 -22.387044615611803, 42.9431801025209 -22.621540319073798, 43.114892016039676 -22.79933615634541, 43.03086248133127 -23.033394381895892, 43.20284507678181 -23.210337196537047, 43.458435482807715 -23.1531109322581, 43.63026088569495 -23.329079301288104, 43.546925514933434 -23.562377039987982, 43.29106430898892 -23.62000879064163, 43.20702642925795 -23.853128932057622, 43.37955050256943 -24.02831278920809, 43.29550959242192 -24.26093304236142, 43.46830444712586 -24.435211854093467, 43.384261277343796 -24.667312148555936, 43.55732693190649 -24.840669472540036, 43.81399596612056 -24.7818416819057, 43.98688635609551 -24.954183433691405, 43.90355548373773 -25.18543056068052, 44.07671207564346 -25.35682539076605, 44.332740687197884 -25.296898288563956, 44.505698336233934 -25.4672627961238, 44.76079403616299 -25.406633406918374, 44.93353389031108 -25.575962761112677)), ((47.89853950672489 -23.56839176400414, 47.97396087078846 -23.33769037889416, 47.80569991656259 -23.169961701778988, 47.56145993401407 -23.232856187257013, 47.48529848185686 -23.463965501091902, 47.654116110171 -23.631772704109988, 47.577987587950474 -23.862430033929094, 47.33230031903051 -23.9256813094444, 47.25546215847996 -24.156270715654404, 47.425053661167055 -24.323205786874894, 47.67093015199788 -24.25948217630327, 47.747024879962424 -24.029296144251827, 47.99163049842946 -23.96543325830674, 48.067015622840586 -23.735186503714456, 47.89853950672489 -23.56839176400414)), ((40.1855116148308 -22.333214505649195, 40.09678091100989 -22.568607799202724, 40.26962371454249 -22.75134737067634, 40.53087823687949 -22.698567111708922, 40.61896075489196 -22.463395059952283, 40.44643910923756 -22.280781379949445, 40.1855116148308 -22.333214505649195)), ((47.71208170144001 -10.24831497662414, 47.94231463076105 -10.200886238648938, 48.013329127494984 -9.97031871886709, 47.854769320203985 -9.786883236465812, 47.925815556316934 -9.556624434940206, 47.76744673061887 -9.372880436256228, 47.53753878104564 -9.419058848092426, 47.465837501706005 -9.649605582569952, 47.624698385624214 -9.833686773145352, 47.553026085295414 -10.06455021950944, 47.71208170144001 -10.24831497662414)), ((46.29174359734617 -9.231896632732775, 46.05797677529981 -9.277289898399605, 45.983703327307296 -9.509224353541653, 46.14384100187485 -9.695515815059577, 46.37779711350362 -9.649527982322663, 46.53768545199037 -9.835205991976508, 46.77073655130056 -9.78885883380036, 46.84371587934578 -9.557437082428875, 46.68429387394272 -9.372099533756652, 46.451425225557415 -9.41784411585757, 46.29174359734617 -9.231896632732775)), ((47.41289499582524 -14.00239155998036, 47.33953961097194 -14.236262188884181, 47.50168767721647 -14.417436850056, 47.428361520778 -14.65136341574951, 47.19220572608512 -14.704455535348044, 47.11822594908753 -14.9387605621274, 46.88091408768321 -14.991980318990297, 46.806278667817566 -15.2266419730001, 46.56781538104548 -15.279971578659389, 46.49252241129318 -15.514967689335279, 46.65637473084817 -15.696297961337043, 46.8950276005223 -15.642402143793914, 46.96963752727021 -15.407742818708638, 47.20713262585468 -15.35394783334956, 47.281084638345476 -15.119627779923631, 47.51741739282738 -15.065951604326752, 47.59071355908287 -14.831992812947231, 47.82587973871264 -14.778453098564434, 47.89852223841967 -14.544877220843524, 47.73668310486988 -14.364489826339183, 47.80935777478351 -14.130963208909867, 48.04318887012815 -14.07817840180798, 48.11521429573088 -13.845072863727802, 48.34787742252274 -13.792467048635936, 48.419255950685454 -13.559803356035776, 48.65074779560496 -13.507392956135401, 48.72148187435846 -13.275191501889788, 48.9517994408518 -13.222992581849098, 49.02189161591872 -12.991273377833581, 48.86234651036884 -12.811392905875552, 48.932478358344184 -12.579812511733913, 49.16147703811242 -12.528475092905653, 49.23097157685211 -12.297412551985227, 49.45879666476648 -12.246324979332972, 49.52765658075529 -12.015799307508441, 49.36936752866268 -11.836001622994315, 49.141679739899416 -11.886446346249882, 49.072144331564004 -12.117331015342963, 48.84328869039473 -12.168032838960043, 48.684113281746136 -11.98721269861904, 48.45424225823109 -12.037527429062587, 48.38339742915991 -12.269290976153252, 48.54309696401805 -12.45039522781769, 48.472288296245836 -12.682328091906795, 48.24110484205531 -12.733499034209045, 48.16965581247308 -12.965926791876479, 47.93731300929724 -13.017309010283032, 47.8652212594167 -13.250211664873328, 47.63172256346974 -13.301789150742845, 47.55898583623875 -13.535146318844697, 47.720424707380346 -13.71658530557253, 47.64771863001306 -13.950039037053475, 47.41289499582524 -14.00239155998036)), ((45.04455984599983 -15.833412765186344, 44.800868515293274 -15.885970609979124, 44.72224387872802 -16.12244159237159, 44.4774498185582 -16.175016184466177, 44.311513223564106 -15.990604598373812, 44.06586187655532 -16.042672011017075, 43.9859104124223 -16.279654805045325, 44.15227448647181 -16.464290390152374, 44.072326531840474 -16.701200129971177, 44.2389356079681 -16.885252109705455, 44.48506247347075 -16.83217778612375, 44.56434146187567 -16.595554581461545, 44.809366172085106 -16.542467340761736, 44.887981376226264 -16.306057328753926, 45.131896688415196 -16.252976834138877, 45.20984920337722 -16.016803862511953, 45.45264825263996 -15.96374951436184, 45.617710030760776 -16.146338240740562, 45.859596247941056 -16.09278898534799, 45.936209559442005 -15.857191766756698, 46.17696037959769 -15.803697104668467, 46.25291268738354 -15.568389034085303, 46.0887939840315 -15.386254654626454, 45.84824656940964 -15.439199618363974, 45.77161560439788 -15.67482807973354, 45.52993931018699 -15.727837155645371, 45.365106009251264 -15.544675031296983, 45.12252432981356 -15.597196898980378, 45.04455984599983 -15.833412765186344)), ((39.12650381775754 -8.321149346859068, 39.041307654340955 -8.55723659654822, 39.20440329202685 -8.752097584901799, 39.452446486669146 -8.710509481812156, 39.5370839030594 -8.474480553426107, 39.37423882323503 -8.27998042113843, 39.12650381775754 -8.321149346859068)), ((43.62714610444172 -12.603833830029611, 43.791153998739645 -12.792016285398113, 44.034075105705625 -12.743599185356818, 44.11274949645025 -12.507524825238928, 44.35462021415728 -12.459202916981809, 44.518045435117926 -12.646422787952911, 44.759082283334806 -12.597671026022264, 44.92231282783166 -12.784208448799887, 44.84493580216042 -13.019782921856045, 45.008395630532846 -13.205908119582606, 45.248794056950686 -13.15617562997589, 45.32551548938187 -12.92086917729896, 45.5648236151151 -12.871256871135005, 45.64090081635703 -12.636362229963341, 45.47832787638478 -12.450806477116473, 45.239229325239705 -12.499859136217642, 45.076434524030105 -12.313612271405002, 44.836468737068145 -12.362242927936517, 44.673467565047446 -12.175317101385016, 44.750862750480906 -11.940059963962817, 44.58809103308175 -11.7527697079316, 44.34750266504756 -11.80043538447271, 44.269462713067156 -12.035933846279443, 44.02782298162836 -12.083721786762213, 43.864456278680365 -11.895476032040252, 43.622010666026625 -11.942843786517475, 43.458485153029244 -11.753957829964195, 43.53779995514893 -11.518013428208524, 43.374515629449036 -11.32881249590001, 43.13153121065585 -11.375245258306894, 43.051586790592864 -11.611394054421, 43.21525492363958 -11.800906534421852, 43.13530651302932 -12.03725604410702, 43.29921968525818 -12.226445799844434, 43.21926793670207 -12.462971034576903, 43.38342617581293 -12.651813443723691, 43.62714610444172 -12.603833830029611)), ((49.07892854621633 -19.863420525248145, 48.91451883135895 -19.691886077724888, 48.67738947187337 -19.75233636668666, 48.60451454359685 -19.984875165252415, 48.769490636049454 -20.15654192886333, 49.00677604735034 -20.095537292422538, 49.07892854621633 -19.863420525248145)), ((48.86183164138794 -20.5596614869064, 48.6966560872703 -20.388816994287748, 48.458121622792646 -20.44984190928933, 48.38460221662746 -20.682252280088225, 48.55034253879191 -20.853217633112628, 48.7890383092531 -20.791651471267222, 48.86183164138794 -20.5596614869064)), ((48.19888993163704 -22.644691800865225, 48.03140342929947 -22.476132860476397, 47.78860245007289 -22.538625723299273, 47.71311119645301 -22.770177673076105, 47.881156655014934 -22.938825139651836, 48.124135354307896 -22.875831835705256, 48.19888993163704 -22.644691800865225)), ((49.03857694177893 -18.589439585629552, 49.20203139573982 -18.762396615966985, 49.13046947204202 -18.99476932659338, 48.89473658146383 -19.054603724711573, 48.8224997880921 -19.28719186017995, 48.986713893108686 -19.45952280403751, 49.22259768722918 -19.399121265254742, 49.29411574548584 -19.166956213131257, 49.52875134533201 -19.10662249579365, 49.59959536533921 -18.874678103831194, 49.4365223663693 -18.702638831810745, 49.50741233592538 -18.470503907948984, 49.740659008209434 -18.410841349257257, 49.81088003776742 -18.17896629592838, 49.64856909888613 -18.006325031348236, 49.718837289804526 -17.77429841563726, 49.55671035254767 -17.600922440768876, 49.32374428348305 -17.659405126851784, 49.252764882418376 -17.891855155546367, 49.415462111625686 -18.065399392061284, 49.34452701675474 -18.297702928212676, 49.110181905667986 -18.35688111875969, 49.03857694177893 -18.589439585629552)), ((34.3221885530447 -9.759410592875641, 34.577792492086644 -9.720069305294542, 34.741460189207885 -9.919125114325238, 34.99680824639091 -9.879416340561399, 35.088105184547146 -9.640929768140598, 35.34279478984246 -9.601137276776845, 35.433537236246934 -9.362905557904392, 35.27007777494569 -9.164508356064577, 35.01576321625123 -9.204011406472372, 34.85250199824088 -9.005309610351071, 34.5979155213584 -9.04446474164137, 34.50621209765279 -9.282597294750769, 34.250994620901565 -9.32167447301634, 34.15874948611281 -9.560049453119627, 34.3221885530447 -9.759410592875641)), ((35.21590286981956 -8.055149771373554, 35.12536035326673 -8.292354905976497, 35.28820944654751 -8.490657208536605, 35.541487174016595 -8.451402334974727, 35.70452189815083 -8.649420519459513, 35.95748547563798 -8.609830827036939, 36.04704901832616 -8.372536586044273, 35.884145400436495 -8.174869049461858, 35.97364807259507 -7.937953604851327, 35.81104331545072 -7.740359371823394, 35.5588054740862 -7.779324571926435, 35.46881195927244 -8.016194853591683, 35.21590286981956 -8.055149771373554)), ((48.16274370537903 -21.37908602970054, 48.32925040112033 -21.549313679364257, 48.56936521553351 -21.487228403842185, 48.64280581317473 -21.255443635781823, 48.47686211544078 -21.08532570892915, 48.23691396869637 -21.14688311196459, 48.16274370537903 -21.37908602970054)), ((42.91328265070328 -16.724383979910474, 42.66362356607905 -16.775818431100742, 42.581036444610106 -17.01358231664978, 42.74876016520858 -17.199662316420966, 42.99868530392055 -17.14776367418777, 43.080619008616566 -16.910249884702726, 42.91328265070328 -16.724383979910474)), ((39.54936139263492 -7.145040169916518, 39.633311038232705 -6.910746032692411, 39.47153171221248 -6.71663384495402, 39.22555031682896 -6.756431544228887, 39.141047505113676 -6.990766285423284, 39.3030773526562 -7.185263762307361, 39.54936139263492 -7.145040169916518)), ((35.306574129551336 -10.953266986850169, 35.142075301827816 -10.75461417273834, 34.8859644169799 -10.794878840695622, 34.79397298703964 -11.034074074457807, 34.95857880025295 -11.233033167146163, 34.8665161826479 -11.472428254289813, 35.031436001669306 -11.671301464188529, 35.28831090596498 -11.630479257424158, 35.37988133835108 -11.391063621203655, 35.215071549393826 -11.192489897179765, 35.306574129551336 -10.953266986850169)), ((50.00001684574511 -14.700551779013965, 50.159536895019585 -14.876654320271063, 50.38707495783339 -14.821323914499645, 50.45496908197089 -14.590529483931252, 50.296018712484226 -14.41465430129418, 50.36396286789366 -14.18390940787975, 50.20518327310475 -14.007452134216917, 49.97789317369876 -14.061504059632913, 49.90925860522617 -14.292653196463558, 50.06860402378672 -14.469346588480365, 50.00001684574511 -14.700551779013965)), ((26.729593030278124 -22.0147283097247, 26.457418957415882 -22.045429237514586, 26.351607410739405 -22.27675085414336, 26.51827060998812 -22.477494127809653, 26.790973571911792 -22.446841838131796, 26.896481008262214 -22.215398230131445, 26.729593030278124 -22.0147283097247)), ((49.93399830486521 -12.783084209807834, 50.002134805162314 -12.552764619120591, 49.84404258997722 -12.374187092166764, 49.61726276378843 -12.425658852267082, 49.548446385308154 -12.656355079548186, 49.70708914639036 -12.835203442722, 49.93399830486521 -12.783084209807834)), ((47.19165901450384 -11.2231483915097, 47.118780222263865 -11.455666851753895, 47.2792136996984 -11.63934321764931, 47.51203525922392 -11.590195592981415, 47.58425065869892 -11.35798188976912, 47.42430878969566 -11.17461033844337, 47.19165901450384 -11.2231483915097)), ((48.01374733656661 -21.84322308159543, 47.9389198019189 -22.075139737113638, 48.10619491225981 -22.2445943992363, 48.347737392541745 -22.18203318284944, 48.42183172625167 -21.950531851519735, 48.25511767835752 -21.78117612410166, 48.01374733656661 -21.84322308159543)))",Aposematic Reed Frog
186,23338,23276,Hyperolius semidiscus,species,20978,Amphibia,2.32,"MULTIPOLYGON (((23.82940651318586 -34.18267871344202, 24.002446450400726 -34.36653965706154, 24.289870021150534 -34.34708962764286, 24.46370271344199 -34.53004084458246, 24.751646671103714 -34.50959993863871, 24.865141877991277 -34.306114848347214, 25.1529613507837 -34.28458933036783, 25.265994681577297 -34.08000428653117, 25.55366155503708 -34.0574023624982, 25.728895079027126 -34.23946104359903, 26.016980321108065 -34.21585824961007, 26.129229058679016 -34.01013065806076, 26.417100697760844 -33.9854612312774, 26.528855224755063 -33.778663048474556, 26.81648557115591 -33.752936676017484, 26.992947144085036 -33.93405704809914, 27.280892875776203 -33.90732339454336, 27.391788861489346 -33.69943062792137, 27.679432805941815 -33.671652431155294, 27.789803813529346 -33.462721419570464, 28.077118864700566 -33.43390982494986, 28.18695627769432 -33.2239548975966, 28.473915601489296 -33.19412157772541, 28.583211017587104 -32.983157554859766, 28.86978806528242 -32.95231470344269, 28.97853329937348 -32.740356891908775, 28.801109566638047 -32.559255053131515, 28.909712590606574 -32.34632683188349, 29.195327285885696 -32.31449212457369, 29.30337597835978 -32.100595743291166, 29.588562635871853 -32.067786735917544, 29.69604926588869 -31.852938768155333, 29.9807823794944 -31.819169310532658, 30.087699438527864 -31.603386797958898, 30.371953831786982 -31.568671226704843, 30.47829403580465 -31.35197167194751, 30.30082959548946 -31.169976809671986, 30.407042768647898 -30.952361169767546, 30.690267200778635 -30.91675664129914, 30.795900283664736 -30.69825330784688, 31.078603453201453 -30.661742746866082, 31.18364961879226 -30.442370420693816, 31.006459801068644 -30.259486142046846, 31.111386394078778 -30.039235075427666, 31.393032457298233 -30.001896417618664, 31.49736933390807 -29.780807804088813, 31.320533689645572 -29.597030660343545, 31.42475458621061 -29.37509069235931, 31.70533455463959 -29.336960774710175, 31.808963137060005 -29.114216030281124, 32.088964740465144 -29.07525008494158, 32.19199485961468 -28.85172110537232, 32.47139534361963 -28.811936488493, 32.57382107583908 -28.587644207529912, 32.85259806855282 -28.54705866729404, 32.954413716160246 -28.322024398977415, 32.777960897989715 -28.13752167907403, 32.879675344438596 -27.911706247756506, 32.70359965347416 -27.7263206226573, 32.42578662674339 -27.766696626884958, 32.323571039572016 -27.99256238452798, 32.499666251308156 -28.17800255528872, 32.39734545776412 -28.40309006815554, 32.1184343203922 -28.442781000192337, 32.01551288400813 -28.66711900932695, 31.736007556350785 -28.706002150081865, 31.559922559675698 -28.52046380390011, 31.66332605862999 -28.296090326305773, 31.942335954668124 -28.257289920778614, 32.04514846388071 -28.03215956136869, 31.869432649162917 -27.845796419024975, 31.972135992866356 -27.619890868871902, 31.79680167039453 -27.432673064989434, 31.518780082334786 -27.47130821444543, 31.34384872696299 -27.2831970099078, 31.44691300464092 -27.056508004408506, 31.272364010122374 -26.867574914198443, 31.375314811666783 -26.640149988720573, 31.201147085881473 -26.45041366387226, 30.924069862360795 -26.488043795003524, 30.82066616990315 -26.715480299239662, 30.99478915596103 -26.905275815574598, 30.89126818739527 -27.131980060027747, 30.613177841891655 -27.16889409493365, 30.509093076456992 -27.394855851738196, 30.683541854024526 -27.583896082875835, 30.57933635056105 -27.809092624738906, 30.300242060873813 -27.845250960921003, 30.125868235064132 -27.65616367718726, 29.846816164471647 -27.6914528117276, 29.74162375920028 -27.91586572207764, 29.915905914987974 -28.104995698554585, 29.810585524289763 -28.32861519804222, 29.530563932620026 -28.36309329239142, 29.42469650403484 -28.585893566363275, 29.144247153868122 -28.619507585430725, 29.03783990330453 -28.841468727357995, 29.212286644078887 -29.029831885344812, 29.493267246423727 -28.99620169696257, 29.66823423413902 -29.183679413620943, 29.949307157504848 -29.149146674202623, 30.124773422246108 -29.33572258580489, 30.019069700688163 -29.556861520334635, 29.737469386175263 -29.59142274432786, 29.631207637071356 -29.8117033460226, 29.80697300523994 -29.997423109521247, 29.70057999112666 -30.21683264134155, 29.41799837916986 -30.250516854636466, 29.311050876144805 -30.46903694314215, 29.02804125947023 -30.501800010374247, 28.92054673549498 -30.719412388142686, 28.63713418017582 -30.75123991674537, 28.529100316481305 -30.967926775534604, 28.70487592803866 -31.152803279412847, 28.596699736104 -31.3685699192969, 28.31235498154919 -31.39943812883395, 28.203643649485798 -31.614251065525924, 27.918941023672062 -31.644146771138406, 27.809702669350713 -31.857989449934397, 27.98554405506377 -32.04196336920752, 27.876155972869782 -32.254851822829714, 27.59055362455757 -32.28373495733765, 27.480643162924423 -32.495627193183466, 27.656703741065172 -32.67866685770037, 27.546639813547444 -32.88958317170771, 27.26015098625976 -32.917424956562, 27.084305266016827 -32.73438434576475, 26.798107103005577 -32.761242424617635, 26.687177742821973 -32.97109691279968, 26.40072197417487 -32.996925600560495, 26.289296498874762 -33.20573955172179, 26.00261030459893 -33.23052831383338, 25.890697866856726 -33.43828795418224, 25.603808643292354 -33.46202679286315, 25.491418588293556 -33.66871885378362, 25.204353933445674 -33.69139831205783, 25.091495794683965 -33.89701003254346, 24.804283493228382 -33.91862119758889, 24.690966988081016 -34.123140326095886, 24.403634996063886 -34.14367483191532, 24.230233580962732 -33.95978608554037, 23.94342459181894 -33.979340558390156, 23.770815307788837 -33.79455523208086, 23.484564334645512 -33.813141130183304, 23.370309773362948 -34.016396348698294, 23.084032285454754 -34.03389914294053, 22.91263240810514 -33.848272574533475, 22.626979530595804 -33.86481994211041, 22.51210758379227 -34.06685911773457, 22.683090711791806 -34.25244425388567, 22.969366573588104 -34.23603106043719, 23.141197122647895 -34.42074748418494, 23.4280957331477 -34.40336783496067, 23.542538609739154 -34.20114921471932, 23.82940651318586 -34.18267871344202)))",Yellow-flanked Reed Frog
187,23342,23276,Hyperolius tuberilinguis,species,20978,Amphibia,2.32,"MULTIPOLYGON (((38.587863401090516 -5.3174800898912356, 38.50293036908573 -5.550296617792391, 38.25656540123197 -5.588711242359403, 38.17106135848229 -5.822066456106957, 37.92391640417944 -5.860609204595199, 37.83784317420037 -6.094481905869913, 37.58993069108527 -6.133136352130772, 37.50329024957324 -6.3675049536338015, 37.25462302143373 -6.406254399100545, 37.16741749781676 -6.641096935012006, 36.91800863394408 -6.6799244192956495, 36.830240312845774 -6.915218556351563, 36.992391531353235 -7.11170812427537, 36.90457046194999 -7.347458774788921, 37.06701124020532 -7.544040258334584, 36.97913782954214 -7.7802228292781885, 36.72831060232875 -7.819804620146824, 36.639871200043245 -8.05638137125013, 36.38831763859963 -8.095983921774668, 36.29931480527165 -8.332931334175436, 36.04704901832616 -8.372536586044273, 35.95748547563798 -8.609830827036939, 35.70452189815083 -8.649420519459513, 35.614400530034146 -8.887037456644327, 35.77773772107116 -9.08509630899821, 35.68755296242938 -9.323048293075544, 35.851193194180894 -9.521121371202106, 36.10488328989277 -9.48090381288036, 36.194567449464444 -9.242928396067258, 36.44754776959704 -9.202671606891593, 36.61119909836577 -9.400064230186196, 36.52202457872403 -9.638049733603795, 36.26868677814892 -9.678633441666124, 36.178942882709265 -9.916910877492432, 36.343047415766364 -10.114608295588372, 36.59674282882429 -10.073697025110903, 36.76099041476698 -10.27101207017187, 36.67170344049421 -10.50956109297922, 36.83624992153625 -10.70679759725516, 36.74690733699322 -10.945589379526727, 36.492496335087594 -10.987157331826474, 36.32778809549876 -10.789604045332215, 36.07300688850012 -10.830768191398738, 35.982572263541726 -11.06980119923921, 35.727077853391904 -11.11087082778778, 35.63607375946003 -11.350107930933687, 35.37988133835108 -11.391063621203655, 35.28831090596498 -11.630479257424158, 35.45343227576092 -11.828947097976876, 35.36179434751273 -12.068528946420692, 35.52722791569002 -12.266864115890943, 35.784173219733304 -12.225324694150418, 35.94978777380845 -12.42321547610912, 35.85859132312379 -12.662929798688573, 36.02451610628748 -12.860641414420705, 35.933256304415494 -13.100461706716224, 35.67555721495228 -13.142585414860335, 35.583718991243245 -13.382506276806168, 35.32531270383913 -13.42444604340633, 35.15913040765494 -13.226184623017568, 34.90042235215029 -13.267653566726974, 34.73444997109607 -13.068926441630461, 34.827289753523274 -12.829003768125093, 34.66163639902385 -12.630103350931288, 34.75440297218833 -12.39028103684804, 35.01233302450697 -12.349345465169906, 35.104537004422355 -12.109630348089949, 34.93930253231565 -11.910869869461877, 35.031436001669306 -11.671301464188529, 34.8665161826479 -11.472428254289813, 34.60936285462549 -11.512831041314975, 34.444662542941586 -11.313571913328312, 34.18725862986142 -11.353561353403476, 34.09416376981579 -11.593062346717737, 34.25894594021631 -11.792615178452055, 34.165773882557716 -12.032276997692327, 34.33087601407789 -12.231730352959202, 34.23762706332877 -12.471526285053836, 33.978801190605 -12.51182977068212, 33.88500014119765 -12.751700146012851, 34.05049784797012 -12.951300743801573, 33.95661715959656 -13.191258635631915, 34.12243919422079 -13.39069904198842, 34.02847916543129 -13.63071761274986, 34.19462625611695 -13.829970939088948, 34.45465515800743 -13.788944989845453, 34.62104414778008 -13.987731404175872, 34.52749077406736 -14.227796000153221, 34.69420322429764 -14.426348703484338, 34.60057455871291 -14.666413523922747, 34.76761116453355 -14.864705906383916, 34.67390754342506 -15.10474424453788, 34.412672061844205 -15.146492352080347, 34.2455454471345 -14.9479607646225, 33.98406509394934 -14.98919034176887, 33.88930528105499 -15.22917822404998, 33.62719484025561 -15.270109482608197, 33.46026144725883 -15.0708376318746, 33.55549605972317 -14.830868581831416, 33.38889511903264 -14.631342416885296, 33.12701289885737 -14.671552470512207, 33.03131435487904 -14.911489255695857, 32.768849788004076 -14.951386964232963, 32.67260683421199 -15.191231678364266, 32.40957816457387 -15.230796902607736, 32.3127954735057 -15.470522739122275, 32.049221256006945 -15.509735397833706, 31.951903678702365 -15.749315554203731, 32.11859790164016 -15.949736157493797, 32.02118276316901 -16.189202920224343, 32.188220656627465 -16.3893423722847, 32.09070816440905 -16.628669126826445, 32.258090626177164 -16.82850094436763, 32.160480992562356 -17.06766121053625, 32.32820892041909 -17.267159084356475, 32.23050236274895 -17.50612653497857, 32.39857665441281 -17.70526434814711, 32.300773395077755 -17.94401282742361, 32.46919494815549 -18.14276467313131, 32.73540622219076 -18.102586469868363, 32.90415658262444 -18.30075219630195, 32.806717981937055 -18.53926988144585, 32.540064926589395 -18.579608413734242, 32.442068951592944 -18.817841258324105, 32.17484740382966 -18.857713563285852, 32.00607273247138 -18.659205247436642, 31.73875623470377 -18.698457488717228, 31.639763492075872 -18.936351141730185, 31.371923985347138 -18.975110518877766, 31.27239271252995 -19.212659774322642, 31.441133601760782 -19.411485100484455, 31.341496253058978 -19.648705387514518, 31.072688008710543 -19.68705950705942, 30.972514413491268 -19.923890089348138, 30.703217906980882 -19.961698958303277, 30.602513816875188 -20.198114037322778, 30.771524362541612 -20.396763317702785, 31.041293486982255 -20.358860338844188, 31.141576281780203 -20.122402873863695, 31.41085123878483 -20.08394148710153, 31.58030780152697 -20.281831024231174, 31.480458840241795 -20.518318331106176, 31.650274721462296 -20.71570290474171, 31.550320233523877 -20.951786762283472, 31.720496421662574 -21.14864206917724, 31.620436600298262 -21.384298238555672, 31.79097408420043 -21.580600300982013, 31.690809127818596 -21.815804862408935, 31.419659064197845 -21.85469486820346, 31.318941144138478 -22.089416335783074, 31.489818127387565 -22.285256399012308, 31.388991869461904 -22.51948459015655, 31.560234935622418 -22.714719237619782, 31.459300527509498 -22.94843113239083, 31.18667734096408 -22.986899361676517, 31.0851888866938 -23.220067568766797, 30.812056367896048 -23.25788124630713, 30.710019818073704 -23.490481392637367, 30.881549177437478 -23.68528023735809, 30.779397769818814 -23.917306768899103, 30.505286578366793 -23.954516625891966, 30.40258977600348 -24.185934002399364, 30.12800686447227 -24.222440092551082, 29.956621167682158 -24.027471132870488, 30.05973526652747 -23.79607903793023, 29.88872727439403 -23.600462784207984, 29.61469991559528 -23.63615823340521, 29.511182022320185 -23.867513549677707, 29.68209189124653 -24.063210878548833, 29.578448731029425 -24.293963617607414, 29.749738753314404 -24.489009234827346, 29.645970407091482 -24.719137997007497, 29.37051145771298 -24.754183341233833, 29.2662173554763 -24.983633326380307, 28.990354674933315 -25.01792242095842, 28.88554175332237 -25.246671128414835, 29.05697829032647 -25.441171701784768, 29.333356747135923 -25.406861456714907, 29.437779402269797 -25.178072471443066, 29.713748314279826 -25.14299402577038, 29.81764176089783 -24.91351022376711, 30.093178077980753 -24.877680604081295, 30.265322628085755 -25.071289890563573, 30.54090265526932 -25.03466888327232, 30.71350031977181 -25.227497130499078, 30.610449411060074 -25.457015170145162, 30.783426722389606 -25.649115237385377, 30.68025806519225 -25.87795909150072, 30.853616144948518 -26.06931068043414, 31.130196671090744 -26.031751111653882, 31.3039842195748 -26.222271558148634, 31.201147085881473 -26.45041366387226, 30.924069862360795 -26.488043795003524, 30.82066616990315 -26.715480299239662, 30.99478915596103 -26.905275815574598, 30.89126818739527 -27.131980060027747, 31.065775313525137 -27.32096888994459, 30.962137237095703 -27.546922432494483, 31.137029629289373 -27.735086092131773, 31.03327461875324 -27.960270959073302, 31.20855340396875 -28.147591433997174, 31.10468163866861 -28.37199012533991, 31.280347944775315 -28.55844987559122, 31.176359609713444 -28.782045369725353, 30.896243242117293 -28.819199940636103, 30.720626715350278 -28.63269762675022, 30.44050645284787 -28.6689541248196, 30.26534978180905 -28.481546984399458, 29.985261154406146 -28.51691115784852, 29.879812879075843 -28.739720201735135, 30.05488321152768 -28.9271646475259, 30.335491759831854 -28.891762018205124, 30.51104164701559 -29.07830305631278, 30.405902981759453 -29.300280867313056, 30.581847282856444 -29.485939088534074, 30.476584786933273 -29.707070911161942, 30.194933129573315 -29.742552358419765, 30.089101856929545 -29.962832615465622, 30.265363683665555 -30.14762232461175, 30.159404981752004 -30.36702881076189, 29.87674645013459 -30.401649367840815, 29.77022226720581 -30.620173060734384, 29.946791087030306 -30.804071357458177, 29.840135836759544 -31.021694937101593, 29.55648086747115 -31.0554198581372, 29.44926363982526 -31.27213078936004, 29.165168018021433 -31.304914609299047, 29.057396301877787 -31.520695235933946, 29.23413615025865 -31.703698076341695, 29.126225916437875 -31.91854289416055, 28.841163732796673 -31.950373911452722, 28.73270295586491 -32.16426073691032, 28.44724480991121 -32.19511342301902, 28.33824142663761 -32.408025846441525, 28.515092657844093 -32.59010210636084, 28.40594325347945 -32.802046068695034, 28.119550261491753 -32.83189261796904, 28.00986264541899 -33.04283670315436, 27.723119994136567 -33.07167041042398, 27.612902549843255 -33.28159948624459, 27.325836943816938 -33.30940853230447, 27.215098266556367 -33.518307957345314, 27.391788861489346 -33.69943062792137, 27.679432805941815 -33.671652431155294, 27.789803813529346 -33.462721419570464, 28.077118864700566 -33.43390982494986, 28.18695627769432 -33.2239548975966, 28.473915601489296 -33.19412157772541, 28.583211017587104 -32.983157554859766, 28.86978806528242 -32.95231470344269, 28.97853329937348 -32.740356891908775, 28.801109566638047 -32.559255053131515, 28.909712590606574 -32.34632683188349, 29.195327285885696 -32.31449212457369, 29.30337597835978 -32.100595743291166, 29.588562635871853 -32.067786735917544, 29.69604926588869 -31.852938768155333, 29.9807823794944 -31.819169310532658, 30.087699438527864 -31.603386797958898, 30.371953831786982 -31.568671226704843, 30.47829403580465 -31.35197167194751, 30.30082959548946 -31.169976809671986, 30.407042768647898 -30.952361169767546, 30.690267200778635 -30.91675664129914, 30.795900283664736 -30.69825330784688, 31.078603453201453 -30.661742746866082, 31.18364961879226 -30.442370420693816, 31.46580749364685 -30.404969685867396, 31.643428350158246 -30.586879594492753, 31.9255230706907 -30.54853232050392, 32.02948756259852 -30.328348559323725, 32.310982998380496 -30.289133797750743, 32.4143376375558 -30.06812713068326, 32.69521080690686 -30.028061914993344, 32.797949685959395 -29.80625242767018, 33.078178004493935 -29.765354197931796, 33.1802954482132 -29.542762370759096, 33.45985673650304 -29.501048959911028, 33.56134730202831 -29.277695656418015, 33.38380653282198 -29.095986326069134, 33.485200604071935 -28.871816281572965, 33.76360316335365 -28.829431310116348, 33.864368930565945 -28.604534709798763, 33.687266917989234 -28.421948299867775, 33.787939620867746 -28.196265107281615, 33.61120978987137 -28.012768840997264, 33.711789080360575 -27.78631599743619, 33.98856530528565 -27.743437879014262, 34.08851877582475 -27.516309142828796, 33.912231315672045 -27.331981438321414, 33.635916054207 -27.374721416693074, 33.459927844757715 -27.18945578273923, 33.5603192928055 -26.96151635579277, 33.3847005207318 -26.775392174376375, 33.484997551790485 -26.546736750704078, 33.30974729988972 -26.35977208127419, 33.40994959203147 -26.130419472283847, 33.23506694198875 -25.942632844215144, 33.33517417963185 -25.712602314666892, 33.609651183571145 -25.670420820275623, 33.709150917698 -25.439791491279166, 33.98295453907676 -25.39694153383379, 34.08184190999657 -25.165737286400653, 34.35495203832136 -25.122238669704068, 34.52961634715467 -25.309780870064962, 34.80245079873691 -25.26547758331401, 34.90018038160221 -25.033808906359912, 35.1722751716911 -24.988885386172594, 35.26937554712339 -24.756698183878612, 35.54071173874323 -24.711174943629754, 35.637178927709385 -24.47849390285013, 35.46286894349532 -24.29123335804587, 35.55926258196942 -24.057973475945726, 35.82940567347845 -24.012083321845534, 35.925165881876666 -23.77837170063392, 35.75134531203179 -23.590443643942343, 35.84703504389239 -23.35619184176468, 35.673555790352225 -23.1675145513992, 35.76917460565704 -22.932744422207172, 35.59603598660624 -22.743338769807682, 35.69158345194933 -22.508072547558, 35.959713621419354 -22.462316273243996, 36.05463447274968 -22.22667698096151, 35.88198278002838 -22.036692820840813, 35.97683528256596 -21.80059824118112, 35.80451924688907 -21.609934561610693, 35.89930296280437 -21.373407841182075, 35.727321927233675 -21.182086840559954, 35.46041460210222 -21.22715288605036, 35.288631648095844 -21.035050665843983, 35.38388950947396 -20.79802960221261, 35.212443740481746 -20.605309404913378, 35.307628181756 -20.367908701153137, 35.13651890033415 -20.17459372875966, 35.23162952640172 -19.93683764070087, 35.497316356248916 -19.89247090134207, 35.591820675622614 -19.654453580501592, 35.856764994339244 -19.609674064268994, 35.95065945205806 -19.371422012489244, 36.214844230315265 -19.326250868771794, 36.308125467607 -19.087790642403167, 36.57153406426875 -19.042249087191674, 36.664198917283386 -18.803607277691654, 36.926815081922484 -18.757716574699423, 37.01886058032471 -18.518919789254095, 37.28066845536074 -18.472701231115266, 37.37209182078675 -18.23377607331753, 37.2022741474716 -18.04096276075116, 37.293642940919256 -17.801822679839145, 37.55426169661743 -17.755608297011932, 37.723874587635265 -17.94822401351618, 37.98401989057223 -17.901413645369814, 38.074191414347126 -17.662311443241844, 38.33348322785352 -17.61523708524911, 38.423025418032466 -17.376086108331318, 38.6814494699488 -17.328768983547995, 38.85067369369594 -17.520257037106933, 39.10855384508503 -17.472359651788437, 39.196869812719854 -17.23333361053025, 39.45384795363029 -17.1852236921786, 39.54152598965908 -16.94620846734776, 39.79758905257194 -16.897907112110097, 39.88462770129681 -16.658928799759146, 40.139763019027015 -16.610456996410306, 40.226161001017545 -16.371541551669484, 40.480356305691316 -16.32292016481321, 40.56611251521181 -16.08409338440075, 40.39828792582668 -15.893712911338225, 40.48401782063408 -15.6548195801369, 40.73695786353977 -15.60648680955056, 40.82204797417273 -15.36772680045274, 41.07403147523425 -15.319297103561075, 41.15848099963989 -15.080695754475698, 40.991565508383616 -14.890342685330348, 41.075993911986046 -14.651738261603478, 40.90935079374481 -14.460958879155376, 40.99375746630187 -14.222376955857538, 40.82738652182988 -14.031195996196931, 40.911770859220894 -13.79266221200267, 40.74567188397495 -13.601104595400358, 40.83003328815789 -13.362644634836837, 40.66420607237225 -13.170735448872566, 40.7485439513415 -12.932375024449334, 40.998104510315216 -12.886082094512696, 41.0818152843012 -12.647998885149958, 40.916570343614694 -12.456055808371149, 41.00025980256527 -12.218116308680855, 40.83528243483681 -12.025879792486712, 40.91894998944224 -11.788109612066267, 40.75423999576191 -11.595605086875311, 40.837885062590345 -11.358029798263232, 41.08564216884224 -11.313101103084705, 41.168667736511054 -11.075881694671192, 41.004534434343384 -10.883454615726205, 41.08753967204433 -10.646473522291531, 40.92366964618623 -10.453836876058107, 40.67648674228127 -10.497854972311925, 40.51257762710526 -10.304699817357038, 40.59615178817995 -10.067862000615452, 40.43250920158482 -9.874541283888162, 40.185001989010146 -9.917722723609137, 40.02134069478126 -9.723918472927634, 40.10546977025686 -9.487277407974343, 39.94207812459024 -9.293352020124868, 40.02617861148033 -9.057040195824161, 39.863056356351166 -8.86301946295352, 39.947127720702554 -8.627061884965014, 39.784274593642266 -8.432971570964751, 39.868316307079 -8.197393077456034, 40.11464309192823 -8.15598052960666, 40.19808794494929 -7.920874671506041, 40.035774556089024 -7.727111454682114, 40.11919192826775 -7.4924260520928305, 39.95714365793228 -7.298651154279744, 39.71140875373919 -7.339185193938865, 39.54936139263492 -7.145040169916518, 39.633311038232705 -6.910746032692411, 39.47153171221248 -6.71663384495402, 39.55544964834948 -6.482816137062102, 39.8005916655257 -6.443155264944227, 39.883923455639774 -6.209875729100104, 39.722669019555724 -6.016218010679217, 39.805971253793075 -5.7834544590375785, 40.04997202105926 -5.744390469765019, 40.132689613615156 -5.512201338713131, 39.97196282877201 -5.319039908335292, 40.054652977599545 -5.087405260358882, 39.894186650670605 -4.894363907121304, 39.97684884646091 -4.663306434539532, 39.81664272963965 -4.47040975011146, 39.89927646830813 -4.239951838281633, 40.141566068010434 -4.202414019173203, 40.22362190119583 -3.9725946280379207, 40.06393884833267 -3.780295015341136, 40.1459682881744 -3.551111388649416, 40.3871300409663 -3.514247650822636, 40.468583162860966 -3.2857350464186945, 40.30942567385293 -3.0940711959099616, 40.39085442614635 -2.86622933435329, 40.63088955828087 -2.8300683311400863, 40.71174365446237 -2.602928615020062, 40.95092252696301 -2.567032672194843, 41.03120123841475 -2.3406122373539704, 41.26951427702434 -2.3049944608740622, 41.34921700897189 -2.079309983664012, 41.58665495463515 -2.043983130098265, 41.665781244005814 -1.81905082395978, 41.90233515115827 -1.7840272966683737, 41.98088466439356 -1.559862909305894, 41.82344346175586 -1.3706940752790453, 41.58714128796538 -1.4052301349291973, 41.5080300850623 -1.629421242689935, 41.27084958864543 -1.6642679380434127, 41.191164347038125 -1.8892231324691018, 40.95311449701805 -1.9243683040763484, 40.795015023104554 -1.7340875376747682, 40.556374375702916 -1.7690568485005573, 40.475565559770274 -1.9947675246869159, 40.23608018252051 -2.0300178589646563, 40.154701682682344 -2.2564561976558672, 39.914381500059676 -2.29197458793479, 39.83243423578733 -2.5191236553990963, 39.99134882148175 -2.710756778628775, 39.9093736711728 -2.9386048872770774, 39.667942349106795 -2.974815351793873, 39.58539695463173 -3.2033435340898495, 39.74482396878997 -3.3956606551630424, 39.66224863590969 -3.6248535828358546, 39.41970534403882 -3.6617277064005584, 39.33655836461725 -3.891568658349687, 39.09320028954758 -3.9286520202383977, 39.00948294795319 -4.159122069060109, 38.76532125868903 -4.1963998930003905, 38.681034983029576 -4.427479678111354, 38.841442797184754 -4.621287719784495, 38.75711925281098 -4.85296741491477, 38.917796599690774 -5.046952690382309, 38.83343625139938 -5.279209732930874, 38.587863401090516 -5.3174800898912356), (37.40440337064721 -7.268731870333095, 37.242139496040224 -7.072523420776325, 37.329394976688235 -6.837207366045807, 37.578395359007445 -6.798089835710948, 37.74047129980889 -6.993919921169177, 37.65373691606499 -7.229244897967456, 37.40440337064721 -7.268731870333095), (36.5366654557079 -8.965006589529654, 36.37331148352327 -8.767614827237173, 36.46237193909833 -8.530295900797467, 36.71427670391105 -8.49035637578863, 36.8774700607739 -8.687398837546505, 36.7889215319025 -8.924729186680747, 36.5366654557079 -8.965006589529654)), ((43.114892016039676 -22.79933615634541, 43.03086248133127 -23.033394381895892, 43.20284507678181 -23.210337196537047, 43.458435482807715 -23.1531109322581, 43.63026088569495 -23.329079301288104, 43.546925514933434 -23.562377039987982, 43.29106430898892 -23.62000879064163, 43.20702642925795 -23.853128932057622, 43.37955050256943 -24.02831278920809, 43.29550959242192 -24.26093304236142, 43.46830444712586 -24.435211854093467, 43.384261277343796 -24.667312148555936, 43.55732693190649 -24.840669472540036, 43.81399596612056 -24.7818416819057, 43.98688635609551 -24.954183433691405, 43.90355548373773 -25.18543056068052, 44.07671207564346 -25.35682539076605, 44.332740687197884 -25.296898288563956, 44.505698336233934 -25.4672627961238, 44.76079403616299 -25.406633406918374, 44.93353389031108 -25.575962761112677, 44.85165885473458 -25.805985316865414, 45.024655420500864 -25.97433540112144, 45.27903536877585 -25.91260222798977, 45.36017584763189 -25.68292665799195, 45.61333345550963 -25.620910234299437, 45.785582086281664 -25.788156640389417, 46.03773558407076 -25.725456105991544, 46.11741367417383 -25.495932756326525, 46.36832345965948 -25.43298355243125, 46.53977084012561 -25.599129323969986, 46.789640254975865 -25.535515002818467, 46.8678514743043 -25.30619388655431, 47.11645780073303 -25.242365303905572, 47.19394959905043 -25.012895398058376, 47.44128749336966 -24.94887451220913, 47.51806219484669 -24.719279746358623, 47.348246795540206 -24.553307276415207, 47.425053661167055 -24.323205786874894, 47.67093015199788 -24.25948217630327, 47.747024879962424 -24.029296144251827, 47.99163049842946 -23.96543325830674, 48.067015622840586 -23.735186503714456, 47.89853950672489 -23.56839176400414, 47.97396087078846 -23.33769037889416, 47.80569991656259 -23.169961701778988, 47.56145993401407 -23.232856187257013, 47.48529848185686 -23.463965501091902, 47.654116110171 -23.631772704109988, 47.577987587950474 -23.862430033929094, 47.33230031903051 -23.9256813094444, 47.25546215847996 -24.156270715654404, 47.00851571438662 -24.219370840428006, 46.93096556546209 -24.44986834570905, 47.10110404659673 -24.616870044189636, 47.02358263923429 -24.846863071630356, 46.77517864797045 -24.910243258807196, 46.696940429261986 -25.140103819671005, 46.44728062040994 -25.203279532561666, 46.27607096190067 -25.036151273915312, 46.025379212265904 -25.09866733984895, 45.94568036515187 -25.32874441087165, 45.69375230187262 -25.391021765344565, 45.5217509062814 -25.22279420811452, 45.26882721096655 -25.284393275746236, 45.096575824601246 -25.115130315434826, 44.842679687045575 -25.176044963684525, 44.670196650067396 -25.005750862369062, 44.41535179446555 -25.065975273476745, 44.24265568153987 -24.894654753055633, 44.32527285245567 -24.663186956902628, 44.15283833736274 -24.490925741105407, 43.89732914412275 -24.5500522846261, 43.72470498164671 -24.376779262146286, 43.808039673236976 -24.1444670867345, 43.63568175615109 -23.97027890273845, 43.71901717632426 -23.737463822479494, 43.97400362598654 -23.679152402897525, 44.056634182506286 -23.446167544105553, 43.88498475321779 -23.27118071147205, 43.96761819303953 -23.037730503442052, 43.79623053089131 -22.861868787527484, 43.541770033133446 -22.919351146088598, 43.37021088415102 -22.74251864592539, 43.453543849946726 -22.508317778719192, 43.28225094295186 -22.3306390402051, 43.3655815670127 -22.096018404210774, 43.6195130194223 -22.03937836139238, 43.70215046987386 -21.80465810725515, 43.531548219865414 -21.62627885177932, 43.614185483468304 -21.39117837282905, 43.86673422198271 -21.33476246363455, 43.94868177254753 -21.099605534347923, 44.20010463212947 -21.0430095555982, 44.281363186258375 -20.807821344050822, 44.11189134705501 -20.628919782228138, 44.193154621437884 -20.39340954785076, 44.44319838828986 -20.33711614527856, 44.52377629903651 -20.101617740023542, 44.355001271920116 -19.922100958927174, 44.43558589941313 -19.68632128449596, 44.68425589751348 -19.630375874375357, 44.76415884829001 -19.394651068686105, 44.596080888042906 -19.21455795508686, 44.347650317481964 -19.27002586819944, 44.17937306303685 -19.089048051931723, 44.25996886290329 -18.852774948219064, 44.50815918563049 -18.7977872977515, 44.58807870597266 -18.561605522887493, 44.42049011258919 -18.380107835268223, 44.17254084456073 -18.434612582817238, 44.0047615708003 -18.252256197224256, 44.085365570606314 -18.0155834067782, 44.33307299038904 -17.961564074212735, 44.41300608639173 -17.725019259727425, 44.245907139702496 -17.542201069386245, 44.3258459163915 -17.30551047925247, 44.158991880449264 -17.12206439749151, 43.911770485082684 -17.17510589025736, 43.83116120737526 -17.41208290370768, 43.5828532949844 -17.465071414325084, 43.501577803312244 -17.70218856239222, 43.66927718107894 -17.886037594815676, 43.58800124841835 -18.122996206518987, 43.755953886393314 -18.30620153646719, 43.67467823091937 -18.54297757347187, 43.84288412345359 -18.72551759298435, 43.76160946966377 -18.962087221117212, 43.93006860429122 -19.143940659858675, 43.848795683041146 -19.38028026363948, 44.01750804039921 -19.5614262005527, 43.93623758893813 -19.797512397333456, 44.105203142687486 -19.977930271780174, 44.0239359046939 -20.21373992547322, 43.773017735510024 -20.269431973638287, 43.69106710618823 -20.505246560311523, 43.860720440353305 -20.68506528605253, 43.77877097514303 -20.92056229765023, 43.526481376162394 -20.976538453615188, 43.4438450500175 -21.211997060119877, 43.19044562355219 -21.26778226772312, 43.10712192722036 -21.503177172726353, 43.277882414827445 -21.682492993948923, 43.19455488285735 -21.917511750849567, 42.93978124807148 -21.973502299628215, 42.85576305746736 -22.208413975748137, 43.02720433659573 -22.387044615611803, 42.9431801025209 -22.621540319073798, 43.114892016039676 -22.79933615634541)), ((41.90198026259415 -1.1472824675977518, 42.13739545433148 -1.113068846389436, 42.21535761657037 -0.8904516833775865, 42.44987747441564 -0.8565719441501778, 42.52726488611012 -0.6347637002517277, 42.37069769457537 -0.4468075959353965, 42.136418683995316 -0.4801895435352829, 42.0584674351972 -0.7020240958755377, 41.8232987269555 -0.7357466315739956, 41.7447751769588 -0.9583865616435621, 41.90198026259415 -1.1472824675977518)), ((47.6207728125342 -22.36907504607351, 47.78860245007289 -22.538625723299273, 47.71311119645301 -22.770177673076105, 47.881156655014934 -22.938825139651836, 48.124135354307896 -22.875831835705256, 48.19888993163704 -22.644691800865225, 48.03140342929947 -22.476132860476397, 48.10619491225981 -22.2445943992363, 48.347737392541745 -22.18203318284944, 48.42183172625167 -21.950531851519735, 48.25511767835752 -21.78117612410166, 48.01374733656661 -21.84322308159543, 47.9389198019189 -22.075139737113638, 47.69629772812331 -22.137127825524303, 47.6207728125342 -22.36907504607351)), ((43.791153998739645 -12.792016285398113, 44.034075105705625 -12.743599185356818, 44.11274949645025 -12.507524825238928, 44.35462021415728 -12.459202916981809, 44.518045435117926 -12.646422787952911, 44.759082283334806 -12.597671026022264, 44.92231282783166 -12.784208448799887, 44.84493580216042 -13.019782921856045, 45.008395630532846 -13.205908119582606, 45.248794056950686 -13.15617562997589, 45.32551548938187 -12.92086917729896, 45.5648236151151 -12.871256871135005, 45.64090081635703 -12.636362229963341, 45.47832787638478 -12.450806477116473, 45.239229325239705 -12.499859136217642, 45.076434524030105 -12.313612271405002, 44.836468737068145 -12.362242927936517, 44.673467565047446 -12.175317101385016, 44.750862750480906 -11.940059963962817, 44.58809103308175 -11.7527697079316, 44.34750266504756 -11.80043538447271, 44.269462713067156 -12.035933846279443, 44.02782298162836 -12.083721786762213, 43.864456278680365 -11.895476032040252, 43.622010666026625 -11.942843786517475, 43.458485153029244 -11.753957829964195, 43.53779995514893 -11.518013428208524, 43.374515629449036 -11.32881249590001, 43.13153121065585 -11.375245258306894, 43.051586790592864 -11.611394054421, 43.21525492363958 -11.800906534421852, 43.13530651302932 -12.03725604410702, 43.29921968525818 -12.226445799844434, 43.21926793670207 -12.462971034576903, 43.38342617581293 -12.651813443723691, 43.62714610444172 -12.603833830029611, 43.791153998739645 -12.792016285398113)), ((26.751700296628485 -33.36299549822291, 26.46465807846579 -33.38877193739133, 26.353068145108153 -33.59658317463449, 26.528855224755063 -33.778663048474556, 26.81648557115591 -33.752936676017484, 26.92773667764098 -33.54508104818029, 26.751700296628485 -33.36299549822291)), ((53.076260740980445 -5.361488364696295, 53.22525242503224 -5.538163656956608, 53.16514972477063 -5.755951388431242, 53.31426878683254 -5.932411527973087, 53.52291424830062 -5.89070102720781, 53.67158060768227 -6.066550560719362, 53.88918228888551 -5.989371267284424, 53.948133292477365 -5.771784526209359, 53.78987121726601 -5.6320092681822915, 53.58237854829122 -5.673255365570185, 53.43383586361074 -5.4971773338966745, 53.49336429899387 -5.280239155628669, 53.344945814371556 -5.103953180399475, 53.13642560865833 -5.144216900223254, 53.076260740980445 -5.361488364696295)), ((49.85875677232045 -17.310414055249566, 49.928409451797506 -17.078573546664163, 50.158905253052524 -17.02036920831316, 50.22789918101563 -16.78886551641896, 50.06710414464885 -16.615138805867698, 50.13614753606535 -16.383561676654136, 50.36528145881675 -16.326142148243356, 50.43367118521766 -16.09493943265376, 50.661571960191054 -16.037709936433973, 50.729311250316385 -15.806902099227074, 50.56985124147013 -15.632894125351058, 50.63764293748082 -15.402068315313851, 50.47835235361333 -15.22741804881697, 50.54619565945538 -14.996596674556466, 50.38707495783339 -14.821323914499645, 50.45496908197089 -14.590529483931252, 50.296018712484226 -14.41465430129418, 50.36396286789366 -14.18390940787975, 50.20518327310475 -14.007452134216917, 50.273176677269134 -13.77677944301789, 50.114568292462764 -13.599760658763795, 50.18261016736537 -13.369182892330215, 50.02417342059795 -13.191623414769797, 50.0922629927158 -12.961163338886658, 49.93399830486521 -12.783084209807834, 50.002134805162314 -12.552764619120591, 49.84404258997722 -12.374187092166764, 49.61726276378843 -12.425658852267082, 49.45879666476648 -12.246324979332972, 49.52765658075529 -12.015799307508441, 49.36936752866268 -11.836001622994315, 49.141679739899416 -11.886446346249882, 49.072144331564004 -12.117331015342963, 48.84328869039473 -12.168032838960043, 48.684113281746136 -11.98721269861904, 48.45424225823109 -12.037527429062587, 48.38339742915991 -12.269290976153252, 48.54309696401805 -12.45039522781769, 48.472288296245836 -12.682328091906795, 48.24110484205531 -12.733499034209045, 48.16965581247308 -12.965926791876479, 47.93731300929724 -13.017309010283032, 47.8652212594167 -13.250211664873328, 47.63172256346974 -13.301789150742845, 47.55898583623875 -13.535146318844697, 47.720424707380346 -13.71658530557253, 47.64771863001306 -13.950039037053475, 47.41289499582524 -14.00239155998036, 47.33953961097194 -14.236262188884181, 47.50168767721647 -14.417436850056, 47.428361520778 -14.65136341574951, 47.19220572608512 -14.704455535348044, 47.11822594908753 -14.9387605621274, 46.88091408768321 -14.991980318990297, 46.806278667817566 -15.2266419730001, 46.56781538104548 -15.279971578659389, 46.49252241129318 -15.514967689335279, 46.65637473084817 -15.696297961337043, 46.8950276005223 -15.642402143793914, 46.96963752727021 -15.407742818708638, 47.20713262585468 -15.35394783334956, 47.281084638345476 -15.119627779923631, 47.51741739282738 -15.065951604326752, 47.59071355908287 -14.831992812947231, 47.82587973871264 -14.778453098564434, 47.89852223841967 -14.544877220843524, 48.13251794866622 -14.4914912847224, 48.20450906959874 -14.258319623804395, 48.04318887012815 -14.07817840180798, 48.11521429573088 -13.845072863727802, 48.34787742252274 -13.792467048635936, 48.419255950685454 -13.559803356035776, 48.65074779560496 -13.507392956135401, 48.811012923905054 -13.687029381390012, 49.041477128823146 -13.634205226252963, 49.1115288678063 -13.402370416086699, 48.9517994408518 -13.222992581849098, 49.02189161591872 -12.991273377833581, 48.86234651036884 -12.811392905875552, 48.932478358344184 -12.579812511733913, 49.16147703811242 -12.528475092905653, 49.32048512934773 -12.708084307988184, 49.548446385308154 -12.656355079548186, 49.70708914639036 -12.835203442722, 49.63831706683709 -13.066047277935974, 49.797136098045144 -13.24438862582682, 49.72840908341203 -13.475357130426149, 49.887403985695215 -13.653170163382255, 49.818722806558554 -13.88424042245335, 49.97789317369876 -14.061504059632913, 49.90925860522617 -14.292653196463558, 50.06860402378672 -14.469346588480365, 50.00001684574511 -14.700551779013965, 50.159536895019585 -14.876654320271063, 50.09099789178276 -15.107892807425333, 50.25069214374372 -15.283384148119087, 50.182202104299904 -15.51463325594725, 50.34207012354767 -15.689493313725022, 50.27362984150636 -15.920730461398147, 50.04462137434032 -15.977527442154837, 49.884180422581665 -15.802461533764117, 49.953320331052055 -15.57080484737602, 49.79305706707572 -15.395098897288973, 49.56308903868944 -15.450839374737125, 49.493251095366276 -15.682905647705288, 49.65407861994004 -15.858822238086455, 49.58428579246532 -16.09086599237014, 49.74529495991726 -16.26613381716862, 49.6755480451325 -16.498132350001647, 49.83673844323528 -16.672731610142748, 49.76703824283055 -16.904662347111707, 49.53544243534796 -16.962411319979406, 49.46508237033814 -17.194674526312703, 49.23225843984099 -17.25256221629018, 49.16123554660135 -17.485136430172357, 49.32374428348305 -17.659405126851784, 49.252764882418376 -17.891855155546367, 49.415462111625686 -18.065399392061284, 49.34452701675474 -18.297702928212676, 49.110181905667986 -18.35688111875969, 49.03857694177893 -18.589439585629552, 49.20203139573982 -18.762396615966985, 49.13046947204202 -18.99476932659338, 48.89473658146383 -19.054603724711573, 48.8224997880921 -19.28719186017995, 48.986713893108686 -19.45952280403751, 49.22259768722918 -19.399121265254742, 49.29411574548584 -19.166956213131257, 49.52875134533201 -19.10662249579365, 49.59959536533921 -18.874678103831194, 49.4365223663693 -18.702638831810745, 49.50741233592538 -18.470503907948984, 49.740659008209434 -18.410841349257257, 49.81088003776742 -18.17896629592838, 49.64856909888613 -18.006325031348236, 49.718837289804526 -17.77429841563726, 49.55671035254767 -17.600922440768876, 49.62702488695385 -17.36876638143434, 49.85875677232045 -17.310414055249566)), ((45.365106009251264 -15.544675031296983, 45.12252432981356 -15.597196898980378, 45.04455984599983 -15.833412765186344, 44.800868515293274 -15.885970609979124, 44.72224387872802 -16.12244159237159, 44.4774498185582 -16.175016184466177, 44.311513223564106 -15.990604598373812, 44.06586187655532 -16.042672011017075, 43.9859104124223 -16.279654805045325, 44.15227448647181 -16.464290390152374, 44.072326531840474 -16.701200129971177, 44.2389356079681 -16.885252109705455, 44.48506247347075 -16.83217778612375, 44.56434146187567 -16.595554581461545, 44.809366172085106 -16.542467340761736, 44.887981376226264 -16.306057328753926, 45.131896688415196 -16.252976834138877, 45.20984920337722 -16.016803862511953, 45.45264825263996 -15.96374951436184, 45.617710030760776 -16.146338240740562, 45.859596247941056 -16.09278898534799, 45.936209559442005 -15.857191766756698, 46.17696037959769 -15.803697104668467, 46.25291268738354 -15.568389034085303, 46.0887939840315 -15.386254654626454, 45.84824656940964 -15.439199618363974, 45.77161560439788 -15.67482807973354, 45.52993931018699 -15.727837155645371, 45.365106009251264 -15.544675031296983)), ((56.02610242961873 -4.633327589738011, 56.08194488617329 -4.416603244565366, 55.91958919997725 -4.279388527333739, 55.97540152291097 -4.063710419511273, 55.813785240839536 -3.927467431403136, 55.59670034328019 -4.006253964558584, 55.54046371007823 -4.221357209851616, 55.70173378335187 -4.358249195559062, 55.645462080576635 -4.574396555470583, 55.4274980101755 -4.65306870898566, 55.266583295326285 -4.5155289370854375, 55.04930027159659 -4.593941311024935, 54.99215483459875 -4.80994724699033, 55.1527050364798 -4.9481333864722865, 55.37076772490164 -4.869666900746158, 55.53242366344338 -5.008179022207421, 55.75116692718211 -4.929444552060903, 55.80747251817448 -4.712260645991331, 56.02610242961873 -4.633327589738011)), ((51.1800548814131 -9.93979623889006, 51.1148882640621 -10.166442111887864, 50.894244533206404 -10.215052633725016, 50.82846279301057 -10.442354974318505, 50.98399286643951 -10.620673270806044, 51.204741038858 -10.571380975566568, 51.26985431888082 -10.344452753714627, 51.48941968225881 -10.295505433505454, 51.553919419495685 -10.069235556345543, 51.39952101207018 -9.89153640465977, 51.1800548814131 -9.93979623889006)), ((47.925815556316934 -9.556624434940206, 47.76744673061887 -9.372880436256228, 47.53753878104564 -9.419058848092426, 47.465837501706005 -9.649605582569952, 47.23481722518622 -9.696055529052694, 47.16248990789791 -9.927203763892939, 47.32183700914811 -10.11161806076932, 47.553026085295414 -10.06455021950944, 47.71208170144001 -10.24831497662414, 47.94231463076105 -10.200886238648938, 48.013329127494984 -9.97031871886709, 47.854769320203985 -9.786883236465812, 47.925815556316934 -9.556624434940206)), ((42.66362356607905 -16.775818431100742, 42.581036444610106 -17.01358231664978, 42.74876016520858 -17.199662316420966, 42.99868530392055 -17.14776367418777, 43.080619008616566 -16.910249884702726, 42.91328265070328 -16.724383979910474, 42.66362356607905 -16.775818431100742)), ((48.60451454359685 -19.984875165252415, 48.769490636049454 -20.15654192886333, 49.00677604735034 -20.095537292422538, 49.07892854621633 -19.863420525248145, 48.91451883135895 -19.691886077724888, 48.67738947187337 -19.75233636668666, 48.60451454359685 -19.984875165252415)), ((48.23691396869637 -21.14688311196459, 48.16274370537903 -21.37908602970054, 48.32925040112033 -21.549313679364257, 48.56936521553351 -21.487228403842185, 48.64280581317473 -21.255443635781823, 48.47686211544078 -21.08532570892915, 48.23691396869637 -21.14688311196459)), ((47.58425065869892 -11.35798188976912, 47.42430878969566 -11.17461033844337, 47.19165901450384 -11.2231483915097, 47.118780222263865 -11.455666851753895, 47.2792136996984 -11.63934321764931, 47.51203525922392 -11.590195592981415, 47.58425065869892 -11.35798188976912)), ((31.589955339397278 -16.027563340163486, 31.687802773681796 -15.78815564252966, 31.521465339836283 -15.587267137832676, 31.25730559558005 -15.625580546322057, 31.15903755732026 -15.864915960139175, 31.325346906759933 -16.06601094805799, 31.589955339397278 -16.027563340163486)), ((48.38460221662746 -20.682252280088225, 48.55034253879191 -20.853217633112628, 48.7890383092531 -20.791651471267222, 48.86183164138794 -20.5596614869064, 48.6966560872703 -20.388816994287748, 48.458121622792646 -20.44984190928933, 48.38460221662746 -20.682252280088225)), ((46.75729655620023 -9.141010547873375, 46.59807750084124 -8.955411216175223, 46.36539220163991 -9.000553584586712, 46.29174359734617 -9.231896632732775, 46.05797677529981 -9.277289898399605, 45.983703327307296 -9.509224353541653, 46.14384100187485 -9.695515815059577, 46.37779711350362 -9.649527982322663, 46.53768545199037 -9.835205991976508, 46.77073655130056 -9.78885883380036, 46.84371587934578 -9.557437082428875, 46.68429387394272 -9.372099533756652, 46.75729655620023 -9.141010547873375)), ((51.09046343215715 -9.53505238342599, 51.30982912861822 -9.487480399451265, 51.374438023504865 -9.2618248238651, 51.220343757311525 -9.083380560858734, 51.001079685944774 -9.130264534181597, 50.84658115767533 -8.951143881444182, 50.62625786107367 -8.997707131580784, 50.56032551362725 -9.224072891665243, 50.71537733170965 -9.403525916161273, 50.64949444961891 -9.630225809693108, 50.8047061215795 -9.809322304125583, 51.0252442188021 -9.761394016114481, 51.09046343215715 -9.53505238342599)), ((40.09678091100989 -22.568607799202724, 40.26962371454249 -22.75134737067634, 40.53087823687949 -22.698567111708922, 40.61896075489196 -22.463395059952283, 40.44643910923756 -22.280781379949445, 40.1855116148308 -22.333214505649195, 40.09678091100989 -22.568607799202724)))",Smith's Reed Frog
188,23366,23276,Hyperolius parallelus,species,20978,Amphibia,2.32,"MULTIPOLYGON (((28.083724246289023 -18.972229865446685, 27.91794940237483 -18.76992033113767, 28.02078010848311 -18.533690619393024, 28.289048003703613 -18.49964662943221, 28.391408771765924 -18.262982334631246, 28.659353924521383 -18.22837393499331, 28.761237993659535 -17.99130051554871, 29.02883886717558 -17.956145951325446, 29.13023964310446 -17.71868908368735, 29.397474932435784 -17.683006854785212, 29.49838598936094 -17.445192414965152, 29.332431789300188 -17.243170651048608, 29.065678010818942 -17.27880011953184, 28.900199161999183 -17.076335247366785, 29.00135422334185 -16.83841159975075, 29.267627544707608 -16.8028346497019, 29.36829909977149 -16.56459302256774, 29.203061049780416 -16.362051790903305, 29.303612768091 -16.123636211516793, 29.138731161639924 -15.920875324779509, 29.239162991238942 -15.68231241687163, 29.07463674338223 -15.479358773861085, 28.809798453537695 -15.514779567017833, 28.709012219531957 -15.753205210812085, 28.443833820271237 -15.788166470458709, 28.279925941218693 -15.584663622499349, 28.014914338887593 -15.619122582253599, 27.85151894936402 -15.415281523628359, 27.952976624569175 -15.177168752845446, 28.217503329301394 -15.142733656855215, 28.31850553246477 -14.904350827871541, 28.15531065459939 -14.700572003602772, 28.25618686181795 -14.462108823448208, 28.093346794717178 -14.25823274613608, 28.194097012658915 -14.019716189360718, 28.031610633361993 -13.815770085673675, 27.768531704270345 -13.850135073905607, 27.606560351479175 -13.645933666685497, 27.707502415891156 -13.407580364049073, 27.970101060315187 -13.373238301953007, 28.070599333069993 -13.13469609855728, 27.90881697140361 -12.930691713781254, 27.64669745746619 -12.965011045522845, 27.485431266311735 -12.760792844741808, 27.223528518070367 -12.794703426340417, 27.062794511351086 -12.590293527442354, 27.16377891789398 -12.352197724206881, 27.00339621132963 -12.14784095461832, 26.74222270387031 -12.181357847006167, 26.582388237910152 -11.976852195965135, 26.321490435775132 -12.009993646477644, 26.21994286418743 -12.247620794511406, 25.958858219723083 -12.280363226385282, 25.799814182939144 -12.075511490300432, 25.901624936220514 -11.838137151909805, 25.742932762005523 -11.633400268672775, 25.844604130266305 -11.396113826648794, 25.686262616806147 -11.19151870750391, 25.787794733147194 -10.954346997692877, 26.04741329904465 -10.921504118846634, 26.148550766039165 -10.684201609454346, 26.407994425713582 -10.651001299014691, 26.56678107421135 -10.85512362167891, 26.465911229666546 -11.092686261489087, 26.625045988013227 -11.29696326881568, 26.524042144011617 -11.53465447204807, 26.683526173654855 -11.739059291154327, 26.944216571815787 -11.705536794096048, 27.04493806792587 -11.467604268993458, 27.305400656371063 -11.433718855393558, 27.46561760815061 -11.637758227516807, 27.36519057437212 -11.875919634651115, 27.52575614293079 -12.080045754024376, 27.78692085934884 -12.045771357534466, 27.948003662307713 -12.249725039332374, 28.20936365100107 -12.21506051692815, 28.30916554582359 -11.976479102559674, 28.57022383688087 -11.941465434160289, 28.669574951809466 -11.702788607408449, 28.508198460571748 -11.49932247161396, 28.60742937164511 -11.260768133042557, 28.44639750830379 -11.057381104945781, 28.545508203330115 -10.818976161938055, 28.805319864866817 -10.783759508538036, 28.903979366664714 -10.545326013110476, 28.743161091675432 -10.34231333921096, 28.841703199362087 -10.104076180763776, 28.68122562763989 -9.901202982965966, 28.779650316971185 -9.66318878735173, 28.619512415508154 -9.460481826599718, 28.717819665582283 -9.222717077367772, 28.5580204035395 -9.020202964742696, 28.300046342965317 -9.05516697272271, 28.201416568409 -9.29270738869504, 28.361080502658297 -9.495508715986226, 28.262330495988977 -9.733305044708967, 28.003599972165233 -9.768070168037749, 27.9044132842171 -10.005872007876865, 28.064270657420906 -10.20913326996908, 27.964960954440187 -10.447144548199445, 28.125161492416595 -10.650559339388801, 28.025728758108784 -10.888753403101362, 27.765782338836715 -10.923309712133987, 27.605740562385165 -10.719635622201745, 27.705483498283655 -10.48166507371743, 27.545786525583367 -10.278138116538008, 27.645403677289806 -10.040356876466943, 27.48605041056976 -9.837003821280671, 27.585541816126238 -9.59943848558992, 27.426531160502662 -9.396285954046816, 27.525896860835616 -9.158962974304007, 27.367227724327734 -8.95603742181608, 27.109368427428535 -8.990158451289716, 26.951219647765498 -8.787203022332923, 27.050747345528634 -8.550410198608445, 27.308139056749326 -8.51631078394947, 27.407253480734 -8.279551200371493, 27.66440283327816 -8.245207896673879, 27.76309768446538 -8.008507310910568, 28.019985311463046 -7.973938308564938, 28.178634343251503 -8.176021620696092, 28.435695800543755 -8.141182819058372, 28.533650640163444 -7.904323608407046, 28.37486113337897 -7.702545930998706, 28.47269848263406 -7.466040308279597, 28.31424351405437 -7.264560057579817, 28.41196336806678 -7.028433520455117, 28.253841918030247 -6.8272762858461125, 27.9981416013583 -6.861928660578048, 27.840498079164632 -6.660796487744046, 27.584981337200787 -6.6952197619083815, 27.427830778822994 -6.4941334603094605, 27.52603429038311 -6.258946278385874, 27.369217311656882 -6.058246927303867, 27.114368204901837 -6.092414927483581, 26.958059373627748 -5.891801249260127, 26.703448970341242 -5.925771100512605, 26.547662747149445 -5.7252635725545655, 26.29331670913038 -5.759044089974558, 26.138067309720526 -5.558663076423552, 25.88401106763635 -5.592263098609854, 25.729312455796105 -5.392028835844922, 25.475571195160512 -5.425457214888346, 25.321437076114535 -5.22538979729515, 25.068035723661268 -5.258655388858207, 24.914479537756534 -5.058774754888722, 24.661442748225483 -5.091886408397371, 24.5084776649592 -4.892212326943059, 24.25582980830967 -4.925178875910434, 24.103468720703802 -4.725730933010815, 23.85123386976946 -4.758561185512088, 23.750886751468386 -4.990770011409146, 23.498610976569097 -5.02339110814468, 23.347162774863875 -4.823884789179966, 23.095345806613665 -4.856374706142229, 22.94453921912529 -4.6571351654775865, 22.693204327871513 -4.68950271978522, 22.59219696321955 -4.921002360424745, 22.340884151102443 -4.953136805779053, 22.191064361883093 -4.7538909941352205, 21.94027817077273 -4.785908474469683, 21.791135518183637 -4.586969348686493, 21.54089831609747 -4.618878647442402, 21.439320255162983 -4.849582205640433, 21.18916714478155 -4.881235365051121, 21.04108167916172 -4.682341607071919, 20.79152065139266 -4.71389222507674, 20.64414561598943 -4.515344176191303, 20.395198046482676 -4.546800960718057, 20.29313880163093 -4.776624319973505, 20.04433606409725 -4.80780290702986, 19.89808481203025 -4.6093511871790795, 19.649936999332937 -4.640441783837267, 19.504427131159787 -4.4423737689227885, 19.25695454713002 -4.473384967143006, 19.154503158361223 -4.702247025152429, 18.907234610811173 -4.732958981061986, 18.804560617086082 -4.96176581183855, 18.557514552979114 -4.99216310975089, 18.413637469539566 -4.793995041287507, 18.16732595457512 -4.8243166175589085, 18.024228913444574 -4.626571359648395, 17.778670812382046 -4.656825726315174, 17.67571920279957 -4.884560746573264, 17.43044061425644 -4.9144809353938, 17.288608436193556 -4.716941751285985, 17.044120528156952 -4.746801082050428, 16.903093727064572 -4.549720247221038, 16.659414146523773 -4.579527036186004, 16.519199913533726 -4.3829206784452115, 16.622167523860014 -4.156736214136874, 16.482268480287246 -3.960846946337191, 16.2399036869746 -3.990914909384817, 16.13695104324586 -4.2165670000953055, 15.894939216737214 -4.246293070763282, 15.791834779400148 -4.471817677785946, 15.550193077600426 -4.50118773722159, 15.446944532012253 -4.726562321013959, 15.205689999075133 -4.755562472885257, 15.068174958072575 -4.559528341157044, 14.827813330907247 -4.588496945186696, 14.691146638346709 -4.392987911477392, 14.451693014864333 -4.421932793318081, 14.315880018219332 -4.226963519226175, 14.077349023059753 -4.255892335155437, 13.974148036775091 -4.4794209678029135, 13.73607062454181 -4.507962504624502, 13.632767416288232 -4.731286610462019, 13.395159644874951 -4.759427933104997, 13.291761814345307 -4.982525943628132, 13.425881428096034 -5.178052894669009, 13.663973938730692 -5.150305344378258, 13.767459953214825 -4.926636452896844, 14.006022378643365 -4.898476867583594, 14.10940508403823 -4.674584890473317, 14.34842126279068 -4.646026108935276, 14.484539525795526 -4.841731905512921, 14.381086622609217 -5.066185066435903, 14.14158344369497 -5.0943706829819995, 14.038018447265245 -5.31860385918406, 14.17388478283354 -5.5152083612046106, 14.070136921207848 -5.739760313087011, 13.83059898376544 -5.7671466863784255, 13.726745608562595 -5.991438185249071, 13.487678109694457 -6.018388866306187, 13.383726949752258 -6.242398378581889, 13.518754327346215 -6.440015920900816, 13.414617534298714 -6.664283972263023, 13.175546777366321 -6.690372047267644, 13.071318893867385 -6.9143180763499075, 12.832751307515167 -6.939934459664736, 12.728440094172583 -7.163537428117222, 12.862590380319062 -7.362083222178085, 13.101649296486784 -7.336895738693892, 13.23669978901927 -7.535940208389226, 13.13209675023603 -7.760296419639733, 13.267453452803807 -7.95994962530166, 13.162661916714569 -8.184475793600019, 13.298326112331011 -8.38471656907787, 13.193345462379284 -8.609389026316627, 13.329318441556893 -8.810195889059635, 13.224148058587957 -9.034990801361978, 12.983104856614972 -9.058437975050657, 12.87784607087255 -9.282796276383156, 13.013526315798543 -9.484241991344701, 13.25507038164281 -9.461235347412545, 13.391664829747441 -9.663108733173589, 13.286113112834812 -9.888076466255999, 13.423020261575516 -10.090449718022903, 13.317276938488192 -10.315467561491907, 13.454498108918926 -10.518318058053913, 13.698063424277933 -10.496068836577491, 13.836199932463103 -10.699298685545559, 13.73017344949261 -10.924853175779798, 13.868628108147476 -11.128521548495293, 13.762409265136853 -11.354071421332282, 13.901183421057084 -11.558154964827745, 13.794771591305363 -11.783675581507906, 13.549673161753788 -11.804613456330992, 13.443157090905714 -12.029587502077414, 13.581647714959075 -12.234115965202559, 13.474936863079279 -12.459017683966863, 13.229831913432747 -12.47889665873232, 13.123024019260669 -12.703213901118273, 12.87844498520002 -12.722463750634432, 12.771548404781015 -12.946177369228538, 12.5275125289796 -12.96478894474997, 12.420535606809437 -13.187880176292685, 12.557474991347249 -13.392848922751458, 12.450299410122597 -13.615789473931473, 12.587556083672268 -13.821073597282249, 12.480181165962279 -14.043839226331812, 12.235673655674049 -14.06083706818728, 12.128224756208795 -14.282927056735552, 12.265155052548408 -14.488495431464823, 12.157505136621609 -14.710369082261067, 12.294753714021425 -14.916197980200442, 12.18690208801803 -15.137831314424437, 11.941934813223526 -15.153165628568145, 11.834015707422594 -15.374071974693203, 11.970926672796224 -15.580106539154325, 12.21641629235478 -15.565265833127022, 12.354305576562894 -15.771543618461616, 12.600901516860773 -15.756480387272498, 12.73976530190717 -15.962980966958355, 12.631383433040156 -16.18451038798421, 12.770572832399921 -16.39118153840755, 12.661987497902771 -16.61239203201273, 12.414334787364709 -16.62649014331482, 12.305669320895674 -16.84692433837134, 12.444530154094906 -17.053694040946397, 12.335659461330778 -17.273769601010837, 12.474846975537218 -17.480654741499922, 12.365770343496223 -17.70034842849271, 12.505285968879747 -17.907324721426647, 12.75453979337766 -17.894667651717587, 12.895045908869008 -18.10177715386341, 13.14540595643885 -18.088830885016115, 13.286898104884472 -18.29605185586859, 13.538349167284082 -18.282802056675358, 13.647764264989519 -18.06187390015622, 13.899746710578029 -18.04786003128927, 14.042855313805006 -18.25522040827496, 14.295894172164594 -18.240885478316198, 14.439970077495758 -18.448309596015616, 14.330383108181138 -18.670022265939302, 14.474802663656249 -18.87744487871688, 14.729429523108848 -18.863197574975217, 14.874813309141956 -19.070642441059167, 15.130464343185082 -19.05603341875335, 15.276805891960919 -19.26347774044164, 15.533462881597757 -19.248492300911618, 15.680755310054224 -19.45591311242155, 15.938399432091757 -19.440536523376828, 16.086635438362293 -19.647910706356924, 16.345247266270746 -19.63212821598731, 16.455064310837884 -19.408596594218764, 16.714066441634174 -19.392030753394017, 16.863805991235324 -19.599359378407456, 17.123733877639978 -19.58237065265998, 17.23336273426662 -19.35770152630396, 17.49363764771232 -19.339936010191266, 17.644838401912693 -19.547179113877558, 17.905995420888928 -19.528974304401977, 18.058092358640863 -19.736093209262926, 17.948502377600562 -19.961408920630138, 18.100964829107795 -20.168375957801665, 18.363541321203996 -20.150031157113304, 18.516892438683158 -20.356830492539903, 18.78030696474727 -20.338004683951443, 18.93453654982943 -20.54461264082447, 19.198765732094415 -20.525291450041042, 19.353863157334445 -20.73168432403353, 19.618883051371057 -20.71185347054361, 19.77483726063039 -20.91800754801292, 20.040623362866427 -20.897652860905612, 20.19742287220032 -21.103544437280952, 20.463950128239276 -21.082651871136168, 20.573114118591064 -20.855620165675653, 20.839796782997098 -20.833941301793065, 20.99787233034803 -21.039529022411042, 21.26524498741429 -21.017298076094512, 21.42412743615759 -21.222572480606328, 21.692163639945704 -21.19977592541969, 21.851839933766485 -21.40471350013951, 22.120512731098245 -21.38133798936681, 22.280969400746926 -21.585915310778876, 22.55025134334096 -21.56194769310509, 22.658518423970406 -21.33322104673779, 22.927828104787835 -21.308479851160595, 23.0894207987169 -21.512634287482506, 23.359284858905596 -21.487288956528893, 23.52161429925613 -21.69103349880372, 23.792004096375223 -21.66507156466341, 23.955055337563238 -21.868383253478996, 24.2259417915989 -21.84179249534911, 24.33322713073099 -21.61176146398834, 24.60403643936388 -21.58441449681288, 24.768101282318156 -21.787214506684904, 25.03935020962996 -21.759228714436606, 25.14599055702621 -21.52834037425441, 25.417111241960157 -21.499614936184223, 25.582125931057476 -21.701867783510394, 25.85362845037568 -21.672494606105655, 25.959579364463195 -21.4407922476134, 26.230902540016842 -21.410697232460823, 26.33641842257836 -21.178359225263122, 26.60753901466458 -21.14755806994091, 26.71261208383868 -20.91460757093654, 26.546863105705796 -20.712597389446675, 26.651791579847384 -20.47919208487421, 26.922166553293323 -20.447662201358852, 27.02664766679203 -20.21368607105036, 27.2967788413834 -20.18149552376169, 27.40080514915391 -19.946972606341834, 27.235016977800456 -19.74477428515066, 27.338904923112153 -19.509857773656552, 27.60826061890367 -19.47701014550615, 27.71168956772641 -19.24158993477559, 27.98076139831187 -19.208128966754625, 28.083724246289023 -18.972229865446685), (25.12020484480458 -11.934943442031788, 24.962362493589154 -11.729908442606082, 25.064662767377772 -11.493076085117144, 25.324569792196414 -11.461001317164857, 25.482668479270796 -11.665820535884473, 25.38060682521672 -11.902929902232252, 25.12020484480458 -11.934943442031788), (25.731195682397225 -10.512890216553663, 25.57355190116981 -10.308658894210332, 25.674805921761617 -10.07179680091503, 25.933453663487995 -10.038886949199924, 26.091329176034915 -10.242873081509153, 25.99032818117038 -10.480013829147016, 25.731195682397225 -10.512890216553663), (26.43976487571977 -16.938454389750355, 26.54311697634725 -16.70188886728213, 26.809174339152218 -16.669469802640553, 26.972380957344118 -16.873647263623262, 26.869321798351972 -17.110392339034625, 26.602759871090587 -17.142780934484314, 26.43976487571977 -16.938454389750355), (16.598731969224957 -12.405256114467438, 16.492169515761177 -12.634115851413581, 16.24089833439012 -12.656853808096283, 16.096716170172577 -12.451093523265355, 16.20326170210451 -12.222681313300587, 16.45400895311135 -12.199582015585287, 16.598731969224957 -12.405256114467438)), ((29.66910078012944 -15.848956133471987, 29.569035722655315 -16.087643431652072, 29.734378085182414 -16.290000938169747, 29.999878465188658 -16.253479457306074, 30.099564459951722 -16.014680704378534, 29.934132202958864 -15.812514238214183, 29.66910078012944 -15.848956133471987)), ((29.837550482495914 -14.248616904496382, 29.738319669571723 -14.487789971286134, 29.47468932315374 -14.52399410471982, 29.374974940591812 -14.762982518931361, 29.11096857579912 -14.798778675923105, 28.947149798626583 -14.595520641026134, 28.683262897313625 -14.630838440704547, 28.582722674813226 -14.86946505525641, 28.746414599386014 -15.072925083977177, 29.01077666405368 -15.037555895027133, 29.174948636185917 -15.24067528462182, 29.43942618349763 -15.204813780506116, 29.539257523256538 -14.96589886080394, 29.803353926939337 -14.929615643599398, 29.968082978428896 -15.132168734135512, 30.232239853384385 -15.095390000148909, 30.33120289155235 -14.856151791698336, 30.166393764425834 -14.65381003431932, 30.265246018435278 -14.414511881448366, 30.100784728766513 -14.212023934641696, 29.837550482495914 -14.248616904496382)), ((12.461343654209145 -6.767602228404282, 12.698903188134324 -6.742031568770075, 12.803026752488961 -6.5186497554634215, 12.66947954218233 -6.3214099645202015, 12.432407025040192 -6.347415355502379, 12.32839678786911 -6.5702264452849155, 12.461343654209145 -6.767602228404282)))",Angolan Reed Frog
189,23370,23276,Hyperolius horstockii,species,20978,Amphibia,2.32,"MULTIPOLYGON (((21.255372566649157 -34.32428054196586, 20.97065795718575 -34.33661202700768, 20.854509496818878 -34.535104454959566, 21.02321973796242 -34.72137350675735, 21.308569122078183 -34.709209356003896, 21.424569498415877 -34.51060935946153, 21.710037019697438 -34.49734214255826, 21.82567205329636 -34.297586499981996, 21.65600560399966 -34.11120234906873, 21.371169638221403 -34.12462972612911, 21.255372566649157 -34.32428054196586)), ((19.601347755962763 -34.77202380535107, 19.768067315400685 -34.958961891368894, 20.05224967485094 -34.949940580773976, 20.169067674904653 -34.753789526342054, 20.453455470273894 -34.74366161150555, 20.569944278385208 -34.54633593966791, 20.40216691119673 -34.359252889422734, 20.11841736418009 -34.36956618491969, 20.001810876514014 -34.566776631833214, 19.718269392196902 -34.575990106805975, 19.551976721265305 -34.3881891153984, 19.6686846507082 -34.19109896639621, 19.50281699194383 -34.00244784553039, 19.220790547051365 -34.01096969839163, 19.05589862679321 -33.821565142862035, 18.774778201264525 -33.82921445265818, 18.610875208332203 -33.639077261208485, 18.727520811884943 -33.44120160150883, 18.564036289034533 -33.25025695223981, 18.284485529257864 -33.25728434201575, 18.16778805882234 -33.45502117450624, 18.33068948756295 -33.645869924844256, 18.213773043521428 -33.842569178954996, 17.933913313431447 -33.84827999431472, 17.816737334156443 -34.04379598093224, 17.979457264045806 -34.233738210084944, 18.259956202847377 -34.22826408002008, 18.423695112793524 -34.41748643270461, 18.70515829635241 -34.41114938087847, 18.869903845009702 -34.59963089654138, 19.152302839918462 -34.59241478694595, 19.31804212518543 -34.78013478247663, 19.601347755962763 -34.77202380535107)))",Yellow-striped Reed Frog
190,23385,23276,Hyperolius glandicolor,species,20978,Amphibia,2.32,"MULTIPOLYGON (((32.29160772881926 -5.153709299897504, 32.451407272717915 -5.352006221889128, 32.70401311918516 -5.315719805978471, 32.8641096786842 -5.513951805167893, 33.11658637889178 -5.4774371591784385, 33.27696355861349 -5.675584133028386, 33.18489772284215 -5.910619469840321, 33.34558490472179 -6.109036331852811, 33.253438359149925 -6.344566910400958, 33.414436260389266 -6.543228321496644, 33.667534699719766 -6.505988916321806, 33.8287929054776 -6.704505692774791, 34.08169953304753 -6.666997147811548, 34.17296173355663 -6.431230858757744, 34.42527148402564 -6.39371721159773, 34.51600565282848 -6.158327258841259, 34.76770302631397 -6.120826264549333, 34.857905697007766 -5.885836052324003, 35.108975488763264 -5.848365275252383, 35.19864335189874 -5.613797890133222, 35.44907065534372 -5.576374690751072, 35.610189430946605 -5.77321397487427, 35.52099652693323 -6.007862111481204, 35.68241138205477 -6.204903605530177, 35.93289368800126 -6.1669095517346895, 36.0216027163639 -5.932193493551411, 36.271402154247795 -5.894258986333596, 36.432840872523286 -6.09071046952822, 36.34462447676236 -6.325481585346728, 36.506354380831795 -6.522095941295827, 36.75614650105055 -6.483552506557057, 36.91800863394408 -6.6799244192956495, 37.16741749781676 -6.641096935012006, 37.25462302143373 -6.406254399100545, 37.09293148975493 -6.21026759434616, 37.18008664218567 -5.975922691192767, 37.42842073331735 -5.9375398711644936, 37.51501356198071 -5.703685410612924, 37.762598824068874 -5.665408150940835, 37.84862717797404 -5.432065822436591, 38.09545083132505 -5.393910607092283, 38.1809127123164 -5.1611017151085345, 38.426962300655475 -5.123084751542582, 38.511855861896436 -4.890830205511058, 38.75711925281098 -4.85296741491477, 38.841442797184754 -4.621287719784495, 38.681034983029576 -4.427479678111354, 38.4360811697926 -4.464936873025333, 38.27572525859864 -4.270909658740841, 38.36053852028738 -4.039847244201122, 38.60518264622158 -4.002793565201131, 38.6894311935136 -3.772335925673338, 38.52956144814618 -3.5789555673782876, 38.61377181252115 -3.34914196915267, 38.45417059617441 -3.1560115966812194, 38.53834232814654 -2.926863583339857, 38.379009299308166 -2.734006959263521, 38.4631419544159 -2.505545710489915, 38.30407676819877 -2.3129863296396724, 38.38816990696529 -2.0852326500008274, 38.22937221516489 -1.892993725936783, 38.31342540305906 -1.6659680342208636, 38.1548948542104 -1.4740724861808812, 38.2389076616077 -1.247794805300719, 38.480939931256955 -1.2133559392402269, 38.56440194647382 -0.9877834488189803, 38.406343563865676 -0.7967110748912278, 38.4897673253065 -0.5719186333861107, 38.33197232469149 -0.3812383361765376, 38.0905493500465 -0.4148906942710185, 37.93281808949877 -0.2241596612121782, 38.01670722614358 -0.0002420522323399, 38.25782544561034 0.0330216206634013, 38.34117141433154 0.2561977275385229, 38.18390216011974 0.4460289082713841, 38.26720859944302 0.6683695881451169, 38.110201703355415 0.8577444257465121, 37.86969317043821 0.8252485647235795, 37.712757922963874 1.0146205518625295, 37.471835577891284 0.982210417663672, 37.314987285945335 1.1715615922677982, 37.39923706759879 1.3928479301307664, 37.24265588686001 1.5816870862187724, 37.32685952261144 1.8020910076280607, 37.1705450525653 1.9903981769451213, 37.254702165586764 2.209903251192888, 37.0986540031289 2.397658860983896, 36.85828761353088 2.3663864919785302, 36.77365567335255 2.1470099909677502, 36.532615861249354 2.115436724602256, 36.44746440459167 1.8952889985660972, 36.60382090473746 1.7065799698214543, 36.518617540677894 1.4855381662474818, 36.27659039303586 1.4533425542073206, 36.12009487681317 1.6425234252382157, 35.8777455113032 1.6103849103876324, 35.72139820143735 1.799473089438672, 35.47874986280962 1.7673843903486652, 35.322566033248904 1.9563619621891564, 35.40914141847867 2.17695704975094, 35.253236165355645 2.365337112353096, 35.01065356118468 2.333590020791424, 34.85492908953472 2.5218249184192834, 34.94188238936363 2.7413345521570767, 34.78643800876324 2.9289365741430102, 34.54395400252429 2.897497942618331, 34.388707477760875 3.0849208583332226, 34.47602451850457 3.3033093140675587, 34.32105947093743 3.490065066586128, 34.408309884893754 3.7075026601522194, 34.253625742841336 3.893573697496821, 34.01162282367929 3.862678434185587, 33.85715520357195 4.04852149814021, 33.94475216942641 4.264784926402197, 33.790566689431756 4.449910826946542, 33.54873121411305 4.419244548325059, 33.46072927465673 4.203199480984273, 33.61496561513701 4.017601300381548, 33.52689133369526 3.8005824241914747, 33.68141215744214 3.614268508833552, 33.593265758744224 3.3962899690481283, 33.35019452334569 3.3648439866438347, 33.26157169941777 3.1461357684116074, 33.41642243507371 2.958657169989403, 33.327725208642505 2.739014585500976, 33.08377649819079 2.7070705063567266, 32.994603843345914 2.486725457224288, 32.75015189676748 2.4545471551817224, 32.59524423094649 2.6429474193334443, 32.35067791140318 2.610771610024242, 32.260647448201325 2.389973286236669, 32.015612347065115 2.357581003498563, 31.925120327122954 2.1361203429594697, 32.08004065547021 1.9468130593918862, 31.989464122512203 1.7244640972788088, 31.743591909193015 1.6916653536364585, 31.58868208953899 1.8814203044940316, 31.342755164051198 1.8486368940678097, 31.251352313102814 1.6259055425343247, 31.005002786892163 1.5929479881273545, 30.913150926560178 1.3696090692706329, 30.66639462787117 1.3364919762184397, 30.5740982046963 1.1125645201448322, 30.326951171344376 1.0793027260896872, 30.234214762963546 0.8548061355789275, 29.986693237369195 0.8214147005169838, 29.893521551791025 0.5963687416917051, 29.645641975801766 0.5628629375809053, 29.55203985057733 0.3372877300217244, 29.303818860080867 0.3036830299626363, 29.149616481024623 0.4957831912042614, 28.901489067159076 0.4622130330023506, 28.807148406677953 0.2364256144432186, 28.96124568069959 0.0439111032806413, 28.86679770222611 -0.1826608818632163, 28.617944538368818 -0.2164162065071376, 28.52308140027995 -0.4434550678731748, 28.677376722367228 -0.6370378416412303, 28.582403786236227 -0.8648269778310081, 28.33283292019607 -0.8987291386183869, 28.23744767174699 -1.1269482508785043, 28.391933214466263 -1.3215662773959533, 28.2964356680053 -1.55050005604962, 28.451239667673775 -1.745732247274361, 28.355629824001028 -1.9753601252731694, 28.104916307258435 -2.00945424849561, 28.008894606572 -2.239457754668126, 28.163883340239266 -2.4356652146004167, 28.067746809439512 -2.6663252480123165, 28.223057482230985 -2.8630995445437657, 28.126806111294087 -3.094394434443412, 28.2824396993891 -3.2917133629170197, 28.186073481057832 -3.523621039564615, 28.342030962887605 -3.721462006620129, 28.245549892710812 -3.953960012596596, 28.401832248941304 -4.152300047951498, 28.654726619978447 -4.117777780693083, 28.811461426708718 -4.316234880157352, 29.06448423066155 -4.281550905683405, 29.16033480042381 -4.048509874292189, 29.00348590073611 -3.8504178995903313, 29.0992268670239 -3.6179565669386924, 29.351490697391455 -3.5833270400193964, 29.508441243966416 -3.781047572700435, 29.41302897701135 -4.0137684122690755, 29.570301141851814 -4.211956164470212, 29.823075620309822 -4.177049628255753, 29.980755834280956 -4.3753132202286045, 29.885578725594968 -4.608850415017138, 30.043580497058173 -4.807538782784376, 30.296833122705294 -4.772320293920976, 30.391657550843405 -4.538552893407798, 30.64451473591504 -4.503291845023071, 30.802964690712173 -4.701647029243061, 31.055824089885192 -4.666196654284807, 31.149815905620898 -4.432556107559727, 31.402240487339583 -4.3970858207791785, 31.56108150327006 -4.595079497543493, 31.81346017768371 -4.559417174772531, 31.972632121415984 -4.757405499725099, 32.22493873500272 -4.721543343383584, 32.384425549374896 -4.91950626506551, 32.29160772881926 -5.153709299897504)), ((30.942210192285813 2.005376151132412, 31.188167658199347 2.038151618986745, 31.279480789578344 2.260002793317761, 31.12519297747329 2.448815358844972, 31.21641625987354 2.6697699128239556, 31.062427377384836 2.8578624282367984, 31.153560684811367 3.0779044045685215, 30.999869968310207 3.265259443590172, 30.755084756793366 3.233020492287501, 30.663602543346826 3.0132501434234933, 30.41842832124928 2.980811500720036, 30.32651154504623 2.7604024422248745, 30.080964135877878 2.7277781617833132, 29.988617364441012 2.5067484888624407, 29.742712786546207 2.473952862354032, 29.64994071329292 2.2523210487051415, 29.803398542835055 2.0631943753665642, 29.71052646723075 1.8406834042944225, 29.8642899302304 1.6508284166058511, 29.77131791640585 1.4274550487686741, 29.925387857415387 1.236889904356023, 30.172504006437947 1.2701305727155547, 30.2651431304364 1.49378605912354, 30.51188917081231 1.5268864546922651, 30.60409082933262 1.7499594577371833, 30.850450574630685 1.7829047109589629, 30.942210192285813 2.005376151132412)), ((31.360699193174327 -9.301470885063873, 31.522708699981507 -9.502688487272115, 31.780180341026522 -9.46538299802755, 31.87521696503063 -9.22703233777343, 32.13219758934994 -9.189567269260737, 32.22672908263985 -8.951383083582513, 32.06469359573691 -8.750798186258196, 32.15913381786601 -8.51293472615986, 31.997421451010098 -8.31249260191779, 32.091770210625214 -8.074975757873943, 31.930380147281625 -7.874702804723506, 31.674650009332424 -7.911615392722809, 31.513595163117202 -7.711199719663008, 31.257810543934227 -7.747821634139131, 31.162662743576334 -7.985028536772745, 31.323691086627775 -8.185775720560253, 31.228445751286387 -8.42334262901215, 31.389800282423607 -8.62427308549118, 31.294457561277795 -8.862174212985714, 31.037368105865994 -8.898984555946189, 30.941535655680354 -9.137039545097714, 31.10318241792791 -9.338439293556151, 31.360699193174327 -9.301470885063873)), ((34.5380268451394 8.917423305759785, 34.668372878697454 8.737449085182444, 34.9053781159177 8.764347250161547, 35.012892783925054 8.971059569674198, 34.883132235847484 9.151575918470114, 34.64526806926813 9.124838410046982, 34.5380268451394 8.917423305759785)), ((33.73972405454015 -9.3993832773844, 33.90291700769788 -9.599029769884089, 34.15874948611281 -9.560049453119627, 34.3221885530447 -9.759410592875641, 34.577792492086644 -9.720069305294542, 34.741460189207885 -9.919125114325238, 34.99680824639091 -9.879416340561399, 35.088105184547146 -9.640929768140598, 35.34279478984246 -9.601137276776845, 35.433537236246934 -9.362905557904392, 35.27007777494569 -9.164508356064577, 35.360753921269236 -8.926593140092521, 35.614400530034146 -8.887037456644327, 35.70452189815083 -8.649420519459513, 35.95748547563798 -8.609830827036939, 36.04704901832616 -8.372536586044273, 35.884145400436495 -8.174869049461858, 35.97364807259507 -7.937953604851327, 36.22555682231237 -7.898672788384844, 36.31450164692771 -7.662122113957984, 36.15203662482884 -7.464890536049933, 35.90048474926431 -7.503847926468311, 35.81104331545072 -7.740359371823394, 35.5588054740862 -7.779324571926435, 35.396373953730404 -7.581466620799384, 35.14383325196192 -7.620122518666559, 35.05335805494616 -7.8569344643120065, 35.21590286981956 -8.055149771373554, 35.12536035326673 -8.292354905976497, 34.87179504935938 -8.331281262132094, 34.78070677227714 -8.568796977712305, 34.526500600884276 -8.607676319744728, 34.43486996718471 -8.845478070827848, 34.18003858573053 -8.884291787588909, 34.0172260524983 -8.685040137865155, 33.762176862189335 -8.723519146682278, 33.599614632478335 -8.52402257576474, 33.344374793848715 -8.562173777607073, 33.25130309561712 -8.800057819156654, 32.995498080980724 -8.838112118118229, 32.901905133743014 -9.07621982813967, 32.645551720427704 -9.114158405988203, 32.55144176234421 -9.352464444284784, 32.71411457454883 -9.55294136125168, 32.97087578529258 -9.514791107241855, 33.13384479473547 -9.715023250954717, 33.39045480669088 -9.67651943683177, 33.48369045088353 -9.43800935069938, 33.73972405454015 -9.3993832773844)), ((31.669234573626 -18.26118551614586, 31.50117589229845 -18.061692730636842, 31.23425391915231 -18.100210845376484, 31.134935312641232 -18.33834170916537, 31.302964476006935 -18.53800208162095, 31.57034481944146 -18.499363309997758, 31.669234573626 -18.26118551614586)), ((40.528836927272636 7.826037781496256, 40.37703700347012 8.00340005563755, 40.45461977175603 8.204177149241664, 40.68350018695713 8.227707182831734, 40.7605596652557 8.427512201726046, 40.988659151234856 8.450577271320316, 41.06519472518025 8.649403690076193, 41.29250500250629 8.671998261829877, 41.36851616842563 8.869839960709603, 41.59502921875932 8.891958817183346, 41.74576356345716 8.71664240744546, 41.97170043904566 8.73869189805795, 42.04667285622813 8.93564513202575, 42.271792278906815 8.95721263171869, 42.34623738142983 9.153167414703269, 42.57053213058461 9.17424844392855, 42.72059902880687 8.999796609538409, 42.94427567949049 9.020813280286253, 43.094239895814326 8.84621416524876, 43.31728143875665 8.867174087072, 43.390149457231985 9.062296651221287, 43.61233640204773 9.082763690151356, 43.68467361289859 9.27687390782222, 43.53535367027462 9.450439016865518, 43.65054781535156 9.647737183831486, 43.54377092906185 9.825790759003688, 43.32102577848261 9.806166318047923, 43.20582151748536 9.608081769516687, 42.98270956432967 9.58796962971598, 42.8740348882379 9.766339980631132, 42.64979943819492 9.746137531401073, 42.5350136448813 9.5471752531598, 42.3104401643611 9.526492597113576, 42.19987487561511 9.705152875501835, 41.97419654998677 9.684370265874797, 41.85986899146292 9.484555488535936, 41.633882275569476 9.463300767840977, 41.521435392840885 9.6422236687342, 41.29436383890507 9.620859433864577, 41.18053463265127 9.420218517382681, 40.95318516542494 9.398390875999556, 40.83981888328421 9.197720624970941, 40.612207945410915 9.175440177398626, 40.53518893527945 8.977831050731082, 40.30680708088414 8.95507791814243, 40.229269091719374 8.756490200508866, 40.00012489102528 8.733269834814276, 39.922068695295366 8.533709870868128, 39.69217097838228 8.51002804097519, 39.540590621938065 8.68627995510085, 39.61913674043072 8.88570569186821, 39.46779101437352 9.06122174014551, 39.580002742503495 9.263414530726399, 39.809917685272666 9.286387696292591, 39.922628755934085 9.488597355991178, 39.805317991588765 9.668594291631857, 39.91842212672651 9.871567414439093, 39.800685649709635 10.052637601898152, 39.91418559847773 10.256361029485477, 39.79602031085773 10.438496135596663, 39.90991885133187 10.64295629324436, 39.79132162127078 10.826147538878734, 39.90562156085525 11.03133043594635, 39.786589222112156 11.215568593022498, 39.901293397953935 11.421459823858507, 39.7818227493799 11.606735212745594, 39.54691180224651 11.585682205851164, 39.42626153713314 11.771549826904991, 39.541257047385585 11.978906572047809, 39.420156754807635 12.16579438669099, 39.53556124965678 12.373830510656981, 39.41400756536768 12.561727609264285, 39.176308156112725 12.54115309546939, 39.061033328158686 12.33234671433849, 38.82314428652671 12.311236406899706, 38.70841873965645 12.102344094462389, 38.47035862034332 12.08070963420064, 38.34615172808134 12.268278065748566, 38.10706272769957 12.246429778799055, 37.98166535989495 12.434538555762034, 37.74155873998049 12.41246617425767, 37.62773616777159 12.201994617937242, 37.753836960037546 12.014351779699656, 37.640410573090435 11.804595754731938, 37.76602610597325 11.617956875538155, 37.652993171980086 11.408931871556984, 37.414530895434154 11.38579703145951, 37.28822810053515 11.571958146671493, 37.04879175440425 11.548606593142758, 36.9365386070279 11.338834290857825, 36.697023682772056 11.315006783129972, 36.585367501694236 11.105257971864168, 36.713010149226136 10.920077387056404, 36.601733694814726 10.711107748240035, 36.728881442945806 10.526950487143461, 36.96664930935276 10.551265043372577, 37.07813631572793 10.759496162008404, 37.31582519805295 10.78336111434424, 37.44115941712076 10.599246574224301, 37.32947505533582 10.391757645388715, 37.45433049495202 10.208681725501048, 37.69019998603977 10.232607671958275, 37.81391103614658 10.050091404131695, 38.04881394725487 10.073836732568548, 38.17138219338602 9.89189228092615, 38.05972641687458 9.686684681170192, 37.825669008464274 9.662675528237338, 37.70242514497377 9.844136781124199, 37.467407479426356 9.819955482594354, 37.34302720206912 10.001983182984763, 37.10706057914558 9.977620900247867, 36.9815426092016 10.160202867960002, 36.74463880167818 10.135650621139725, 36.63411418579997 9.92828175975942, 36.76028344553194 9.746201415497563, 36.65013099163582 9.539653276775745, 36.77581657729007 9.358625587692366, 36.66603381338987 9.152911139011312, 36.43077754230083 9.127497075657228, 36.32157540962811 8.921902752088648, 36.08627463147522 8.896103301970467, 35.959328572076686 9.076101815900893, 35.72315063101357 9.050121773298416, 35.61477218174474 8.843950673595435, 35.74233144589601 8.664477173172491, 35.658535440144675 8.461403062509966, 35.42261462613956 8.434820484489508, 35.33833786162569 8.23085091092408, 35.10183622926505 8.203866115916556, 35.01708126824664 7.999011122530548, 35.16924724709611 7.820929975725578, 35.08443299442024 7.614985443439835, 35.23686588656341 7.436096069180226, 35.47401487345667 7.463640621277614, 35.626612617290306 7.284444670674577, 35.542165893733454 7.077216811995432, 35.695029078967394 6.897239455144364, 35.61052628067887 6.688944736497206, 35.76365538233645 6.508199857982207, 36.00117190024832 6.53624116054751, 36.085237903575546 6.744726852953109, 35.932226119103206 6.924981432796203, 36.01623872785984 7.132404051491511, 36.252823469590226 7.159759616063623, 36.40570825894855 6.979997108831457, 36.64197840166884 7.007269133995861, 36.79498533799813 6.827246910272525, 37.03091938419277 6.854442749676946, 37.18403419895037 6.67417667631639, 37.101368032957055 6.466220611820973, 36.865129182170136 6.438698656997197, 36.71186314228777 6.619460103692632, 36.475283279006646 6.5918721623031, 36.39166152087574 6.38320408763892, 36.545069312762706 6.20194904365052, 36.461397176882826 5.992232585170744, 36.615067113646234 5.8102533418688544, 36.85226667876043 5.838485012122251, 36.93548453684406 6.048370880259373, 37.172028244307114 6.076223023833363, 37.325657150029684 5.894522300524539, 37.24290075677641 5.684475954476109, 37.396787283177844 5.502080735247832, 37.63326334396285 5.530229194575717, 37.78723645588747 5.347650667252114, 37.70490673779875 5.136429544501939, 37.85913546409756 4.953187666325746, 37.776764288123275 4.740955381891409, 37.93124898315361 4.557066627091684, 37.84883672954382 4.343835801783397, 38.003577744981925 4.159317071966078, 38.240543672366584 4.188524865463476, 38.39534938220666 4.003886536726489, 38.31338292633683 3.789548629480976, 38.4684427822007 3.6043138138654762, 38.70526675348751 3.633912093251734, 38.786739958321334 3.84836183079799, 39.02282234782729 3.877593719110733, 39.10376338901261 4.091176687461003, 39.33909381981803 4.120032453056901, 39.41950141048804 4.332736831056754, 39.26508095814819 4.516483077944325, 39.030029114032686 4.488022069858863, 38.87563488562307 4.671667431789502, 38.9565100326557 4.883272802836946, 38.8023638718567 5.066301703214739, 38.88320544522759 5.276899148975889, 39.11769966334941 5.304583736036964, 39.27162952162152 5.122055575502148, 39.50565109735294 5.149728790639303, 39.65959814420313 4.9670847898711, 39.89312660983137 4.994753965693734, 39.972438180695065 5.204663869119176, 39.81872772929677 5.386804318539293, 39.898013095692875 5.595698468669991, 40.13050239303914 5.6225514868048885, 40.20925574728864 5.830521702095419, 40.056026730268826 6.011536794251476, 39.823800683618344 5.985086376283832, 39.67056864239743 6.165972094529339, 39.74980028213275 6.372800284302096, 39.98176285579589 6.398852907904242, 40.06046700441027 6.6047458092753395, 40.29165973412353 6.630366240169046, 40.44440510267839 6.450495172621825, 40.67507211304218 6.4760837941373035, 40.75273911266811 6.681134587754141, 40.98261334584515 6.706281614112297, 41.059748353083535 6.910376846759505, 40.90752218473881 7.089227823737584, 40.98463899616982 7.292264307329526, 40.83264001547809 7.470463367728651, 40.90973817066441 7.672431601990851, 40.757966221530154 7.849964213259447, 40.528836927272636 7.826037781496256), (38.27732193738341 6.601545103268247, 38.196102977962774 6.394181299623155, 37.961304852182 6.367169642809798, 37.80801709269276 6.547875400027374, 37.88971002539265 6.75509150128961, 38.1242184834717 6.781750821904368, 38.27732193738341 6.601545103268247), (38.725749638407784 11.313653311269727, 38.847844660284515 11.128682226009413, 38.734321691924585 10.921926720524446, 38.49885076581849 10.899383751699382, 38.376049319737504 11.083893527417908, 38.4894219163072 11.291408700642394, 38.725749638407784 11.313653311269727)), ((30.901798505335876 -6.237981048738598, 30.99655475446866 -6.002467355516832, 30.83714437677176 -5.8030258741978304, 30.931802404981823 -5.567997463063136, 30.772713029836382 -5.368893376274929, 30.51901541889842 -5.4044589909778065, 30.423988484475615 -5.639281330462907, 30.583025412238527 -5.838744867309947, 30.487897380661764 -6.074058672209175, 30.647257430558767 -6.273854112383715, 30.901798505335876 -6.237981048738598)), ((32.733028994587556 4.1100298680214635, 32.8870465319018 3.9242257116613017, 32.798105249217144 3.7066961379333, 32.952411176214184 3.520162529392458, 33.19563121227134 3.5516256278536855, 33.28417941806086 3.7693845152508736, 33.12990289376114 3.955451976303252, 33.218376269596774 4.1722470571946975, 33.06438589369458 4.357583574160932, 32.82189275837726 4.326591665823317, 32.733028994587556 4.1100298680214635)), ((29.12569641774334 -4.713702777354598, 28.87223794686551 -4.748486607493111, 28.775842284640106 -4.9823628240250075, 28.933228386510905 -5.181710430876215, 29.1871234481452 -5.146826307362826, 29.283193107670172 -4.912695509445068, 29.12569641774334 -4.713702777354598)), ((33.552832838284075 -7.413631252796321, 33.460445633607605 -7.650499982974079, 33.20599768605126 -7.688179160286575, 33.11309093104347 -7.925333910060993, 33.27506941365937 -8.124920288913144, 33.529913069751586 -8.0870054850646, 33.69216100562443 -8.286387330375675, 33.94681918049048 -8.248157932050281, 34.03883631445862 -8.010796381190277, 34.29289663148586 -7.972507365363384, 34.384380773951506 -7.735444161705097, 34.22226350168319 -7.53675978219407, 33.968588141449516 -7.574787696127617, 33.80671026876945 -7.375898666772004, 33.552832838284075 -7.413631252796321)), ((29.49751611390758 -7.32532103042313, 29.65697894976401 -7.526428101672488, 29.56025319273354 -7.763247468490486, 29.72004705837125 -7.964618196879356, 29.976654064768525 -7.928846639348031, 30.073026169839068 -7.691821302334085, 29.913147689084667 -7.4907728211003635, 30.00941344107082 -7.254127001124075, 29.849864007611615 -7.053348099269715, 29.594132662907384 -7.0888875190264296, 29.49751611390758 -7.32532103042313)), ((38.084993281302104 13.045149277801071, 38.325854391225505 13.066387914976222, 38.44123836106229 13.277391047194913, 38.31559361880551 13.467915312817736, 38.07383659252997 13.446987766645892, 37.958623780899984 13.23522377850352, 38.084993281302104 13.045149277801071)), ((32.90415658262444 -18.30075219630195, 32.73540622219076 -18.102586469868363, 32.46919494815549 -18.14276467313131, 32.371295214655134 -18.381268214687143, 32.540064926589395 -18.579608413734242, 32.806717981937055 -18.53926988144585, 32.90415658262444 -18.30075219630195)), ((33.62395257406126 -10.315265712796545, 33.53055401890458 -10.55429717855172, 33.69444105159124 -10.754294181788907, 33.95166871734804 -10.714951524393454, 34.04460828900625 -10.475852036263493, 33.88078177159653 -10.276162405082479, 33.62395257406126 -10.315265712796545)), ((47.29104554942273 10.870610023879273, 47.17330122135024 10.67712915986081, 47.27000703296733 10.499674701657671, 47.48363365790695 10.515409165482433, 47.60124921515842 10.708091003001902, 47.50536892233947 10.885835483389418, 47.29104554942273 10.870610023879273)))",Aruba Dam Reed Frog
191,23407,23396,Leptopelis mossambicus,species,20978,Amphibia,2.32,"MULTIPOLYGON (((39.13879987313595 -14.789842795959299, 39.0513038645893 -15.02922194177416, 38.79598191550079 -15.075468170833041, 38.628489927033854 -14.88195913141, 38.372638527933304 -14.927689471738198, 38.283942853375805 -15.167291415269734, 38.02724371730602 -15.212860716741439, 37.85958777445495 -15.018475368962433, 37.60240669042679 -15.06352334130207, 37.51253196016768 -15.303295565664087, 37.25453793555786 -15.348153542663374, 37.164054857044675 -15.587967689335787, 36.90526252907719 -15.632615005911475, 36.737320831701766 -15.437131878146905, 36.478116938660634 -15.481244833834838, 36.38648548291934 -15.721143094116956, 36.12652026106588 -15.76501650218092, 36.03429180952443 -16.004896961225306, 35.77358100158935 -16.04851008098108, 35.605485850228604 -15.851963889467324, 35.3444367009281 -15.895030712390902, 35.251094173425486 -16.134908194231162, 34.989338483773054 -16.17768609618994, 34.821325257870285 -15.980333007731637, 34.559283510114255 -16.02256155460259, 34.46485400450635 -16.26238216320719, 34.20214603597378 -16.30429348311924, 34.107143420062215 -16.54400235777721, 33.84378670640422 -16.585575867932604, 33.74821505960432 -16.825146199068087, 33.48422742010905 -16.866361363081037, 33.3880910074825 -17.10576634715928, 33.123490600694225 -17.14660269369341, 33.02679387327282 -17.38581555302432, 32.76159919224921 -17.426252694463557, 32.664346787206114 -17.665246697030256, 32.83275185096488 -17.863817690527696, 33.09838154789787 -17.823206704626987, 33.267098303164005 -18.02119164292333, 33.170221886546074 -18.259967631150634, 32.90415658262444 -18.30075219630195, 32.806717981937055 -18.53926988144585, 32.540064926589395 -18.579608413734242, 32.442068951592944 -18.817841258324105, 32.17484740382966 -18.857713563285852, 32.00607273247138 -18.659205247436642, 31.73875623470377 -18.698457488717228, 31.639763492075872 -18.936351141730185, 31.371923985347138 -18.975110518877766, 31.27239271252995 -19.212659774322642, 31.441133601760782 -19.411485100484455, 31.341496253058978 -19.648705387514518, 31.072688008710543 -19.68705950705942, 30.903986108354957 -19.488085362655177, 30.63516133508182 -19.525800170457238, 30.534569881832624 -19.76258250199281, 30.265283448234072 -19.79974602869971, 30.097068215962395 -19.600045813472132, 29.827823380414827 -19.636571532201536, 29.72631475994521 -19.872864310390128, 29.894443655161922 -20.072699428940325, 29.792815759745764 -20.308611923282506, 29.522669387799937 -20.344616087320887, 29.354641940568797 -20.144652780035287, 29.084591111786892 -20.180008205680373, 28.982077728012882 -20.415367475587928, 29.14998853121307 -20.615452223009605, 29.420532630794526 -20.580055612039622, 29.58892866863542 -20.77955962204036, 29.48666946064938 -21.014575538293215, 29.655435221628125 -21.213595574892675, 29.926560289098518 -21.17748193190511, 30.09579138660962 -21.375881897988492, 29.993806220321176 -21.610506568301037, 30.163406930958246 -21.808379394807815, 30.061302874064097 -22.042526842419885, 29.789194976626135 -22.078751111967758, 29.68656886541484 -22.312352311260295, 29.856450610761527 -22.50977552604382, 29.753702363164393 -22.74285831046851, 29.48067562036843 -22.778466410583135, 29.37740848541341 -23.010961069008392, 29.10397815727515 -23.045879399819576, 29.000198843364615 -23.277762144764555, 28.72638750381205 -23.311973205401955, 28.622102905732504 -23.543220579633925, 28.34793339162283 -23.576707228131355, 28.24315058858906 -23.80729611989116, 27.96864598981503 -23.840041587582697, 27.863372243325017 -24.069949245293966, 28.03295510148925 -24.267184122004682, 28.307981667649983 -24.234444638150332, 28.478115462939712 -24.430992998682942, 28.373061743010112 -24.660342082383355, 28.097511924810675 -24.693076442238024, 27.927542574163112 -24.496466185352038, 27.652198963969738 -24.52843600058652, 27.546299629892815 -24.75699831066774, 27.716088388793025 -24.95366448159537, 27.99196059504004 -24.921711777250227, 28.162317728915127 -25.117675559529676, 28.0566275790072 -25.345643453608957, 27.780225440415848 -25.377580049675885, 27.67404180249116 -25.604796758052125, 27.844611399611864 -25.800140995392532, 28.12154480643798 -25.7682194824504, 28.227373790198698 -25.540939311109238, 28.503973963142727 -25.50821253855883, 28.675268704741455 -25.702769034507323, 28.952033373134782 -25.66924362398626, 29.05697829032647 -25.441171701784768, 29.333356747135923 -25.406861456714907, 29.437779402269797 -25.178072471443066, 29.713748314279826 -25.14299402577038, 29.81764176089783 -24.91351022376711, 30.093178077980753 -24.877680604081295, 30.265322628085755 -25.071289890563573, 30.54090265526932 -25.03466888327232, 30.643835668585723 -24.804496908056116, 30.918931746564397 -24.767147784222246, 31.091585304030502 -24.95990140075419, 30.989090268825805 -25.19007806483938, 30.71350031977181 -25.227497130499078, 30.610449411060074 -25.457015170145162, 30.783426722389606 -25.649115237385377, 30.68025806519225 -25.87795909150072, 30.853616144948518 -26.06931068043414, 31.130196671090744 -26.031751111653882, 31.3039842195748 -26.222271558148634, 31.201147085881473 -26.45041366387226, 31.375314811666783 -26.640149988720573, 31.272364010122374 -26.867574914198443, 31.44691300464092 -27.056508004408506, 31.34384872696299 -27.2831970099078, 31.518780082334786 -27.47130821444543, 31.415602525886072 -27.697243024499425, 31.59091733486244 -27.88451416022926, 31.4876267027241 -28.10967696931791, 31.20855340396875 -28.147591433997174, 31.10468163866861 -28.37199012533991, 31.280347944775315 -28.55844987559122, 31.176359609713444 -28.782045369725353, 30.896243242117293 -28.819199940636103, 30.791676445116764 -29.04199674390555, 30.96768454675842 -29.227618670069816, 30.862997643828066 -29.449582466783767, 30.581847282856444 -29.485939088534074, 30.476584786933273 -29.707070911161942, 30.652924701209315 -29.891830084602514, 30.54753852171396 -30.112100503072412, 30.265363683665555 -30.14762232461175, 30.159404981752004 -30.36702881076189, 30.33606644184954 -30.550901821916124, 30.229980437924695 -30.769419937416064, 29.946791087030306 -30.804071357458177, 29.840135836759544 -31.021694937101593, 30.017108289496207 -31.204659899105295, 29.91032207871288 -31.42136958671297, 29.626128634096602 -31.455116293824112, 29.518776662362654 -31.670902221129335, 29.23413615025865 -31.703698076341695, 29.126225916437875 -31.91854289416055, 28.841163732796673 -31.950373911452722, 28.73270295586491 -32.16426073691032, 28.44724480991121 -32.19511342301902, 28.33824142663761 -32.408025846441525, 28.515092657844093 -32.59010210636084, 28.40594325347945 -32.802046068695034, 28.583211017587104 -32.983157554859766, 28.86978806528242 -32.95231470344269, 28.97853329937348 -32.740356891908775, 28.801109566638047 -32.559255053131515, 28.909712590606574 -32.34632683188349, 29.195327285885696 -32.31449212457369, 29.30337597835978 -32.100595743291166, 29.588562635871853 -32.067786735917544, 29.69604926588869 -31.852938768155333, 29.9807823794944 -31.819169310532658, 30.087699438527864 -31.603386797958898, 30.371953831786982 -31.568671226704843, 30.47829403580465 -31.35197167194751, 30.30082959548946 -31.169976809671986, 30.407042768647898 -30.952361169767546, 30.690267200778635 -30.91675664129914, 30.795900283664736 -30.69825330784688, 31.078603453201453 -30.661742746866082, 31.18364961879226 -30.442370420693816, 31.006459801068644 -30.259486142046846, 31.111386394078778 -30.039235075427666, 31.393032457298233 -30.001896417618664, 31.49736933390807 -29.780807804088813, 31.77845332902109 -29.742605646481387, 31.882194116129142 -29.520699334157012, 32.16269283351795 -29.481650516302476, 32.265831384882176 -29.258946761802104, 32.54572199411817 -29.219068533915955, 32.648252391053376 -28.995587991090332, 32.927512449077796 -28.95489800046056, 33.029429000928644 -28.730661708586293, 33.30803645974123 -28.689177985457967, 33.40933370413427 -28.464207356909142, 33.23254523587693 -28.280656061294728, 33.333745327459184 -28.054901487292337, 33.157331585386686 -27.870453646782362, 33.25843420475505 -27.643932244147308, 33.08239423796647 -27.45860479850616, 33.183399072192344 -27.231334158240372, 33.007731928846994 -27.045144528599074, 33.1086386714008 -26.817142711222775, 32.93334339878959 -26.630108795659634, 33.03415174946596 -26.401394325919913, 33.30974729988972 -26.35977208127419, 33.40994959203147 -26.130419472283847, 33.23506694198875 -25.942632844215144, 33.33517417963185 -25.712602314666892, 33.609651183571145 -25.670420820275623, 33.709150917698 -25.439791491279166, 33.98295453907676 -25.39694153383379, 34.08184190999657 -25.165737286400653, 34.35495203832136 -25.122238669704068, 34.52961634715467 -25.309780870064962, 34.80245079873691 -25.26547758331401, 34.90018038160221 -25.033808906359912, 35.1722751716911 -24.988885386172594, 35.26937554712339 -24.756698183878612, 35.54071173874323 -24.711174943629754, 35.637178927709385 -24.47849390285013, 35.46286894349532 -24.29123335804587, 35.55926258196942 -24.057973475945726, 35.82940567347845 -24.012083321845534, 35.925165881876666 -23.77837170063392, 35.75134531203179 -23.590443643942343, 35.84703504389239 -23.35619184176468, 35.673555790352225 -23.1675145513992, 35.76917460565704 -22.932744422207172, 35.59603598660624 -22.743338769807682, 35.69158345194933 -22.508072547558, 35.959713621419354 -22.462316273243996, 36.05463447274968 -22.22667698096151, 35.88198278002838 -22.036692820840813, 35.97683528256596 -21.80059824118112, 35.80451924688907 -21.609934561610693, 35.89930296280437 -21.373407841182075, 35.727321927233675 -21.182086840559954, 35.46041460210222 -21.22715288605036, 35.288631648095844 -21.035050665843983, 35.38388950947396 -20.79802960221261, 35.212443740481746 -20.605309404913378, 35.307628181756 -20.367908701153137, 35.13651890033415 -20.17459372875966, 35.23162952640172 -19.93683764070087, 35.497316356248916 -19.89247090134207, 35.591820675622614 -19.654453580501592, 35.856764994339244 -19.609674064268994, 35.95065945205806 -19.371422012489244, 36.214844230315265 -19.326250868771794, 36.308125467607 -19.087790642403167, 36.57153406426875 -19.042249087191674, 36.664198917283386 -18.803607277691654, 36.926815081922484 -18.757716574699423, 37.01886058032471 -18.518919789254095, 37.28066845536074 -18.472701231115266, 37.37209182078675 -18.23377607331753, 37.2022741474716 -18.04096276075116, 37.293642940919256 -17.801822679839145, 37.55426169661743 -17.755608297011932, 37.723874587635265 -17.94822401351618, 37.98401989057223 -17.901413645369814, 38.074191414347126 -17.662311443241844, 38.33348322785352 -17.61523708524911, 38.423025418032466 -17.376086108331318, 38.6814494699488 -17.328768983547995, 38.85067369369594 -17.520257037106933, 39.10855384508503 -17.472359651788437, 39.196869812719854 -17.23333361053025, 39.45384795363029 -17.1852236921786, 39.54152598965908 -16.94620846734776, 39.79758905257194 -16.897907112110097, 39.88462770129681 -16.658928799759146, 40.139763019027015 -16.610456996410306, 40.226161001017545 -16.371541551669484, 40.480356305691316 -16.32292016481321, 40.56611251521181 -16.08409338440075, 40.39828792582668 -15.893712911338225, 40.48401782063408 -15.6548195801369, 40.73695786353977 -15.60648680955056, 40.82204797417273 -15.36772680045274, 41.07403147523425 -15.319297103561075, 41.15848099963989 -15.080695754475698, 40.991565508383616 -14.890342685330348, 41.075993911986046 -14.651738261603478, 40.90935079374481 -14.460958879155376, 40.99375746630187 -14.222376955857538, 40.82738652182988 -14.031195996196931, 40.911770859220894 -13.79266221200267, 40.74567188397495 -13.601104595400358, 40.83003328815789 -13.362644634836837, 40.66420607237225 -13.170735448872566, 40.7485439513415 -12.932375024449334, 40.58298828010186 -12.740139506888326, 40.33279231074064 -12.785977952774813, 40.247855079883834 -13.024484483855476, 40.41371126771412 -13.21700729792579, 40.32874709585258 -13.455620475974353, 40.49487859449857 -13.647809408320233, 40.40988805797326 -13.886503426609735, 40.158165113538814 -13.933156510138668, 39.99173977411911 -13.74069300720283, 39.73941051586107 -13.786864174027277, 39.653196841855845 -14.025908408140278, 39.39996813223732 -14.071999567161578, 39.233273818792355 -13.878646275207748, 38.979483314950585 -13.92424966020971, 38.892063934966956 -14.163593264801165, 39.05901577466051 -14.357212735180871, 38.971557813862546 -14.59658713249975, 39.13879987313595 -14.789842795959299)), ((48.419255950685454 -13.559803356035776, 48.258652592422266 -13.37939272454855, 48.02614909410093 -13.431387491257642, 47.95409012720387 -13.664403374500314, 47.720424707380346 -13.71658530557253, 47.64771863001306 -13.950039037053475, 47.80935777478351 -14.130963208909867, 48.04318887012815 -14.07817840180798, 48.11521429573088 -13.845072863727802, 48.34787742252274 -13.792467048635936, 48.419255950685454 -13.559803356035776)), ((43.46830444712586 -24.435211854093467, 43.384261277343796 -24.667312148555936, 43.55732693190649 -24.840669472540036, 43.81399596612056 -24.7818416819057, 43.98688635609551 -24.954183433691405, 43.90355548373773 -25.18543056068052, 44.07671207564346 -25.35682539076605, 44.332740687197884 -25.296898288563956, 44.505698336233934 -25.4672627961238, 44.76079403616299 -25.406633406918374, 44.93353389031108 -25.575962761112677, 44.85165885473458 -25.805985316865414, 45.024655420500864 -25.97433540112144, 45.27903536877585 -25.91260222798977, 45.36017584763189 -25.68292665799195, 45.61333345550963 -25.620910234299437, 45.785582086281664 -25.788156640389417, 46.03773558407076 -25.725456105991544, 46.11741367417383 -25.495932756326525, 46.36832345965948 -25.43298355243125, 46.53977084012561 -25.599129323969986, 46.789640254975865 -25.535515002818467, 46.8678514743043 -25.30619388655431, 47.11645780073303 -25.242365303905572, 47.19394959905043 -25.012895398058376, 47.44128749336966 -24.94887451220913, 47.51806219484669 -24.719279746358623, 47.348246795540206 -24.553307276415207, 47.10110404659673 -24.616870044189636, 47.02358263923429 -24.846863071630356, 46.77517864797045 -24.910243258807196, 46.696940429261986 -25.140103819671005, 46.44728062040994 -25.203279532561666, 46.27607096190067 -25.036151273915312, 46.025379212265904 -25.09866733984895, 45.94568036515187 -25.32874441087165, 45.69375230187262 -25.391021765344565, 45.5217509062814 -25.22279420811452, 45.26882721096655 -25.284393275746236, 45.096575824601246 -25.115130315434826, 44.842679687045575 -25.176044963684525, 44.670196650067396 -25.005750862369062, 44.41535179446555 -25.065975273476745, 44.24265568153987 -24.894654753055633, 44.32527285245567 -24.663186956902628, 44.15283833736274 -24.490925741105407, 43.89732914412275 -24.5500522846261, 43.72470498164671 -24.376779262146286, 43.808039673236976 -24.1444670867345, 43.63568175615109 -23.97027890273845, 43.71901717632426 -23.737463822479494, 43.97400362598654 -23.679152402897525, 44.056634182506286 -23.446167544105553, 43.88498475321779 -23.27118071147205, 43.96761819303953 -23.037730503442052, 43.79623053089131 -22.861868787527484, 43.541770033133446 -22.919351146088598, 43.37021088415102 -22.74251864592539, 43.453543849946726 -22.508317778719192, 43.28225094295186 -22.3306390402051, 43.3655815670127 -22.096018404210774, 43.6195130194223 -22.03937836139238, 43.70215046987386 -21.80465810725515, 43.531548219865414 -21.62627885177932, 43.614185483468304 -21.39117837282905, 43.86673422198271 -21.33476246363455, 43.94868177254753 -21.099605534347923, 44.20010463212947 -21.0430095555982, 44.281363186258375 -20.807821344050822, 44.11189134705501 -20.628919782228138, 44.193154621437884 -20.39340954785076, 44.44319838828986 -20.33711614527856, 44.52377629903651 -20.101617740023542, 44.355001271920116 -19.922100958927174, 44.43558589941313 -19.68632128449596, 44.68425589751348 -19.630375874375357, 44.76415884829001 -19.394651068686105, 44.596080888042906 -19.21455795508686, 44.347650317481964 -19.27002586819944, 44.267059729077005 -19.506063858693206, 44.01750804039921 -19.5614262005527, 43.93623758893813 -19.797512397333456, 44.105203142687486 -19.977930271780174, 44.0239359046939 -20.21373992547322, 43.773017735510024 -20.269431973638287, 43.69106710618823 -20.505246560311523, 43.860720440353305 -20.68506528605253, 43.77877097514303 -20.92056229765023, 43.526481376162394 -20.976538453615188, 43.4438450500175 -21.211997060119877, 43.19044562355219 -21.26778226772312, 43.10712192722036 -21.503177172726353, 43.277882414827445 -21.682492993948923, 43.19455488285735 -21.917511750849567, 42.93978124807148 -21.973502299628215, 42.85576305746736 -22.208413975748137, 43.02720433659573 -22.387044615611803, 42.9431801025209 -22.621540319073798, 43.114892016039676 -22.79933615634541, 43.03086248133127 -23.033394381895892, 43.20284507678181 -23.210337196537047, 43.458435482807715 -23.1531109322581, 43.63026088569495 -23.329079301288104, 43.546925514933434 -23.562377039987982, 43.29106430898892 -23.62000879064163, 43.20702642925795 -23.853128932057622, 43.37955050256943 -24.02831278920809, 43.29550959242192 -24.26093304236142, 43.46830444712586 -24.435211854093467)), ((45.617710030760776 -16.146338240740562, 45.859596247941056 -16.09278898534799, 45.936209559442005 -15.857191766756698, 46.17696037959769 -15.803697104668467, 46.25291268738354 -15.568389034085303, 46.0887939840315 -15.386254654626454, 45.84824656940964 -15.439199618363974, 45.77161560439788 -15.67482807973354, 45.52993931018699 -15.727837155645371, 45.45264825263996 -15.96374951436184, 45.617710030760776 -16.146338240740562)), ((47.99163049842946 -23.96543325830674, 48.067015622840586 -23.735186503714456, 47.89853950672489 -23.56839176400414, 47.97396087078846 -23.33769037889416, 47.80569991656259 -23.169961701778988, 47.56145993401407 -23.232856187257013, 47.48529848185686 -23.463965501091902, 47.654116110171 -23.631772704109988, 47.577987587950474 -23.862430033929094, 47.33230031903051 -23.9256813094444, 47.25546215847996 -24.156270715654404, 47.425053661167055 -24.323205786874894, 47.67093015199788 -24.25948217630327, 47.747024879962424 -24.029296144251827, 47.99163049842946 -23.96543325830674)), ((44.17254084456073 -18.434612582817238, 44.0047615708003 -18.252256197224256, 43.755953886393314 -18.30620153646719, 43.67467823091937 -18.54297757347187, 43.84288412345359 -18.72551759298435, 43.76160946966377 -18.962087221117212, 43.93006860429122 -19.143940659858675, 44.17937306303685 -19.089048051931723, 44.25996886290329 -18.852774948219064, 44.50815918563049 -18.7977872977515, 44.58807870597266 -18.561605522887493, 44.42049011258919 -18.380107835268223, 44.17254084456073 -18.434612582817238)), ((44.3258459163915 -17.30551047925247, 44.158991880449264 -17.12206439749151, 43.911770485082684 -17.17510589025736, 43.83116120737526 -17.41208290370768, 43.99844234850576 -17.59573260584155, 43.91783534762277 -17.832569539313667, 44.085365570606314 -18.0155834067782, 44.33307299038904 -17.961564074212735, 44.41300608639173 -17.725019259727425, 44.245907139702496 -17.542201069386245, 44.3258459163915 -17.30551047925247)), ((44.15227448647181 -16.464290390152374, 44.072326531840474 -16.701200129971177, 44.2389356079681 -16.885252109705455, 44.48506247347075 -16.83217778612375, 44.56434146187567 -16.595554581461545, 44.809366172085106 -16.542467340761736, 44.887981376226264 -16.306057328753926, 45.131896688415196 -16.252976834138877, 45.20984920337722 -16.016803862511953, 45.04455984599983 -15.833412765186344, 44.800868515293274 -15.885970609979124, 44.72224387872802 -16.12244159237159, 44.4774498185582 -16.175016184466177, 44.39816397839488 -16.411718548527535, 44.15227448647181 -16.464290390152374)), ((39.041307654340955 -8.55723659654822, 39.20440329202685 -8.752097584901799, 39.452446486669146 -8.710509481812156, 39.5370839030594 -8.474480553426107, 39.37423882323503 -8.27998042113843, 39.12650381775754 -8.321149346859068, 39.041307654340955 -8.55723659654822)), ((47.69629772812331 -22.137127825524303, 47.6207728125342 -22.36907504607351, 47.78860245007289 -22.538625723299273, 47.71311119645301 -22.770177673076105, 47.881156655014934 -22.938825139651836, 48.124135354307896 -22.875831835705256, 48.19888993163704 -22.644691800865225, 48.03140342929947 -22.476132860476397, 48.10619491225981 -22.2445943992363, 48.347737392541745 -22.18203318284944, 48.42183172625167 -21.950531851519735, 48.25511767835752 -21.78117612410166, 48.01374733656661 -21.84322308159543, 47.9389198019189 -22.075139737113638, 47.69629772812331 -22.137127825524303)), ((48.64280581317473 -21.255443635781823, 48.47686211544078 -21.08532570892915, 48.23691396869637 -21.14688311196459, 48.16274370537903 -21.37908602970054, 48.32925040112033 -21.549313679364257, 48.56936521553351 -21.487228403842185, 48.64280581317473 -21.255443635781823)), ((47.11822594908753 -14.9387605621274, 46.88091408768321 -14.991980318990297, 46.806278667817566 -15.2266419730001, 46.56781538104548 -15.279971578659389, 46.49252241129318 -15.514967689335279, 46.65637473084817 -15.696297961337043, 46.8950276005223 -15.642402143793914, 46.96963752727021 -15.407742818708638, 47.20713262585468 -15.35394783334956, 47.281084638345476 -15.119627779923631, 47.51741739282738 -15.065951604326752, 47.59071355908287 -14.831992812947231, 47.82587973871264 -14.778453098564434, 47.89852223841967 -14.544877220843524, 47.73668310486988 -14.364489826339183, 47.50168767721647 -14.417436850056, 47.428361520778 -14.65136341574951, 47.19220572608512 -14.704455535348044, 47.11822594908753 -14.9387605621274)), ((40.505557341524735 -11.640564185608623, 40.75423999576191 -11.595605086875311, 40.837885062590345 -11.358029798263232, 40.67344223899465 -11.165282784859057, 40.75706424045137 -10.927927905630797, 40.592888377994484 -10.734963997392397, 40.67648674228127 -10.497854972311925, 40.51257762710526 -10.304699817357038, 40.26477606082517 -10.348325184256229, 40.180591432552404 -10.585549129366408, 40.34479277986688 -10.779033706138447, 40.2605811987427 -11.01651104220624, 40.42505294135276 -11.209797115753224, 40.34081496405105 -11.447502340381524, 40.505557341524735 -11.640564185608623)), ((40.44643910923756 -22.280781379949445, 40.1855116148308 -22.333214505649195, 40.09678091100989 -22.568607799202724, 40.26962371454249 -22.75134737067634, 40.53087823687949 -22.698567111708922, 40.61896075489196 -22.463395059952283, 40.44643910923756 -22.280781379949445)), ((48.67738947187337 -19.75233636668666, 48.60451454359685 -19.984875165252415, 48.769490636049454 -20.15654192886333, 49.00677604735034 -20.095537292422538, 49.07892854621633 -19.863420525248145, 48.91451883135895 -19.691886077724888, 48.67738947187337 -19.75233636668666)), ((45.008395630532846 -13.205908119582606, 45.248794056950686 -13.15617562997589, 45.32551548938187 -12.92086917729896, 45.16249533791222 -12.73502646589897, 44.92231282783166 -12.784208448799887, 44.84493580216042 -13.019782921856045, 45.008395630532846 -13.205908119582606)), ((43.13530651302932 -12.03725604410702, 43.29921968525818 -12.226445799844434, 43.54269508849896 -12.17898142580157, 43.622010666026625 -11.942843786517475, 43.458485153029244 -11.753957829964195, 43.53779995514893 -11.518013428208524, 43.374515629449036 -11.32881249590001, 43.13153121065585 -11.375245258306894, 43.051586790592864 -11.611394054421, 43.21525492363958 -11.800906534421852, 43.13530651302932 -12.03725604410702)), ((49.29411574548584 -19.166956213131257, 49.13046947204202 -18.99476932659338, 48.89473658146383 -19.054603724711573, 48.8224997880921 -19.28719186017995, 48.986713893108686 -19.45952280403751, 49.22259768722918 -19.399121265254742, 49.29411574548584 -19.166956213131257)), ((48.458121622792646 -20.44984190928933, 48.38460221662746 -20.682252280088225, 48.55034253879191 -20.853217633112628, 48.7890383092531 -20.791651471267222, 48.86183164138794 -20.5596614869064, 48.6966560872703 -20.388816994287748, 48.458121622792646 -20.44984190928933)))",Mossambique Forest Treefrog
192,23413,23396,Leptopelis vermiculatus,species,20978,Amphibia,2.32,"MULTIPOLYGON (((36.639871200043245 -8.05638137125013, 36.72831060232875 -7.819804620146824, 36.97913782954214 -7.7802228292781885, 37.06701124020532 -7.544040258334584, 36.90457046194999 -7.347458774788921, 36.992391531353235 -7.11170812427537, 36.830240312845774 -6.915218556351563, 36.91800863394408 -6.6799244192956495, 37.16741749781676 -6.641096935012006, 37.25462302143373 -6.406254399100545, 37.50329024957324 -6.3675049536338015, 37.58993069108527 -6.133136352130772, 37.83784317420037 -6.094481905869913, 37.99944034006859 -6.28981834733468, 38.24690653917406 -6.250886410466153, 38.332452294887844 -6.01700826501525, 38.17106135848229 -5.822066456106957, 38.25656540123197 -5.588711242359403, 38.50293036908573 -5.550296617792391, 38.587863401090516 -5.3174800898912356, 38.83343625139938 -5.279209732930874, 38.917796599690774 -5.046952690382309, 38.75711925281098 -4.85296741491477, 38.841442797184754 -4.621287719784495, 38.681034983029576 -4.427479678111354, 38.4360811697926 -4.464936873025333, 38.27572525859864 -4.270909658740841, 38.36053852028738 -4.039847244201122, 38.20045466742886 -3.846040835975355, 37.95535168337514 -3.882876432732301, 37.87001892875227 -4.113909082824057, 37.624159430934526 -4.1509126830922725, 37.463956150433546 -3.9565026695728864, 37.21767980552326 -3.993288788755102, 37.13128158619003 -4.224853788497902, 36.88427970993706 -4.261786689969559, 36.79733008117063 -4.493905659662148, 36.549615742915364 -4.530969455577428, 36.38919183146987 -4.335565636783938, 36.141122777958145 -4.37240704557352, 36.05313545298338 -4.604988362467326, 36.2137036684891 -4.800800004056683, 36.12565852488356 -5.033963761476585, 35.87655971165481 -5.071240602633368, 35.715858329842206 -4.875026237846561, 35.46644386239234 -4.912069174093957, 35.37737729923842 -5.1456410221930735, 35.12731139560424 -5.182759776653113, 35.037709654871605 -5.416793866682074, 34.7870068969803 -5.453971493353901, 34.696873145497875 -5.6884453376027615, 34.857905697007766 -5.885836052324003, 34.76770302631397 -6.120826264549333, 34.929036807603836 -6.318433256239837, 34.838765527916195 -6.553915740514046, 35.000401152099755 -6.751713524277731, 34.91006157844686 -6.98766389889892, 35.07199965699701 -7.185626786930588, 35.32417222836045 -7.147268892299323, 35.41403649421116 -6.911245953526502, 35.665549440192706 -6.8729011845757935, 35.82755813375073 -7.070270636617565, 35.73817830097522 -7.306353103305919, 35.4863030159936 -7.345007537826525, 35.396373953730404 -7.581466620799384, 35.5588054740862 -7.779324571926435, 35.81104331545072 -7.740359371823394, 35.90048474926431 -7.503847926468311, 36.15203662482884 -7.464890536049933, 36.31450164692771 -7.662122113957984, 36.22555682231237 -7.898672788384844, 35.97364807259507 -7.937953604851327, 35.884145400436495 -8.174869049461858, 36.04704901832616 -8.372536586044273, 36.29931480527165 -8.332931334175436, 36.38831763859963 -8.095983921774668, 36.639871200043245 -8.05638137125013)), ((37.74047129980889 -6.993919921169177, 37.9890381572049 -6.954506538363005, 38.0751998212192 -6.719644282207867, 37.91332267164398 -6.52419778349371, 37.665082987286524 -6.563230972535616, 37.57839535900746 -6.798089835710948, 37.329394976688235 -6.837207366045807, 37.24213949604024 -7.072523420776325, 37.4044033706472 -7.268731870333095, 37.653736916064986 -7.229244897967456, 37.74047129980889 -6.993919921169177)))",Vermiculated Tree Frog
193,23423,23396,Leptopelis bocagii,species,20978,Amphibia,2.32,"MULTIPOLYGON (((21.86919914050506 -8.755159161140819, 21.614592916304133 -8.785347838306757, 21.46348255544018 -8.581870020982537, 21.20946282401252 -8.611845843765918, 21.106052767998364 -8.845119128327488, 20.85213824677325 -8.874699375281184, 20.748451547833184 -9.107779795196, 20.49466213268937 -9.136948699209144, 20.34506840035607 -8.933243454390716, 20.448857446427297 -8.70057437159686, 20.299603800312553 -8.497288372687082, 20.403226791110797 -8.264838737828057, 20.25431191710254 -8.061996382160814, 20.00218682909116 -8.091394438999865, 19.854024839704834 -7.888804141180102, 19.957569773319364 -7.657031464620287, 19.80974381938387 -7.454926309609197, 19.55879702204612 -7.4843804098402344, 19.411732393660003 -7.282564153570216, 19.161481788582677 -7.3118675776001245, 19.01518801397222 -7.11035941387976, 18.765654095576053 -7.139521853767452, 18.66191384484739 -7.369940538070924, 18.807758805649087 -7.571657366137721, 18.703846970938514 -7.8023416253136215, 18.454043280943466 -7.8308440349491075, 18.349913850059608 -8.061309380851661, 18.495631017232824 -8.263731924733731, 18.391327782617736 -8.494418426955608, 18.537378366625433 -8.697323466419311, 18.432900870224557 -8.92820612932193, 18.579286205193398 -9.131569906926465, 18.83061294691194 -9.103871333424175, 18.977796018708318 -9.307496743255006, 18.873193417310233 -9.538993891922594, 19.02071435282943 -9.74303645924474, 18.915937948413415 -9.974673571502981, 18.663586884501967 -10.001830225517706, 18.558583845695864 -10.233149696630884, 18.306478220209783 -10.259818665132705, 18.15989276880731 -10.05545273654035, 18.26493681171442 -9.824574782797816, 18.118688298430385 -9.620612464614995, 17.867877129765134 -9.647373436179508, 17.76280334223145 -9.877800533588635, 17.512278850328272 -9.904071704745045, 17.36734384756221 -9.700223927880701, 17.117639202064538 -9.72631238357131, 16.97354171360837 -9.522753403958577, 17.078641724396164 -9.293255303741045, 16.934875116588444 -9.090151616107304, 16.686520270963427 -9.116398740596445, 16.581423513495537 -9.345419070173577, 16.72467577522096 -9.548669811831484, 16.61939694778718 -9.77781335796183, 16.762979267644 -9.981512461636298, 17.01235817369144 -9.955928112233925, 17.156787897003284 -10.159918525285626, 17.05132533394331 -10.389626670150548, 17.19608865369719 -10.594024409107474, 17.090444037424618 -10.823799641999557, 16.840033535720494 -10.848716353791488, 16.695787019141335 -10.644192378057262, 16.446237133176766 -10.668913788741321, 16.302849960537316 -10.464666520317861, 16.40848352482007 -10.235821298326263, 16.26542687382772 -10.031991541118902, 16.017270144275244 -10.056885628691457, 15.911658360402896 -10.285252811554981, 15.663884059075087 -10.309616714845966, 15.522236840659417 -10.105981594643191, 15.275376479494696 -10.13018307050703, 15.169652694697817 -10.357639964389207, 14.92321162048924 -10.381299090070623, 14.817351670479184 -10.60831068845776, 14.571347884517849 -10.631415759140163, 14.465360032580406 -10.857960876436847, 14.605312199435076 -11.061894123847072, 14.499133811601382 -11.288447380524087, 14.639409559659242 -11.492786592160511, 14.533040029752897 -11.71932314647835, 14.673640724179648 -11.924044497915595, 14.567079443689465 -12.150539453619748, 14.319984642597376 -12.171829545327677, 14.213299947527787 -12.397781068463232, 14.353638655073269 -12.602919128369072, 14.601252815646006 -12.582047345656118, 14.742507530047874 -12.787460727054297, 14.635560913487325 -13.01379766355791, 14.777144717504768 -13.21952058674286, 14.670004510758332 -13.445741078777791, 14.421345608690132 -13.465774494590292, 14.314078097162621 -13.69139631646564, 14.06589271392724 -13.710785118730715, 13.958506459843989 -13.935788724641041, 14.099226328804178 -14.14186196665281, 13.991643273584117 -14.366688030483576, 14.132692291959415 -14.57300784694253, 14.381930379613834 -14.55448092168935, 14.48958958251302 -14.329203003420334, 14.739301326472457 -14.310009240675237, 14.88188081508784 -14.516513148740911, 15.132576965607228 -14.497070858377493, 15.276077294667402 -14.703758715324156, 15.527740667504133 -14.684055122017263, 15.672155346671019 -14.890905659161707, 15.564332350310139 -15.117489679734819, 15.709087068034876 -15.324514212326646, 15.962234890401362 -15.30492197047039, 16.107899628591724 -15.51206899542236, 16.361980163783954 -15.492177802021391, 16.50854757905242 -15.699425381502067, 16.763541816477357 -15.679222049870052, 16.91100416983778 -15.886548038333453, 17.166892540799836 -15.866019334238791, 17.315241695523213 -16.07340139283219, 17.572004075994414 -16.052534047220355, 17.679874287805006 -15.82394757351388, 17.936948933189626 -15.802403697420502, 18.086691552433535 -16.009770963566034, 18.344597577261084 -15.987874519465873, 18.495198137406106 -16.195249525533136, 18.753913946091643 -16.17298736198082, 18.905362799446124 -16.38034728227448, 19.16486626216954 -16.357706258942635, 19.317153361473686 -16.565028141736665, 19.577421820290937 -16.54199514322653, 19.730536719036394 -16.749255927328512, 19.991546994703185 -16.725817877183715, 20.098898259589845 -16.49485850315363, 20.360085721932904 -16.470754910136066, 20.514459784496637 -16.677858378519247, 20.77634148996998 -16.653337125152888, 20.883307288827837 -16.42147777768565, 21.145320446658786 -16.39630467088204, 21.25199088027162 -16.163888399858813, 21.514113632491387 -16.138077101595275, 21.620480159572082 -15.905126773745485, 21.882690654725735 -15.878691323113294, 21.98874482379523 -15.645230139164719, 22.251021227788414 -15.618184941743097, 22.407770829904507 -15.824783809046124, 22.670618977456627 -15.79731302902925, 22.828094104304597 -16.0037671628922, 23.091487942276046 -15.975858860913885, 23.249675233435482 -16.18214516924349, 23.513588288007924 -16.15378752776941, 23.672474022792585 -16.359882923902543, 23.936879412434223 -16.331064261169743, 24.09644951500931 -16.536945681964223, 23.991299496073935 -16.771767468942905, 24.151236609945954 -16.977536369301944, 24.41662988283082 -16.948358585024895, 24.577237389696904 -17.15386982631263, 24.843065954292854 -17.124194152466863, 24.94776308062697 -16.888908217492062, 25.21348031723312 -16.85863796605152, 25.31778221555396 -16.622897653921072, 25.58336601970285 -16.592049248710154, 25.745159154079744 -16.797013674901507, 25.641113853713875 -17.032963224493738, 25.80327377188206 -17.23775921956229, 25.69908203751254 -17.473462216721753, 25.861610029198744 -17.67806307497502, 26.128573795240158 -17.646827262323207, 26.291710613353132 -17.85107922211109, 26.55899477754116 -17.81930191988073, 26.662628568498548 -17.583229723579624, 26.929696390551896 -17.550871119628173, 27.03289349966255 -17.314366213306183, 27.299723033610036 -17.281443660158914, 27.40247628802743 -17.044531328136294, 27.669045768953282 -17.011062462718503, 27.771348148993923 -16.77376821596085, 27.607400123758566 -16.57010370863651, 27.709570499662618 -16.332608791825432, 27.97536633223541 -16.298622278692626, 28.13948064429232 -16.502120501690115, 28.405465496965803 -16.467612980766685, 28.506845693684966 -16.229632252520762, 28.34257961887795 -16.02630797405613, 28.443833820271237 -15.788166470458709, 28.709012219531957 -15.753205210812085, 28.873415586250246 -15.956347942559871, 29.138731161639924 -15.920875324779509, 29.239162991238942 -15.68231241687163, 29.504112735782712 -15.646385371986499, 29.604060968494224 -15.407570855014193, 29.868624398417097 -15.371208382417421, 29.968082978428896 -15.132168734135512, 29.803353926939337 -14.929615643599398, 29.539257523256538 -14.96589886080394, 29.43942618349763 -15.204813780506116, 29.174948636185917 -15.24067528462182, 29.01077666405368 -15.037555895027133, 29.11096857579912 -14.798778675923105, 29.374974940591812 -14.762982518931361, 29.47468932315374 -14.52399410471982, 29.738319669571723 -14.487789971286134, 29.837550482495914 -14.248616904496382, 30.100784728766513 -14.212023934641696, 30.199526095086867 -13.972692826178168, 30.4623444038819 -13.935730290555446, 30.5605906114522 -13.696267799853715, 30.822973397310477 -13.658955081842864, 30.920718899983854 -13.419387896988397, 31.182646836433605 -13.38174447471099, 31.279886255090503 -13.142099292557267, 31.54134028146771 -13.104144720846776, 31.638068404893488 -12.864448227169314, 31.473754746856685 -12.662811777728692, 31.570383990460755 -12.423190344118115, 31.830912258416788 -12.385104916146135, 31.927028191829947 -12.145478953719175, 32.187050815631665 -12.107135062129837, 32.28264856285074 -11.867531103818035, 32.54214737275018 -11.828948341420134, 32.70646755819331 -12.029782862821582, 32.6113028986544 -12.269473583117842, 32.35138221261275 -12.30824377738997, 32.25569163817809 -12.547962979860682, 32.42035532314071 -12.748992592500496, 32.32457213182778 -12.988800099322301, 32.48956894704867 -13.189723473862896, 32.39369335390717 -13.429592319402364, 32.13238628388015 -13.468459038386857, 32.03598337618868 -13.708289600323212, 31.774153834619625 -13.746857556639917, 31.609164500520222 -13.545433231437148, 31.347271164689346 -13.583535152174907, 31.249929993543503 -13.82320816943649, 30.987557259822864 -13.860985374142867, 30.889706957533463 -14.100560149624663, 31.054634013857907 -14.302457467896295, 30.95667905377789 -14.542012808714057, 30.69339499754261 -14.579565987905337, 30.594933222391376 -14.818976111781073, 30.760154847812345 -15.020932541293508, 30.661585477374217 -15.260276018287708, 30.82715460911882 -15.462038699457494, 31.09134324856933 -15.4242445985488, 31.18950708111396 -15.18480901097928, 31.453218907265978 -15.146629766400602, 31.61921187000047 -15.347752643879982, 31.882869805840357 -15.309060282205735, 32.049221256006945 -15.509735397833706, 32.3127954735057 -15.470522739122275, 32.40957816457387 -15.230796902607736, 32.243226648465196 -15.030342020060857, 32.33991471323421 -14.790549659562801, 32.60251203303707 -14.751159095412312, 32.69866349342132 -14.511267991457512, 32.96070260341543 -14.471558331201082, 33.12701289885737 -14.671552470512207, 33.03131435487904 -14.911489255695857, 33.197959182261485 -15.111249004615061, 33.46026144725883 -15.0708376318746, 33.62719484025561 -15.270109482608197, 33.88930528105499 -15.22917822404998, 34.05650862127271 -15.427942685379563, 34.31839776209213 -15.386485624486204, 34.48585233199239 -15.584723505657356, 34.74749076346524 -15.542735037416206, 34.84126899825111 -15.302749819716379, 35.10223041933219 -15.26047774640677, 35.26980794474815 -15.457938575643011, 35.176536157919145 -15.69790229786622, 34.915177758932515 -15.740427461054642, 34.821325257870285 -15.980333007731637, 34.989338483773054 -16.17768609618994, 35.251094173425486 -16.134908194231162, 35.41931839210787 -16.331678166281797, 35.68075867612163 -16.288346104214657, 35.77358100158935 -16.04851008098108, 36.03429180952443 -16.004896961225306, 36.12652026106588 -15.76501650218092, 36.38648548291934 -15.721143094116956, 36.478116938660634 -15.481244833834838, 36.737320831701766 -15.437131878146905, 36.90526252907719 -15.632615005911475, 37.164054857044675 -15.587967689335787, 37.25453793555786 -15.348153542663374, 37.51253196016768 -15.303295565664087, 37.60240669042679 -15.06352334130207, 37.434843860546835 -14.868526197698467, 37.17720837374546 -14.913056231076064, 37.08677954388355 -15.152910555309296, 36.828352352946894 -15.197242364623767, 36.66072146850428 -15.001403047799933, 36.40188918508659 -15.045212539434962, 36.23440456877978 -14.848794320861552, 35.975195454640925 -14.892085666807839, 35.883095491064296 -15.132085683346789, 36.05073155296765 -15.328746610061463, 35.95856714211402 -15.568700046685853, 35.69824098183696 -15.61203509265901, 35.53046621829478 -15.415137416158252, 35.62315376499683 -15.17514222805187, 35.45569876089786 -14.977919111294549, 35.19543109612923 -15.020454252957174, 35.02817592809345 -14.82268720835278, 35.12130513116102 -14.582630507212235, 34.9543716582246 -14.384583599907389, 34.69420322429764 -14.426348703484338, 34.52749077406736 -14.227796000153221, 34.62104414778008 -13.987731404175872, 34.45465515800743 -13.788944989845453, 34.19462625611695 -13.829970939088948, 34.02847916543129 -13.63071761274986, 34.12243919422079 -13.39069904198842, 33.95661715959656 -13.191258635631915, 34.05049784797012 -12.951300743801573, 33.88500014119765 -12.751700146012851, 33.978801190605 -12.51182977068212, 33.81362708221846 -12.312095924407679, 33.907348199272946 -12.072339887224523, 34.165773882557716 -12.032276997692327, 34.25894594021631 -11.792615178452055, 34.09416376981579 -11.593062346717737, 34.18725862986142 -11.353561353403476, 34.444662542941586 -11.313571913328312, 34.53720752395691 -11.074210870017184, 34.79397298703964 -11.034074074457807, 34.95857880025295 -11.233033167146163, 34.8665161826479 -11.472428254289813, 35.031436001669306 -11.671301464188529, 34.93930253231565 -11.910869869461877, 35.104537004422355 -12.109630348089949, 35.01233302450697 -12.349345465169906, 34.75440297218833 -12.39028103684804, 34.66163639902385 -12.630103350931288, 34.827289753523274 -12.829003768125093, 34.73444997109607 -13.068926441630461, 34.90042235215029 -13.267653566726974, 34.8075096966908 -13.507649850337263, 34.97380177422559 -13.706176904512688, 34.88081658734751 -13.946220047567548, 35.0474290294697 -14.144520330090662, 35.30691630906739 -14.102518004704377, 35.47373368875691 -14.300313228867775, 35.381182462022025 -14.54036166725264, 35.54831833740727 -14.737884015229943, 35.80787585098932 -14.69510632459836, 35.8999109664978 -14.455086214836555, 35.7329072197314 -14.25781466985165, 35.82487709212322 -14.017801023780597, 36.08333080655578 -13.97509312500501, 36.17471612591902 -13.735140685695505, 36.008169139297024 -13.537867197165745, 36.09949189926655 -13.297967532973937, 36.35683907285278 -13.25537524714169, 36.44757731306257 -13.015582680066005, 36.28149237746868 -12.818353843217759, 36.37217069873532 -12.578660203518554, 36.62840888012147 -12.536228753515466, 36.718502836679505 -12.296687674442115, 36.552885034772146 -12.099550094806862, 36.297011304044645 -12.141664433199848, 36.206393309340655 -12.38123261382033, 35.94978777380845 -12.42321547610912, 35.784173219733304 -12.225324694150418, 35.875305931701945 -11.98574292100652, 35.71000102166502 -11.78769965204017, 35.45343227576092 -11.828947097976876, 35.28831090596498 -11.630479257424158, 35.37988133835108 -11.391063621203655, 35.63607375946003 -11.350107930933687, 35.727077853391904 -11.11087082778778, 35.982572263541726 -11.06980119923921, 36.14743035096234 -11.267665359523138, 36.40257558628366 -11.226184763359154, 36.492496335087594 -10.987157331826474, 36.74690733699322 -10.945589379526727, 36.83624992153625 -10.70679759725516, 37.08991216140154 -10.665161574928444, 37.17867397840834 -10.426630474941893, 37.014300992466474 -10.229716574577946, 36.76099041476698 -10.27101207017187, 36.59674282882429 -10.073697025110903, 36.343047415766364 -10.114608295588372, 36.178942882709265 -9.916910877492432, 36.26868677814892 -9.678633441666124, 36.52202457872403 -9.638049733603795, 36.61119909836577 -9.400064230186196, 36.44754776959704 -9.202671606891593, 36.194567449464444 -9.242928396067258, 36.10488328989277 -9.48090381288036, 35.851193194180894 -9.521121371202106, 35.68755296242938 -9.323048293075544, 35.77773772107116 -9.08509630899821, 35.614400530034146 -8.887037456644327, 35.70452189815083 -8.649420519459513, 35.95748547563798 -8.609830827036939, 36.04704901832616 -8.372536586044273, 36.29931480527165 -8.332931334175436, 36.38831763859963 -8.095983921774668, 36.639871200043245 -8.05638137125013, 36.72831060232875 -7.819804620146824, 36.97913782954214 -7.7802228292781885, 37.06701124020532 -7.544040258334584, 36.90457046194999 -7.347458774788921, 36.992391531353235 -7.11170812427537, 36.830240312845774 -6.915218556351563, 36.91800863394408 -6.6799244192956495, 37.16741749781676 -6.641096935012006, 37.25462302143373 -6.406254399100545, 37.09293148975493 -6.21026759434616, 37.18008664218567 -5.975922691192767, 37.42842073331735 -5.9375398711644936, 37.51501356198071 -5.703685410612924, 37.353785957928636 -5.50824376553104, 37.44033075283835 -5.274927041298939, 37.27938507324558 -5.079665340042958, 37.031717172121915 -5.117319688695728, 36.87088076179137 -4.921855645346083, 36.9578823671591 -4.689145492256248, 37.20521723127155 -4.651852793174861, 37.29166471644811 -4.41968111904358, 37.13128158619003 -4.224853788497902, 37.21767980552326 -3.993288788755102, 37.0575772943788 -3.7987154255024795, 36.810908349091875 -3.835290474827149, 36.65092292137632 -3.64057262503976, 36.737767435567775 -3.409703445457411, 36.98410351442433 -3.373484211352971, 37.143925847236744 -3.567779417726833, 37.3898749948894 -3.531361187717217, 37.475672583960744 -3.301014585648634, 37.720889183302944 -3.2647685568030336, 37.80613370370983 -3.0350311648294817, 37.646669314604054 -2.841595066385773, 37.401774178726725 -2.877465655402162, 37.24240229155595 -2.6839045500969596, 36.997107444948426 -2.7195935403626805, 36.837844135556054 -2.525926133973616, 36.92404133459496 -2.297007422355806, 37.16900909274307 -2.2616796019672303, 37.254663296635414 -2.0333933117036325, 37.49891551649364 -1.9982664430572974, 37.584024560645446 -1.7706314209146667, 37.425379965459115 -1.5781992292219669, 37.5104430371816 -1.3513059905462579, 37.35207090199293 -1.1592541905943325, 37.43708760251181 -0.9331225625081141, 37.27898752026039 -0.741473499413245, 37.36395745558002 -0.5161228932341979, 37.20612901644307 -0.3248985747101833, 36.96316237060083 -0.3585691012843104, 36.8777048198433 -0.5838227817935586, 37.03569953195216 -0.77550401413203, 36.950192245891856 -1.0015452187570146, 36.70620541492579 -1.0358043635012824, 36.54805474618536 -0.8436701618224222, 36.30371409499426 -0.8778021251412181, 36.217193864834314 -1.104408972475081, 35.97218553324299 -1.1387506726651475, 35.81403718879224 -0.9461545573122033, 35.56871751172875 -0.9803712789761393, 35.41073278562129 -0.7877808418414103, 35.49818415790247 -0.5614228279165909, 35.340483847024075 -0.3693042609464407, 35.42787402320042 -0.1437395831508556, 35.27045759279534 0.0478855954960505, 35.025546473268804 0.0143960021372226, 34.86831370529154 0.2059609327560152, 34.95608957282673 0.4305601060926194, 34.79914224846377 0.6215928747477382, 34.55433064100535 0.5884788617265923, 34.46611608628626 0.3640441066111089, 34.623149630849554 0.1725578929925264, 34.53486776984889 -0.0527004812153733, 34.69218935955854 -0.2447156307570802, 34.60384047058946 -0.4707790574601422, 34.35773195524999 -0.5046640922479292, 34.26887761473239 -0.7313550554672422, 34.02219170886599 -0.7654159907516082, 33.93283521343662 -0.9927153283672107, 34.09059512126453 -1.18611884228656, 34.001166598574 -1.4141767789061495, 33.75354916998646 -1.4486623948504773, 33.66361927713152 -1.6772949381945015, 33.41544869067121 -1.711915905206271, 33.32502100328182 -1.9411027810684238, 33.07631238207901 -1.9758434722390557, 32.9184127948742 -1.78115380698728, 32.669565572736246 -1.8157666907519379, 32.51194604385523 -1.6211431029714074, 32.262985397905595 -1.65563573733463, 32.10566156382069 -1.4610973680596158, 32.19730305768289 -1.2324892416299473, 32.04028358178732 -1.0384760620741216, 31.791627027732602 -1.0726509903540133, 31.634920234284778 -0.8787599425700513, 31.72685848881906 -0.6511195000835951, 31.975123296512976 -0.6171481332161546, 32.06659278411843 -0.390053012558995, 31.9101797901821 -0.1971546333905232, 31.66230613485726 -0.2309239746084236, 31.506208682882146 -0.0381826996627308, 31.59796904833516 0.1878953537872925, 31.44217511721729 0.3800307005406255, 31.53384631567849 0.6052991250893847, 31.378355139239062 0.796808414849654, 31.131219546306852 0.7634819600255511, 30.97606161874171 0.9547820281578892, 30.728908081464397 0.9214916473510762, 30.6365169971686 0.6967273019037588, 30.388968250081717 0.6633027967306901, 30.234214762963546 0.8548061355789275, 29.986693237369195 0.8214147005169838, 29.893521551791025 0.5963687416917051, 29.645641975801766 0.5628629375809053, 29.55203985057733 0.3372877300217244, 29.303818860080867 0.3036830299626363, 29.149616481024623 0.4957831912042614, 28.901489067159076 0.4622130330023506, 28.807148406677953 0.2364256144432186, 28.96124568069959 0.0439111032806413, 28.86679770222611 -0.1826608818632163, 28.617944538368818 -0.2164162065071376, 28.52308140027995 -0.4434550678731748, 28.677376722367228 -0.6370378416412303, 28.582403786236227 -0.8648269778310081, 28.33283292019607 -0.8987291386183869, 28.23744767174699 -1.1269482508785043, 28.391933214466263 -1.3215662773959533, 28.2964356680053 -1.55050005604962, 28.451239667673775 -1.745732247274361, 28.355629824001028 -1.9753601252731694, 28.104916307258435 -2.00945424849561, 28.008894606572 -2.239457754668126, 28.163883340239266 -2.4356652146004167, 28.067746809439512 -2.6663252480123165, 28.223057482230985 -2.8630995445437657, 28.126806111294087 -3.094394434443412, 28.2824396993891 -3.2917133629170197, 28.186073481057832 -3.523621039564615, 27.93377453429224 -3.557916477485544, 27.836994458316013 -3.790125718556005, 27.992809633676757 -3.988328864724011, 28.245549892710812 -3.953960012596596, 28.401832248941304 -4.152300047951498, 28.305236325313786 -4.385365550079564, 28.461844538827762 -4.584181318912495, 28.71517797569217 -4.5495723068392975, 28.87223794686551 -4.748486607493111, 28.775842284640106 -4.9823628240250075, 28.933228386510905 -5.181710430876215, 28.8367205373342 -5.416101768663188, 28.582506080656657 -5.450885330376275, 28.485565616116162 -5.685512755650436, 28.64315732066777 -5.885612268633894, 28.546102025532605 -6.120712358925029, 28.291140187268297 -6.155452309008312, 28.193655326135485 -6.390745196937958, 28.35144427499273 -6.591554082365696, 28.253841918030247 -6.8272762858461125, 28.41196336806678 -7.028433520455117, 28.31424351405437 -7.264560057579817, 28.47269848263406 -7.466040308279597, 28.37486113337897 -7.702545930998706, 28.118254425544933 -7.737322406558123, 27.959941603945452 -7.535530543213231, 27.703512014143143 -7.570050848265954, 27.604940051585146 -7.806411163441105, 27.348252976613907 -7.840719291746909, 27.249264118201836 -8.077158215827161, 26.992338839207548 -8.111236045147578, 26.892939368962345 -8.347727940536297, 26.63579532983249 -8.381557391269999, 26.535991663111133 -8.618076555529335, 26.693605110088072 -8.821040409245292, 26.5936705702764 -9.057840662556435, 26.335852895604546 -9.091397951343117, 26.23551807606154 -9.328179789740378, 25.977517102795048 -9.361438994971776, 25.876788694178856 -9.598176559046639, 25.618624401160957 -9.63111979680457, 25.461673593439684 -9.427358331760402, 25.56265007665536 -9.190911941251674, 25.820332227520993 -9.157935429403322, 25.92092452651528 -8.921438999945856, 25.764083223854357 -8.718215984832545, 25.864539538493943 -8.481986829624582, 25.708040649546234 -8.279070267530193, 25.808361107249283 -8.043134336866594, 25.65220347695663 -7.840549901788746, 25.75238820725437 -7.604932938919023, 26.00848335440415 -7.5715965079258725, 26.108284820449853 -7.3360147218371825, 25.952241670114233 -7.134078265339724, 26.051910076176767 -6.8988605305807695, 25.896204744767772 -6.697312730689152, 25.641054928477075 -6.730686712634198, 25.485914182269255 -6.529250163068426, 25.231097551598566 -6.562422132575748, 25.130950167614657 -6.796998359353414, 24.876015378169143 -6.829932388503837, 24.775505742499092 -7.064551714959641, 24.520472332667225 -7.097230360935715, 24.419607343470062 -7.331867545043446, 24.164494950270864 -7.364273450481358, 24.06328161475551 -7.59890322564192, 23.808109965136055 -7.6310191344274845, 23.654640707093165 -7.4285908062090025, 23.39991884347694 -7.460499008207426, 23.247094901915943 -7.258230768879836, 22.992847069901813 -7.289940862942095, 22.890935353086405 -7.523806585873095, 22.63669350705044 -7.555202911670735, 22.534467051893017 -7.789000025105642, 22.28025097195095 -7.820065872713097, 22.17771722654379 -8.053769367405355, 21.923546734338004 -8.084488186472287, 21.82071323557267 -8.318073114337073, 21.972190990041412 -8.521326043649795, 21.86919914050506 -8.755159161140819), (29.632376669428183 -4.643882545780405, 29.536750636331437 -4.877728555810397, 29.694668809625163 -5.076779539534095, 29.59893598368386 -5.311152962683928, 29.757178550195885 -5.510599295641698, 29.661338996032455 -5.745476232848598, 29.81990688373436 -5.945293319311094, 29.7239606693798 -6.180649551061725, 29.882854807692713 -6.380812500413404, 29.786802004631053 -6.6166235016192445, 29.531507180006063 -6.6520474940387695, 29.372703535410853 -6.451544839349277, 29.46910148829367 -6.2159585666559485, 29.310626008378684 -6.015796172864245, 29.406914580014217 -5.780670738843939, 29.248766312989886 -5.5808736146907485, 29.34494545240345 -5.3462334426846505, 29.187123448145208 -5.146826307362826, 29.283193107670186 -4.912695509445068, 29.125696417743345 -4.713702777354598, 29.221656552977514 -4.480105139663277, 29.064484230661535 -4.281550905683405, 29.160334800423826 -4.048509874292189, 29.0034859007361 -3.8504178995903313, 29.099226867023916 -3.6179565669386924, 29.351490697391462 -3.5833270400193964, 29.508441243966416 -3.781047572700435, 29.413028977011358 -4.0137684122690755, 29.57030114185181 -4.211956164470212, 29.474781962857495 -4.445251197111227, 29.632376669428183 -4.643882545780405), (34.50571644717371 -3.734812462561568, 34.415861380128646 -3.9669861111932447, 34.166023855581415 -4.003092543807079, 34.00641468070249 -3.8067499202365926, 34.09671420225243 -3.574709147489172, 34.34618079404682 -3.538877160597624, 34.50571644717371 -3.734812462561568), (36.44749135505215 -1.7173568519683944, 36.36086157853197 -1.945466874538884, 36.51971892324998 -2.138853975375084, 36.43303491081598 -2.3676852869600613, 36.18701276465172 -2.4030312324599814, 36.09979319362235 -2.632470391771772, 35.8531001562554 -2.6679823280974495, 35.69397245820024 -2.4737268331655735, 35.78166540027115 -2.244392397393238, 36.0280148315328 -2.2092076683479345, 36.115177509719864 -1.9804757063080778, 35.95646327706819 -1.7870386518766401, 36.04356871476016 -1.5590345253802693, 36.28891484308585 -1.5243604673501268, 36.44749135505215 -1.7173568519683944), (34.39362135962527 -10.197447389294263, 34.649612121525166 -10.157841415018925, 34.813591872079066 -10.356891772168076, 34.72167196050168 -10.59586070742911, 34.46529402170864 -10.635731874826092, 34.301225691588705 -10.436368065434896, 34.04460828900624 -10.475852036263493, 33.880781771596524 -10.276162405082479, 33.97364326255133 -10.03730340540757, 33.810133881826 -9.837621949334919, 33.90291700769789 -9.599029769884089, 34.158749486112825 -9.560049453119627, 34.32218855304469 -9.759410592875641, 34.229868001611266 -9.998071521860012, 34.39362135962527 -10.197447389294263), (32.89617933882507 -11.550590793684806, 32.637222225981596 -11.589392837945097, 32.47323087412183 -11.388513020919023, 32.568215697986375 -11.149119561997406, 32.82675717715909 -11.110517904250793, 32.99072675880059 -11.311110094354369, 32.89617933882507 -11.550590793684806), (30.016558965528574 -0.240643474241174, 29.767857612172268 -0.2744322967401151, 29.612941125228176 -0.0814325667835308, 29.70664550487491 0.1449375962963902, 29.954935574513716 0.1785843955129627, 30.1099300290657 -0.0139976795220571, 30.016558965528574 -0.240643474241174), (29.424999636031686 -0.5354437854105171, 29.674051039323864 -0.5015784551135533, 29.82927922880441 -0.6952076377307138, 29.73537052710882 -0.9231103761070683, 29.485902680203186 -0.9571073545085129, 29.33076253089136 -0.7630692381117317, 29.424999636031686 -0.5354437854105171), (35.92476240750992 -3.0926239929193904, 36.17179921709097 -3.0567827054789127, 36.33136605311488 -3.251309733863054, 36.244033758240555 -3.4820997906582978, 35.99665301722499 -3.5182724945982264, 35.83695067353708 -3.323322672575115, 35.92476240750992 -3.0926239929193904), (36.07875330572905 -7.031635573775149, 35.827558133750735 -7.070270636617565, 35.73817830097522 -7.306353103305919, 35.486303015993585 -7.345007537826525, 35.32417222836045 -7.147268892299323, 35.41403649421117 -6.911245953526502, 35.66554944019269 -6.8729011845757935, 35.75486731431172 -6.637272435828101, 36.00570596065658 -6.598958514108958, 36.16758097426727 -6.7959531651676395, 36.07875330572905 -7.031635573775149)), ((33.119894428399704 -19.607261386372677, 32.95010297752299 -19.410463455139066, 33.04772674524591 -19.172524701158796, 32.878283190686545 -18.9752457690065, 32.97581450615033 -18.737004835780922, 32.806717981937055 -18.53926988144585, 32.90415658262444 -18.30075219630195, 33.170221886546074 -18.259967631150634, 33.267098303164005 -18.02119164292333, 33.09838154789787 -17.823206704626987, 33.19516825521745 -17.58419929472012, 33.02679387327282 -17.38581555302432, 32.76159919224921 -17.426252694463557, 32.59353855757848 -17.227302177055993, 32.690697492331026 -16.988109017954013, 32.52298041873428 -16.788804940671007, 32.258090626177164 -16.82850094436763, 32.09070816440905 -16.628669126826445, 32.188220656627465 -16.3893423722847, 32.02118276316901 -16.189202920224343, 31.75663817020032 -16.22819072437788, 31.658690015405938 -16.467464947578257, 31.393632128283627 -16.50604676672699, 31.226974822529 -16.305219452218996, 30.96187831553621 -16.343254782833345, 30.862986965573214 -16.582237422542107, 30.59742212429569 -16.619840810545156, 30.431211589719936 -16.418353813185625, 30.165663875098602 -16.455412258555555, 29.999878465188658 -16.253479457306074, 29.734378085182414 -16.290000938169747, 29.569035722655315 -16.087643431652072, 29.303612768091 -16.123636211516793, 29.203061049780416 -16.362051790903305, 29.36829909977149 -16.56459302256774, 29.267627544707608 -16.8028346497019, 29.00135422334185 -16.83841159975075, 28.900199161999183 -17.076335247366785, 29.065678010818942 -17.27880011953184, 29.332431789300188 -17.243170651048608, 29.49838598936094 -17.445192414965152, 29.397474932435784 -17.683006854785212, 29.563788843025094 -17.884729122304275, 29.462758129015327 -18.122290667730383, 29.195040276969223 -18.15802590430952, 29.02883886717558 -17.956145951325446, 28.761237993659535 -17.99130051554871, 28.59552777366133 -17.788958364456487, 28.328074418674504 -17.823541037694064, 28.22584269011554 -18.060490977376578, 27.958071597815376 -18.094522696676542, 27.85537301289355 -18.331057443457592, 27.587305846046917 -18.364520182540982, 27.48414731508973 -18.6006143750525, 27.64938052419359 -18.80338193763498, 27.54608680544851 -19.039151844092142, 27.71168956772641 -19.24158993477559, 27.60826061890367 -19.47701014550615, 27.338904923112153 -19.509857773656552, 27.235016977800456 -19.74477428515066, 27.40080514915391 -19.946972606341834, 27.2967788413834 -20.18149552376169, 27.02664766679203 -20.21368607105036, 26.922166553293323 -20.447662201358852, 27.088129655394994 -20.649576872476047, 27.358776059155247 -20.617412051557974, 27.525313034898232 -20.818812302275937, 27.796199881314067 -20.78600273071494, 27.96329312801666 -20.98686708407173, 28.234389172239872 -20.953403272070123, 28.402020794792804 -21.153710524101214, 28.67329455519763 -21.119583316802597, 28.776429413434983 -20.8851645926604, 29.04734939361049 -20.8503937357438, 29.21563100144897 -21.05001369377554, 29.48666946064938 -21.014575538293215, 29.58892866863542 -20.77955962204036, 29.859563870220427 -20.743500859656066, 29.961310951230445 -20.507993345700072, 30.231521223551397 -20.471332410917633, 30.33274987064175 -20.235358429019353, 30.602513816875188 -20.198114037322778, 30.771524362541612 -20.396763317702785, 31.041293486982255 -20.358860338844188, 31.21071634055076 -20.556886952037857, 31.480458840241795 -20.518318331106176, 31.58030780152697 -20.281831024231174, 31.849529511276558 -20.24271031101284, 31.948830039133043 -20.00582110815039, 31.77935467979262 -19.808074909163633, 31.878552814323257 -19.570825806289655, 32.14677796124863 -19.531306113410864, 32.245425609731114 -19.293700157450722, 32.513095741016286 -19.253680989057905, 32.68256446206857 -19.45112185268582, 32.5843767230711 -19.688736940390136, 32.316257329624534 -19.728902743751135, 32.21751060649706 -19.966167930491878, 32.387343714209294 -20.163271365819046, 32.6559130429313 -20.122959181338285, 32.82608435955646 -20.31940114333614, 33.09451082603209 -20.278424138098885, 33.19231868888954 -20.041165019776365, 33.02217847637729 -19.844872780909707, 33.119894428399704 -19.607261386372677)), ((35.75938124196742 0.1147385622538339, 36.003377113339354 0.148098406947511, 36.08973040737203 0.3723053222931164, 35.932550816201314 0.5630165712290758, 35.68889209954156 0.5299787106232574, 35.602077917225586 0.3059087281687103, 35.75938124196742 0.1147385622538339)), ((37.0233061895824 -14.041825188869765, 37.28022469425349 -13.997952404384977, 37.36994451441774 -13.758197339249453, 37.62606977237462 -13.714171463325036, 37.71518799726425 -13.474543012403352, 37.548732302664064 -13.278871436508204, 37.29295899056518 -13.322555936276542, 37.12660859067202 -13.126347433613686, 36.87040688196302 -13.169561774803144, 36.78019955296105 -13.40931311066267, 36.52323210627759 -13.452378813363904, 36.43243436038813 -13.692243765229911, 36.599136040494386 -13.888995629571722, 36.85646828469157 -13.845612966019445, 37.0233061895824 -14.041825188869765)), ((26.84360104313089 -18.90139073713298, 27.112194540391243 -18.86911890619527, 27.21580594646298 -18.633490386463738, 27.051131597331647 -18.430286645503298, 26.783047991098755 -18.462586834043226, 26.67913211897357 -18.69806184365608, 26.84360104313089 -18.90139073713298)), ((28.75331934670811 -24.39749314298998, 28.85786816615314 -24.16745256461095, 29.132702819638098 -24.133203773135158, 29.30349862372327 -24.328976410155658, 29.578448731029425 -24.293963617607414, 29.68209189124653 -24.063210878548833, 29.956621167682158 -24.027471132870488, 30.05973526652747 -23.79607903793023, 29.88872727439403 -23.600462784207984, 29.61469991559528 -23.63615823340521, 29.444169023905033 -23.43983127403997, 29.1702332294864 -23.4747805707553, 29.066325140904098 -23.70608763674211, 28.7920027344139 -23.740317248363755, 28.687586012880246 -23.970972064758694, 28.412899930167583 -24.004464945361235, 28.24315058858906 -23.80729611989116, 27.96864598981503 -23.840041587582697, 27.863372243325017 -24.069949245293966, 28.03295510148925 -24.267184122004682, 28.307981667649983 -24.234444638150332, 28.478115462939712 -24.430992998682942, 28.75331934670811 -24.39749314298998)), ((37.77187439612251 -10.104984886862248, 37.859467536333256 -9.867049204630376, 37.69547603946603 -9.670797625669376, 37.443692780876574 -9.712148670230688, 37.3555639546131 -9.9501142998862, 37.51975188592962 -10.146699862301986, 37.77187439612251 -10.104984886862248)), ((15.556099266299356 -9.016740608384225, 15.802340918034588 -8.991277407836284, 15.907399142152713 -8.763238227834831, 16.154024524062834 -8.737281697368523, 16.25892479112605 -8.508901256820428, 16.117176696780376 -8.306977732183368, 15.871057992321454 -8.333285211628166, 15.730164849477035 -8.131739872896299, 15.834856790424595 -7.904042778113415, 15.694285137468142 -7.703047259388809, 15.449559088508892 -7.729594767092867, 15.344903793745175 -7.956778611690721, 15.484935478100198 -8.157927828260366, 15.380096491619668 -8.385299997533826, 15.52044861503552 -8.586992062976474, 15.415425377444535 -8.814528241729336, 15.556099266299356 -9.016740608384225)))",Bocage's Frog
194,23431,23396,Leptopelis natalensis,species,20978,Amphibia,2.32,"MULTIPOLYGON (((26.992947144085036 -33.93405704809914, 27.280892875776203 -33.90732339454336, 27.391788861489346 -33.69943062792137, 27.679432805941815 -33.671652431155294, 27.789803813529346 -33.462721419570464, 28.077118864700566 -33.43390982494986, 28.18695627769432 -33.2239548975966, 28.473915601489296 -33.19412157772541, 28.583211017587104 -32.983157554859766, 28.86978806528242 -32.95231470344269, 28.97853329937348 -32.740356891908775, 28.801109566638047 -32.559255053131515, 28.909712590606574 -32.34632683188349, 29.195327285885696 -32.31449212457369, 29.30337597835978 -32.100595743291166, 29.588562635871853 -32.067786735917544, 29.69604926588869 -31.852938768155333, 29.9807823794944 -31.819169310532658, 30.087699438527864 -31.603386797958898, 30.371953831786982 -31.568671226704843, 30.47829403580465 -31.35197167194751, 30.30082959548946 -31.169976809671986, 30.407042768647898 -30.952361169767546, 30.690267200778635 -30.91675664129914, 30.795900283664736 -30.69825330784688, 31.078603453201453 -30.661742746866082, 31.18364961879226 -30.442370420693816, 31.006459801068644 -30.259486142046846, 31.111386394078778 -30.039235075427666, 31.393032457298233 -30.001896417618664, 31.49736933390807 -29.780807804088813, 31.320533689645572 -29.597030660343545, 31.42475458621061 -29.37509069235931, 31.70533455463959 -29.336960774710175, 31.808963137060005 -29.114216030281124, 32.088964740465144 -29.07525008494158, 32.19199485961468 -28.85172110537232, 32.47139534361963 -28.811936488493, 32.57382107583908 -28.587644207529912, 32.85259806855282 -28.54705866729404, 32.954413716160246 -28.322024398977415, 32.777960897989715 -28.13752167907403, 32.879675344438596 -27.911706247756506, 32.70359965347416 -27.7263206226573, 32.80521260822172 -27.49974131947242, 33.08239423796647 -27.45860479850616, 33.183399072192344 -27.231334158240372, 33.007731928846994 -27.045144528599074, 33.1086386714008 -26.817142711222775, 32.93334339878959 -26.630108795659634, 33.03415174946596 -26.401394325919913, 33.30974729988972 -26.35977208127419, 33.40994959203147 -26.130419472283847, 33.23506694198875 -25.942632844215144, 33.33517417963185 -25.712602314666892, 33.160658212091164 -25.524012721312967, 32.885993357764505 -25.565377070492826, 32.78538266653155 -25.79545944407468, 32.510092666278126 -25.836128388606685, 32.40888845895853 -26.065580877374444, 32.58346552236296 -26.254320802615975, 32.48215872338716 -26.48308326577263, 32.65710896053494 -26.671012161041872, 32.55569983570797 -26.899065445861662, 32.27884784414334 -26.9392311067179, 32.17684344813986 -27.166600489156416, 31.899395616243908 -27.206009959703845, 31.724441727436385 -27.017955372334605, 31.82692604900484 -26.790552818814927, 31.65235153552024 -26.601679797749238, 31.754726012224836 -26.3735563687578, 31.58052981602262 -26.183883729965483, 31.3039842195748 -26.222271558148634, 31.201147085881473 -26.45041366387226, 31.375314811666783 -26.640149988720573, 31.272364010122374 -26.867574914198443, 31.44691300464092 -27.056508004408506, 31.34384872696299 -27.2831970099078, 31.065775313525137 -27.32096888994459, 30.962137237095703 -27.546922432494483, 31.137029629289373 -27.735086092131773, 31.03327461875324 -27.960270959073302, 31.20855340396875 -28.147591433997174, 31.10468163866861 -28.37199012533991, 31.280347944775315 -28.55844987559122, 31.176359609713444 -28.782045369725353, 30.896243242117293 -28.819199940636103, 30.720626715350278 -28.63269762675022, 30.44050645284787 -28.6689541248196, 30.26534978180905 -28.481546984399458, 29.985261154406146 -28.51691115784852, 29.879812879075843 -28.739720201735135, 30.05488321152768 -28.9271646475259, 30.335491759831854 -28.891762018205124, 30.51104164701559 -29.07830305631278, 30.405902981759453 -29.300280867313056, 30.124773422246108 -29.33572258580489, 30.019069700688163 -29.556861520334635, 30.194933129573315 -29.742552358419765, 30.089101856929545 -29.962832615465622, 30.265363683665555 -30.14762232461175, 30.159404981752004 -30.36702881076189, 29.87674645013459 -30.401649367840815, 29.77022226720581 -30.620173060734384, 29.946791087030306 -30.804071357458177, 29.840135836759544 -31.021694937101593, 29.55648086747115 -31.0554198581372, 29.44926363982526 -31.27213078936004, 29.165168018021433 -31.304914609299047, 29.057396301877787 -31.520695235933946, 29.23413615025865 -31.703698076341695, 29.126225916437875 -31.91854289416055, 28.841163732796673 -31.950373911452722, 28.73270295586491 -32.16426073691032, 28.44724480991121 -32.19511342301902, 28.33824142663761 -32.408025846441525, 28.515092657844093 -32.59010210636084, 28.40594325347945 -32.802046068695034, 28.119550261491753 -32.83189261796904, 28.00986264541899 -33.04283670315436, 27.723119994136567 -33.07167041042398, 27.612902549843255 -33.28159948624459, 27.325836943816938 -33.30940853230447, 27.215098266556367 -33.518307957345314, 26.92773667764098 -33.54508104818029, 26.751700296628485 -33.36299549822291, 26.46465807846579 -33.38877193739133, 26.353068145108153 -33.59658317463449, 26.065790097207667 -33.62131110322389, 25.890697866856726 -33.43828795418224, 25.603808643292354 -33.46202679286315, 25.491418588293556 -33.66871885378362, 25.204353933445674 -33.69139831205783, 25.091495794683965 -33.89701003254346, 25.265994681577297 -34.08000428653117, 25.55366155503708 -34.0574023624982, 25.666223256669127 -33.85172930428299, 25.953709591601438 -33.82805972820007, 26.129229058679016 -34.01013065806076, 26.417100697760844 -33.9854612312774, 26.528855224755063 -33.778663048474556, 26.81648557115591 -33.752936676017484, 26.992947144085036 -33.93405704809914)), ((34.278914543568646 -24.702151809958515, 34.006248578800125 -24.74548549029557, 33.90744938418476 -24.977315226634257, 33.63409693306852 -25.020012228927946, 33.534688963041674 -25.251283516031645, 33.709150917698 -25.439791491279166, 33.98295453907676 -25.39694153383379, 34.08184190999657 -25.165737286400653, 34.35495203832136 -25.122238669704068, 34.45322240264625 -24.890483658735405, 34.278914543568646 -24.702151809958515)))",Natal Tree Frog
195,23439,23396,Leptopelis viridis,species,20978,Amphibia,2.32,"MULTIPOLYGON (((-3.998700970307141 5.15661522497717, -3.843960791823889 5.010209707712758, -3.662396615598283 5.048182136577349, -3.507447410736887 4.9014140486598805, -3.32493407956909 4.9391651959569325, -3.1697860798176407 4.792042466920368, -2.986330902029408 4.8295723188341295, -2.9578431991310765 5.014930023862576, -2.7732654442525018 5.05294169844617, -2.617363213401177 4.9048907052456805, -2.4318507052961706 4.942677214303905, -2.2757762933552783 4.794283921432291, -2.3057749665095457 4.60869185156178, -2.150093453695547 4.460554526723876, -1.9638594657198496 4.497421525033224, -1.9331014314218748 4.683118388756436, -1.7457441183589992 4.720455200062443, -1.7144104112698528 4.907214014705635, -1.5259233482101138 4.945018899547511, -1.3689899185983165 4.795370591418579, -1.1795938217418893 4.832946978918482, -1.1469037361372614 5.020864254863508, -0.9563721273521537 5.058902415285193, -0.798766075749171 4.908331490276363, -0.607335593546054 4.946137288469861, -0.5732681325123394 5.135203757306624, -0.380697072262592 5.173464493135677, -0.3460205718781424 5.363593067330555, -0.152303056697491 5.402306005613817, -0.1170101852161452 5.593496425540901, 0.0778595857531741 5.632658569166355, 0.2371705145310159 5.479938074079316, 0.4329246725263545 5.518854496571619, 0.469641610574314 5.711180993429183, 0.6665517897177722 5.750538439128791, 0.8264624631979132 5.596881173966191, 1.0242437745398547 5.635988581157951, 1.062404758882309 5.8294385329112, 1.2613450422263668 5.868978204076405, 1.3001558848822015 6.063484721927613, 1.500260241274077 6.103452553982607, 1.6612463863159235 5.948229175122072, 1.862204494432433 5.9879373561095806, 1.902491685608254 6.1835502021308395, 2.1046156220960484 6.223676766427398, 2.2661276307937612 6.067511134703673, 2.469089246973823 6.107373471925854, 2.5108714638704726 6.30407706726933, 2.714999749685205 6.344347409301181, 2.877003458422621 6.187240715269122, 3.0819521692937997 6.227242220506208, 3.243941886025681 6.069843542378188, 3.449697268856994 6.109577286907532, 3.493822488102097 6.307372321659665, 3.700739727089143 6.3474973777194235, 3.8631621250093815 6.189167371874193, 4.07086696061927 6.229020170029061, 4.233237909460058 6.070417692056209, 4.441715679668249 6.109999590883817, 4.604021076040681 5.951136317985677, 4.813256835006683 5.990448822393772, 4.975482512307963 5.83133658715718, 4.928042532333194 5.633573442160502, 5.089754136396095 5.47488630848796, 5.04220284747359 5.278184564318426, 5.203402286881698 5.119937185470712, 5.155741978355394 4.924304302203618, 5.316431165455839 4.766510990915045, 5.268664096860846 4.571954039965973, 5.428844947424636 4.4146287665801465, 5.637196784763432 4.451201125449608, 5.797268981476265 4.293696605616241, 6.006312252885607 4.330033623093414, 6.118681854252628 4.163680341629066, 6.328813390365212 4.199868226503402, 6.442040322466653 4.0327019092788055, 6.653256042462317 4.068741555275141, 6.750840646586312 4.272367138222463, 6.962729798532564 4.308675018250541, 7.077439440932665 4.140943081920083, 7.290400281292307 4.177101807111705, 7.388242114414936 4.381399619142664, 7.601858216852548 4.417813081532751, 7.718042528542412 4.249527153256166, 7.932716599998173 4.285790508026216, 8.03079203612424 4.490734047532948, 8.246102193949582 4.527238184313522, 8.363751674746169 4.358410280317069, 8.580104841733942 4.394763324367863, 8.698606046607097 4.225138603800585, 8.915995782729652 4.261341952119275, 9.035348301524266 4.090924298405338, 8.936708283523217 3.8840396651668008, 8.718896311141862 3.848218384558406, 8.62026434610047 3.6413136466738547, 8.403071192520798 3.6057385132129967, 8.304453437224737 3.3988321254120892, 8.422838655568682 3.2268526425005803, 8.64045416496944 3.2620297920625174, 8.759699542192635 3.089261707991259, 8.978360738713405 3.124301022982274, 9.077349688098053 3.3325034381214733, 8.95749646550047 3.505018762609893, 9.056310654687394 3.7125692566949824, 9.275155352620033 3.7482464430393208, 9.395611168486795 3.575990301593086, 9.615481338686692 3.611525289611076, 9.736789715565891 3.4384881905378117, 9.637630521687669 3.2296544074646327, 9.759195287432988 3.0555792511455193, 9.659861030325374 2.8460919286802886, 9.78168321483912 2.670987536104398, 9.682173306601044 2.4608613681010687, 9.804253945721513 2.284736989851023, 9.70456779567428 2.073987051522417, 9.48296903998903 2.040004461797755, 9.383275773075809 1.8292883412214935, 9.505009971797165 1.651913701245841, 9.405139394736693 1.4406050885022748, 9.18370971670035 1.4073176069114794, 9.083838031445225 1.196077843086133, 9.205217668457493 1.0174812698266222, 9.427083881226366 1.0503506833863012, 9.549336679983895 0.8709973972326519, 9.449109675532213 0.6585521800373009, 9.226805274413351 0.626106322858392, 9.126576271307272 0.4137622489215464, 9.248472971721725 0.2332205432921474, 9.148064392950289 0.0203494701152578, 9.270221200694522 -0.1611475059381012, 9.169632431144151 -0.3745283376612618, 8.947069599250142 -0.4057645975863912, 8.846484517725656 -0.6189920742483058, 8.62455675127498 -0.6498705655764053, 8.523981915396917 -0.8629255438733724, 8.64514183457544 -1.0457489305980727, 8.867509892708568 -1.0153307145908632, 8.98956192897927 -1.198890637876527, 8.888613754722485 -1.4130509912372042, 9.010927200936123 -1.5975220709707665, 9.234820466151234 -1.5676512107926988, 9.358028351586427 -1.7528439749471556, 9.256712607767668 -1.9680846022942613, 9.380185956080311 -2.1541678647617797, 9.605604743126179 -2.1248339975178627, 9.729974573502886 -2.3116227709496155, 9.62829733665248 -2.527917160252926, 9.752936695761775 -2.7155744025972948, 9.979880735631241 -2.6867658744077434, 10.105418328050888 -2.8751111140874457, 10.333427145376618 -2.8463579712984983, 10.459861478300922 -3.0353811250424427, 10.357665604500767 -3.253325482539302, 10.484376482176117 -3.4431849114480353, 10.713903452504809 -3.4149320436889337, 10.841512216235913 -3.605449804660974, 11.072088044009604 -3.5772341608807885, 11.20059261856963 -3.7683990753644245, 11.097908012406009 -3.987944153357026, 11.22669609392122 -4.179910123666871, 11.45878061255533 -4.152166363184558, 11.588465004791146 -4.344757812753469, 11.821580325104094 -4.317031279566708, 11.95215834090203 -4.510235925712155, 11.849016912998138 -4.731328246698165, 11.979885321904675 -4.925295694235236, 12.214497391788342 -4.898009284089075, 12.346259238442542 -5.092566153162147, 12.242809178290912 -5.314565445190374, 12.37486543514126 -5.50985560235467, 12.271229266688437 -5.732147818197852, 12.403581158763927 -5.928152473458555, 12.29975826554184 -6.15071536900545, 12.432407025040192 -6.347415355502379, 12.66947954218233 -6.3214099645202015, 12.803026752488961 -6.5186497554634215, 12.698903188134324 -6.742031568770075, 12.832751307515167 -6.939934459664736, 13.071318893867385 -6.9143180763499075, 13.206064451932463 -7.112732972128091, 13.101649296486784 -7.336895738693892, 13.23669978901927 -7.535940208389226, 13.476755991626192 -7.510689423102161, 13.612702504401625 -7.710216766450202, 13.853742288548517 -7.684893627493825, 13.990580304991056 -7.884887676568641, 13.885798220120847 -8.110333450217304, 14.022947854448802 -8.310908015110968, 14.265456898421093 -8.285906939384558, 14.37031413471584 -8.059927186930741, 14.613277964922247 -8.034431505654272, 14.71801483019442 -7.808099398289289, 14.961416275338564 -7.78212132335249, 15.066024779386396 -7.555458590046235, 14.927177399946345 -7.355303149911292, 15.031602021462987 -7.128857662676814, 14.893070024515055 -6.92930390667188, 14.99731132874524 -6.703099424370869, 15.240135259305674 -6.67591861249284, 15.379213510764941 -6.875307129237988, 15.622938504170776 -6.848046798227594, 15.72708511886816 -6.621044506753678, 15.971195728653015 -6.593352584606651, 16.111656558668244 -6.793005534337742, 16.356633981450415 -6.7652260112862885, 16.49793399258968 -6.965300722104559, 16.393739697975263 -7.193334258398916, 16.535361775630122 -7.393994647793612, 16.78169082268346 -7.366440529324306, 16.885893451948675 -7.137903524041735, 17.13255290134944 -7.109921126134685, 17.236576446170346 -6.881149795335429, 17.093944190733254 -6.680861016529951, 17.197791333581222 -6.452374577213585, 17.444262635780177 -6.42368110049929, 17.547924336445305 -6.195002819048493, 17.794690397556877 -6.165922133705316, 17.898158788779284 -5.937075288414853, 18.145201300092452 -5.907621963788982, 18.289271154842197 -6.107286385170505, 18.53706886009357 -6.07773340992332, 18.640297005239944 -5.84825761548015, 18.88833304510709 -5.818348817874133, 19.03363589428281 -6.018162710484681, 19.282387797195923 -5.988147260311449, 19.385338081087298 -5.758083768201544, 19.6342895033674 -5.727729923422628, 19.780784293827196 -5.927662074570491, 19.67790440724258 -6.158186942837713, 19.82473005452195 -6.3586965449352535, 20.07485312350647 -6.3284402925715435, 20.177651560777633 -6.097463343101299, 20.42793290745135 -6.066873490086969, 20.575909271139494 -6.267459814760206, 20.826824024966157 -6.23673815691289, 20.929265478864238 -6.005244185306403, 21.18029826400891 -5.9742074275017965, 21.282467752787994 -5.742663422850701, 21.533599348748055 -5.711327694840322, 21.635489368554545 -5.479758090611195, 21.886700561127554 -5.448139670822163, 22.036508305154257 -5.648238217121063, 22.288266814528782 -5.616487453900675, 22.38972791341439 -5.384504314246515, 22.641525142537546 -5.352490471976573, 22.742682566540964 -5.1205360714749135, 22.994499267763587 -5.088275811577392, 23.145639056628198 -5.288078395600713, 23.397936560927576 -5.255683414344963, 23.498610976569097 -5.02339110814468, 23.750886751468386 -4.990770011409146, 23.85123386976946 -4.758561185512088, 24.103468720703802 -4.725730933010815, 24.203481582650596 -4.49363014129183, 24.051452987789844 -4.29473914238841, 24.15132451815859 -4.063144829725444, 24.40302761165117 -4.030067270967087, 24.555328130684586 -4.228639476173948, 24.80742383824554 -4.195442026817106, 24.906747709502667 -3.9636306452100802, 25.15874536273742 -3.930275234360815, 25.25771470580395 -3.698645025223248, 25.50959544008944 -3.6651487717956828, 25.662967342919757 -3.8632994941898353, 25.91517220243489 -3.8296829285503047, 26.013542617838624 -3.5979126278448175, 25.859948761748115 -3.4001039070280514, 25.958189516957077 -3.1689083403137803, 26.209780239348163 -3.135181750108036, 26.363583747540105 -3.332641666616093, 26.615454244374178 -3.298803260357197, 26.713065883252625 -3.0675276716587874, 26.55906501481695 -2.870423221549348, 26.656551879992662 -2.6397576481711305, 26.90777847023017 -2.6058690210614626, 27.004879187735042 -2.375503747430107, 27.255896237409843 -2.3415595967494203, 27.352604828600363 -2.111517884520599, 27.19856892666766 -1.9157452009117035, 27.295157743295448 -1.686369250881054, 27.545506906918575 -1.6524462836733478, 27.641700218370687 -1.4234334955360886, 27.891807647264017 -1.3895009293019485, 27.98759972866634 -1.1608738411066104, 27.83357097806524 -0.9664960681142223, 27.92924827563644 -0.7385880217734468, 27.77553758229152 -0.5448618030133489, 27.87110011673542 -0.3176927727902588, 28.120086360350143 -0.2839340879337187, 28.215247021351615 -0.0572042613377603, 28.463964215919617 -0.0234924699677906, 28.558717544724573 0.2027767185347358, 28.40505129549706 0.3950216455005345, 28.49969480655301 0.6205022189400378, 28.747704266031803 0.6540453558451688, 28.841937584375103 0.8790295655296625, 28.688464351018183 1.0701605506038967, 28.78259030591275 1.2943233757031922, 28.629427736995126 1.4847343323772613, 28.72344630992683 1.7080580694474057, 28.570593503929558 1.8977307718349639, 28.664504679143818 2.1201981947478754, 28.91096808018179 2.153305362299398, 29.004471217678997 2.3752148919254177, 28.851814067802195 2.5637027541494843, 28.945212217079813 2.784726183356362, 28.792861469385798 2.9724383905817264, 28.88615460501859 3.192559779321518, 29.131495293252158 3.225281838379067, 29.224380178379107 3.444800972087278, 29.0722300358984 3.6312835008459334, 29.165012284994333 3.8498730666275884, 29.013165209572378 4.035545311002745, 29.105844787889964 4.253190675890277, 28.95429992412687 4.4380371590562895, 29.046876799675374 4.654724185251471, 29.290695274176926 4.686880114978583, 29.382866153400357 4.902912378250956, 29.231524218922488 5.086472202894505, 29.323594729514213 5.301521712252733, 29.17255171916142 5.484225096494545, 29.264521820161576 5.698279031840928, 29.50722929646352 5.729943819826008, 29.598793340884754 5.943305570993115, 29.447957875202064 6.124687549040629, 29.53942381291091 6.337031612519335, 29.388884009905496 6.517529270987284, 29.480251791301555 6.728844140142133, 29.330006839483303 6.908444789570778, 29.42127641771191 7.118719448654851, 29.271325506908056 7.29741088304641, 29.030197976523056 7.266279622144534, 28.880637129141945 7.4445029743456175, 28.97210466229012 7.653404015170693, 28.822837766362284 7.830695189209451, 28.58221013318689 7.799535171166941, 28.43922429392569 7.977607781894532, 28.537250905439663 8.187468776348624, 28.393677770768534 8.366515031061134, 28.151698243741492 8.335066998793947, 28.007156036847903 8.51444302264066, 27.764699500444067 8.482732915046359, 27.619195195622865 8.662423224705924, 27.37628203215084 8.63044293387041, 27.229822966465406 8.810431801711834, 26.986473917934205 8.778173214921088, 26.839067792178867 8.958444676839425, 26.595303953156787 8.925899684445818, 26.44695883247482 9.106437548090986, 26.202801642468785 9.073598051534242, 26.053525956617904 9.254385904925897, 25.8089971919745 9.221243824896193, 25.658799735231554 9.402265045416419, 25.413921500561884 9.368812330145992, 25.26281143125965 9.550050093900726, 25.356859937014917 9.765400684638609, 25.205116511107406 9.947502319430397, 24.959051217737567 9.913588250588784, 24.80640013054122 10.095875608828006, 24.56003191680196 10.06162217612904, 24.406483204636544 10.24407776113879, 24.159835378326164 10.20947694566684, 24.005399442438744 10.392083095278595, 23.758495602858858 10.357126947059486, 23.603183207335576 10.539865844700556, 23.35604723415588 10.504546491619902, 23.199869503431103 10.68740017770291, 22.952525545106994 10.651709834450932, 22.79549396106654 10.834660218048954, 22.547966422819854 10.798591195073758, 22.39009282149604 10.981620065863845, 22.142406352870694 10.94516477831513, 21.983702920728064 11.128253818772091, 21.735882402732642 11.091404795416766, 21.576361672543612 11.274535593238085, 21.328432204395654 11.23728548532928, 21.168107050706368 11.420439546071341, 20.920093936192075 11.382781136151868, 20.75897757038004 11.565939896056905, 20.51090630384641 11.527866106678307, 20.349012268771673 11.711010945670772, 20.10090852076749 11.672514848009063, 19.93825068502079 11.85562710283945, 19.690140287604606 11.816701925188646, 19.526732839356328 11.999762902702267, 19.278641771090776 11.960402038826905, 19.114499211545677 12.143393029334664, 18.866453582197806 12.103590046662667, 18.701590718661578 12.286492337390339, 18.453616753630342 12.246240985027981, 18.288048692194707 12.429035873620279, 18.04017271668721 12.388330090171035, 17.873914854541056 12.570998898226327, 17.626163277520504 12.529832819396061, 17.459231294896426 12.712356906007575, 17.21163059282469 12.670724871978834, 17.044040444589655 12.853085647257807, 16.796617144988716 12.810982209816384, 16.628385051890035 12.993161148373023, 16.381165716747034 12.950581077770769, 16.212308156324497 13.132559732128302, 15.965319365365588 13.089498023666746, 15.795853062542108 13.271258037584518, 15.549121396400722 13.227709917904217, 15.37906331376442 13.409233039585821, 15.132615337070263 13.365193972647695, 14.961982664861637 13.546462067810198, 14.715844909276825 13.501927760555356, 14.641083741303703 13.2766000187908, 14.396015626634096 13.232051961400847, 14.224978375490252 13.412348025613968, 13.98026485588386 13.3673095387697, 13.808705113840006 13.54731601855973, 13.564372280760153 13.501783446452755, 13.392307822775905 13.68148285275697, 13.148381672146485 13.635452793418448, 12.975830447260392 13.81482780556796, 12.732336862896773 13.768297114911281, 12.559316983005374 13.947330592398506, 12.316281720145923 13.900296387894022, 12.142811448601634 14.07897138186785, 11.900260117566035 14.03143104584275, 11.726357857612271 14.209730810312376, 11.484315907612569 14.161681992869767, 11.310000190673918 14.339589995599079, 11.068492893803722 14.291030617151455, 10.893782367650033 14.468530550226715, 10.652834803077496 14.419458803640065, 10.477748219880738 14.596534593694575, 10.237385258269143 14.54694894604034, 10.061941462572207 14.723584764120831, 9.82218775075333 14.673483958034236, 9.646405667369663 14.84966422909465, 9.407285613292402 14.799047283738746, 9.231184235156263 14.974756695748283, 8.992721993134126 14.923622907384255, 8.816320369120405 15.098846420037589, 8.578539825399332 15.047195362202888, 8.401857048132428 15.221918215221471, 8.164781806800534 15.169749738518473, 8.10497284492746 14.943514993374201, 7.869196926426298 14.891493744280151, 7.692660660415186 15.065044845490846, 7.457624909490278 15.012516547335787, 7.2808609164187885 15.185542857116943, 7.046587879226024 15.13250796176752, 6.869615119077366 15.30499579719008, 6.636127014985334 15.25145502431519, 6.458964434679217 15.423391008015363, 6.226283144245826 15.369345343296608, 6.048949665942672 15.540716409401544, 5.817096719327935 15.486167102393505, 5.639611228843762 15.65696050200506, 5.408607794672463 15.601909063653602, 5.23098913002309 15.772112369887267, 5.000856004710272 15.716560569715174, 4.948831013033214 15.491531917676408, 4.720065208610549 15.436214401476422, 4.542848541162044 15.605194984411295, 4.314981362069943 15.549389410482567, 4.137682365217842 15.717761826430676, 3.910733364381997 15.66147047090656, 3.7333704211497434 15.829223445031937, 3.507358749450219 15.772448825902124, 3.3299501448818773 15.939571416426483, 3.104894542922125 15.882316289517476, 2.9274584538231068 16.048797890400888, 2.703377244203665 15.991065245089874, 2.5259317291043715 16.156895588284883, 2.302842809205856 16.098688642959495, 2.125405798561218 16.263857800243436, 1.9033266338405497 16.205179997520382, 1.7259159204760124 16.369678381911932, 1.504863538278812 16.310533383627686, 1.3274967680941359 16.474351750394096, 1.1074877519843653 16.414743432381133, 0.9301824149250137 16.577872879643788, 0.7112328995327744 16.51780532630606, 0.6699439003167811 16.295408030249572, 0.4524124697710761 16.235688917042435, 0.2758270146172776 16.39756554531677, 0.0593736765009396 16.337401258757865, -0.117105475831238 16.49857934526013, -0.3324659448648788 16.437974304748902, -0.5088221109303959 16.598446081541066, -0.7230753915551418 16.53740489220111, -0.8992920795434145 16.697162927282527, -1.112424312484677 16.635690373993274, -1.2884852294654934 16.7947275700021, -1.5004830177336714 16.73282861130756, -1.6763720765939922 16.891138203888197, -1.8872224872332595 16.82881796579664, -2.062923813301495 16.986393521644718, -2.2726143786603075 16.923657291332574, -2.448112316013834 17.08049270592943, -2.6566310345455975 17.017345925363205, -2.831910151999807 17.173435420411543, -3.03924548860158 17.109883679900854, -3.071066325707136 16.89108341313309, -3.2769829486569506 16.82797501128466, -3.4576127679657134 16.94174243339903, -3.4266883561528516 17.160661296951634, -3.6085301862540575 17.275218261010195, -3.8214523582481377 17.17000239682116, -4.0046670358174765 17.284487036310814, -4.218095820025638 17.178614461168518, -4.402676719197785 17.293016243499533, -4.616593908580427 17.1864858037091, -4.802533867237685 17.300794134403763, -5.016920840620969 17.19360487884074, -5.204212154990898 17.30780910812278, -5.419049881509068 17.19996029414849, -5.607684301225646 17.31404972373136, -5.581395422139053 17.536845029309646, -5.771291191109327 17.651667736755183, -5.987551711331918 17.542834947432024, -6.178788236012338 17.657521565688057, -6.3954551343258 17.548017473707947, -6.5880227211585805 17.662556979621407, -6.805075376582039 17.55238146736766, -6.998963763754887 17.666762814028573, -6.975767638188131 17.89217821403466, -7.1709478251478345 18.007250083922322, -7.38934507926885 17.896045236967257, -7.585840553642868 18.01093627153115, -7.804574627181694 17.899049361549547, -8.002373607435288 18.013748251250757, -8.221422326868748 17.901179876481674, -8.420512447570644 18.0156753163745, -8.400579446325168 18.243596412478215, -8.600988089600577 18.358734976117447, -8.821291994283968 18.24509281158779, -9.022982866812896 18.360003987963488, -9.243547947507409 18.245671073339757, -9.446507101963135 18.360343368765108, -9.428969828116095 18.590203402165653, -9.633266878331966 18.705480283273204, -9.855019496842573 18.59004030623647, -10.060573340883963 18.70505343119847, -10.044469888941052 18.936359410129793, -10.251376298318974 19.051949827594594, -10.474277181810578 18.935379618007477, -10.682427256443304 19.050680698424383, -10.905497869102845 18.933402045980632, -11.114874985066905 19.048402026706004, -11.338089845641633 18.93041727932903, -11.548676779240765 19.045104475922198, -11.772010112801013 18.926416293993412, -11.9837890453272 19.040779110149764, -12.207214798139972 18.921390470429493, -12.420167321423065 19.03541740792009, -12.643659176388525 18.915331607138526, -12.857766299138433 19.02901127573705, -12.848599681515879 19.263611286036905, -13.064077463845763 19.377765275369676, -13.288488046760705 19.256484090254176, -13.505100213997878 19.370264173252025, -13.72951077670939 19.24828223860469, -13.947236688502386 19.36167712126732, -14.171619808587081 19.238998806815346, -14.390438261004903 19.351997341830987, -14.38516144845238 19.58849407954847, -14.605356788684702 19.70190261101954, -14.830524308370883 19.577994618782984, -15.051787979249298 19.690979732166827, -15.276858313531392 19.566374210414775, -15.499167489541406 19.678924966079343, -15.724112302124439 19.553627432103823, -15.947443624579904 19.66573307653606, -15.946189741916442 19.903937651111683, -16.170897795388697 20.016385546787205, -16.1702242102794 20.255492325874215, -16.39631772104366 20.36826278797321, -16.396234748902913 20.608254938142757, -16.62372238432988 20.721327769828456, -16.62424049086451 20.96218793024272, -16.853130853636515 21.075542425723697, -16.854260655753023 21.317252709967278, -17.084562277867064 21.430867658203464, -17.313302625846546 21.30198530126195, -17.310954821807258 21.060076574925162, -17.081085572471864 20.947246000172093, -17.079360986803863 20.706180564204384, -16.85088911435915 20.593614198735125, -16.849777083284494 20.353410165362202, -16.622694328294273 20.241128972739993, -16.622184336097575 20.001803928951023, -16.847570467162086 19.87455627783183, -16.84647579112024 19.6359197266859, -16.621172318274404 19.52473577284434, -16.620670251273964 19.287005642698137, -16.396726129173317 19.176150236142153, -16.396806543641446 18.939342752569726, -16.174213564149085 18.828835091145407, -16.174866474524833 18.592965949235445, -16.396966131495475 18.467392830029716, -16.397045311249826 18.232262428254234, -16.176162261783077 18.122917337900187, -16.176805189930008 17.88874958060858, -16.397202458090277 17.763720051984695, -16.397280431351476 17.53031948577996, -16.61674567381459 17.40527516050014, -16.61626630477795 17.1726606705224, -16.397435192758792 17.06528732783536, -16.39751198689393 16.833666511653632, -16.615314828055517 16.70922729526206, -16.61484268379786 16.47841887676245, -16.83172872312079 16.354015836854234, -16.830715016187185 16.124037505168353, -16.613905493434572 16.018643950179882, -16.613440411847108 15.789687273144617, -16.828702790973296 15.66594722437631, -16.827704197024644 15.437844795177332, -17.042064743294162 15.31418956196855, -17.04053978434021 15.086957851607252, -17.25399983120144 14.963408377160452, -17.469667688397664 15.066477982799153, -17.68290016335456 14.942434879963399, -17.679792648624982 14.715944795937066, -17.464516578636136 14.613640297532992, -17.46196007583046 14.388197616970505, -17.24789730726411 14.28632570143804, -17.24588311596844 14.061941239368572, -17.033027172645944 13.96051645835546, -17.03154670275208 13.737200523099546, -16.819891045480688 13.636236948365628, -16.818935816767635 13.41399934630265, -17.028607385975874 13.29257216128577, -17.02714843408131 13.071267060538412, -16.81703925540228 12.971541714202978, -16.816097855530302 12.751328700969815, -17.024251684555168 12.630692565679844, -17.02281378493072 12.411429884995886, -16.814228651785527 12.312951061113102, -16.813300782618285 12.094792844808826, -16.605875226793273 11.996814652422849, -16.605449374523914 11.779768664459594, -16.39917702442463 11.682302870741475, -16.399245278285747 11.466376404113388, -16.604603752158084 11.347763746357987, -16.604183953174555 11.13281033826387, -16.39938081502862 11.03662036142756, -16.39944810250384 10.822796019111461, -16.195775511479383 10.7271399674184, -15.991722168979521 10.844559304675657, -15.788870749875343 10.748696793722067, -15.584687649102534 10.86574782490345, -15.38267531281349 10.76968494143551, -15.38513335347298 10.55732883536026, -15.184250997297369 10.46183164028502, -14.980636265369185 10.577933093814046, -14.780612891729703 10.482252292274108, -14.784467448727895 10.271231047020569, -14.585569421899294 10.176135578098844, -14.589863026798184 9.966269108115496, -14.39208335375099 9.871767592162799, -14.189768219743769 9.986373709967083, -13.99286776716042 9.891714911898458, -13.998513433247098 9.683211786707245, -14.200140468461598 9.569160807999818, -14.205290641700799 9.361616291984525, -14.00972663455292 9.268326874019568, -13.80878761758808 9.381826805757791, -13.614105503945439 9.288399305893176, -13.620576622070502 9.082229599755195, -13.426992874473797 8.989428657484712, -13.433866390285743 8.784430205254308, -13.241373801264217 8.692262562265677, -13.248642961594186 8.488437878417443, -13.447519473347796 8.376566599342615, -13.454299467276684 8.173704337939382, -13.263082337409031 8.082924581755767, -13.270253000355638 7.8812386245025285, -13.08010496437359 7.791101817137452, -13.087659773983745 7.59059372386894, -12.898573780520252 7.501105329001532, -12.90650630879884 7.30177630665707, -12.718475309697965 7.212941426291028, -12.522341490869735 7.322697953274108, -12.335196629172003 7.233784581034821, -12.344346110330093 7.035853616998724, -12.158249220255556 6.947606089433818, -11.96285260707009 7.0565521004653835, -11.777654523245417 6.968238290086668, -11.787993692896123 6.77171690727005, -11.60383601529287 6.684080346895931, -11.61451827820676 6.48874080869965, -11.431393727313605 6.4017851212119865, -11.237462805753097 6.509435641714111, -11.055247895999145 6.422432286737444, -11.067078706854062 6.228512315778975, -10.885888753121208 6.142199791411599, -10.89804302057945 5.949460702554747, -10.717870672023423 5.8638417796996345, -10.52544484779574 5.9702336115565835, -10.346191094732262 5.884584253223339, -10.359453363639432 5.693271563851961, -10.181208506100631 5.608324379904297, -9.989620100017618 5.7139633763799855, -9.812302752661026 5.628995863163556, -9.826646264476835 5.439115772295777, -9.650328685238179 5.354858170659236, -9.66496350510971 5.166153881275639, -9.489638239159461 5.082607675121064, -9.504559085251657 4.895077089782919, -9.33021871393288 4.8122434902666, -9.140904462509184 4.916224501281404, -8.967495392048619 4.833390899742519, -8.983445201651335 4.647291705001591, -8.811011423503231 4.56517671500492, -8.622591152121885 4.668447743078152, -8.45109515758196 4.586341283816472, -8.468047902713636 4.401676196634091, -8.297517263786887 4.320293599113717, -8.110013037116914 4.422866011495535, -7.940425833405897 4.341500030605785, -7.958355676203553 4.1582707298084465, -7.789723584582589 4.077633130707214, -7.603156140642341 4.179518136801682, -7.435472333559034 4.098904799331592, -7.249148705681193 4.200533843173932, -7.229795223333781 4.383197833887514, -7.043009591837148 4.484984722618629, -6.876298574616925 4.403688556247207, -6.68977989779367 4.505206476157981, -6.524041860520185 4.423940203237111, -6.337803507691092 4.525185752361568, -6.316574946311022 4.708104091815504, -6.129896543024159 4.809476059260464, -5.965182076414919 4.727526001407149, -5.778806844316534 4.828613033783531, -5.615088379124387 4.74669900150065, -5.429029260327127 4.847497987196576, -5.405947003465485 5.0306017913281895, -5.219470271296814 5.131495888759907, -5.05682416999187 5.048898506489491, -5.080582372933463 4.866131284168009, -4.918873186254359 4.7842994164597235, -4.741441847954292 4.821717576985185, -4.716984971505667 5.004393089820513, -4.53845050814283 5.042309654304255, -4.384515775426138 4.896836783409469, -4.2050200064346654 4.934536104155966, -4.179308970465058 5.118421637903687, -3.998700970307141 5.15661522497717)), ((-23.536306432636195 14.919853294590416, -23.32781781512253 15.050284402342914, -23.102096128203073 14.952038699339196, -22.893044055128655 15.082082836958323, -22.909243041786368 15.31108877789536, -23.13557827807972 15.410001185586953, -23.345100293993113 15.279238215157987, -23.571953365801164 15.377695933918693, -23.780894237806166 15.246539670883937, -23.76253057092262 15.017653568666525, -23.536306432636195 14.919853294590416)), ((7.414611859085369 1.528140623255905, 7.513679364626 1.7366688021838328, 7.396672516459915 1.9113912248959692, 7.181230727925907 1.8777999123483522, 7.082378149868475 1.6699343789907406, 7.198751110318 1.4949986985326709, 7.414611859085369 1.528140623255905)), ((6.819235194862472 0.2741931958280058, 6.918577493604857 0.4834785864476452, 6.802363061642637 0.6605869792821769, 6.587451708205151 0.6285975492972957, 6.488337644199049 0.4199791321368184, 6.274126691321669 0.3883541127238483, 6.17506830019957 0.1799232491610932, 6.289985264487569 0.0024497206356232, 6.504612678709208 0.03358460737203, 6.620419705550546 -0.14467155805911, 6.836169489796674 -0.1136492318808066, 6.935690950420565 0.0961169521747012, 6.819235194862472 0.2741931958280058)), ((-22.746725033485404 16.13329862089, -22.762738762800268 16.365168863794697, -22.99146565043489 16.465628766586878, -23.20355584182377 16.33354336756705, -23.18643320726872 16.101717953508526, -22.958328614037498 16.00193035931456, -22.746725033485404 16.13329862089)), ((-24.216574480877114 15.212998566724243, -24.444383685309248 15.31053162394393, -24.65209070973205 15.178620743336879, -24.63157306872148 14.949916664042467, -24.404422874950797 14.853022000230627, -24.197132303064677 14.984195723448762, -24.216574480877114 15.212998566724243)))",Savannah Tree Frog
196,23440,23396,Leptopelis flavomaculatus,species,20978,Amphibia,2.32,"MULTIPOLYGON (((39.61556390866204 -8.90495906072716, 39.452446486669146 -8.710509481812156, 39.5370839030594 -8.474480553426107, 39.37423882323503 -8.27998042113843, 39.4588433441063 -8.04433825892691, 39.705732041242015 -8.003258900084226, 39.868316307079 -8.197393077456034, 40.11464309192823 -8.15598052960666, 40.19808794494929 -7.920874671506041, 40.035774556089024 -7.727111454682114, 39.78974358092461 -7.768084144867588, 39.62742790515466 -7.573931757989426, 39.71140875373919 -7.339185193938865, 39.54936139263492 -7.145040169916518, 39.633311038232705 -6.910746032692411, 39.47153171221248 -6.71663384495402, 39.55544964834948 -6.482816137062102, 39.8005916655257 -6.443155264944227, 39.883923455639774 -6.209875729100104, 39.722669019555724 -6.016218010679217, 39.47782379929254 -6.055444618089267, 39.31657968829583 -5.861474041590351, 39.07120416713644 -5.900424548298905, 38.90998677620098 -5.70615906656582, 38.994383458429695 -5.473347552930105, 39.23945576844858 -5.434818105189943, 39.32327559090399 -5.202571137394505, 39.16256552803793 -5.008842452764043, 39.24635166848162 -4.777165287057943, 39.49030519702151 -4.739230719644465, 39.57351575252892 -4.508153405684706, 39.81664272963965 -4.47040975011146, 39.89927646830813 -4.239951838281633, 39.73933030967552 -4.047224222629508, 39.82193509232428 -3.817387936736111, 40.06393884833267 -3.780295015341136, 40.1459682881744 -3.551111388649416, 39.9865416292119 -3.3590102242157647, 40.0685441730634 -3.1304838085315625, 40.30942567385293 -3.0940711959099616, 40.39085442614635 -2.86622933435329, 40.23194979584093 -2.6747926537041233, 40.31335367243605 -2.4476423362544004, 40.55311407523246 -2.411938101745951, 40.71174365446237 -2.602928615020062, 40.95092252696301 -2.567032672194843, 41.03120123841475 -2.3406122373539704, 40.8728557090904 -2.1500717048139593, 40.95311449701805 -1.9243683040763484, 41.191164347038125 -1.8892231324691018, 41.27084958864543 -1.6642679380434127, 41.5080300850623 -1.629421242689935, 41.58714128796538 -1.4052301349291973, 41.82344346175586 -1.3706940752790453, 41.90198026259415 -1.1472824675977518, 42.13739545433148 -1.113068846389436, 42.21535761657037 -0.8904516833775865, 42.0584674351972 -0.7020240958755377, 41.8232987269555 -0.7357466315739956, 41.7447751769588 -0.9583865616435621, 41.50872514959332 -0.9924384855588835, 41.42962956484155 -1.2158691854356736, 41.19270690254572 -1.250238938675655, 41.03513958265535 -1.0607031187311127, 40.79761716854688 -1.0949124968861401, 40.717399773990905 -1.319122733541861, 40.479028719607356 -1.35363331963145, 40.321146595680915 -1.1634769085512546, 40.08221212178253 -1.1978285002360265, 40.000885858656204 -1.4227830955572027, 39.76112801940906 -1.4574187235007543, 39.602979697462445 -1.2666617178836654, 39.3626959774071 -1.3011397971734486, 39.20456213957891 -1.1102596479705726, 38.963774672341856 -1.1445865461789533, 38.88082976418394 -1.37020990506975, 38.63926203077119 -1.4047982886403165, 38.480939931256955 -1.2133559392402269, 38.2389076616077 -1.247794805300719, 38.1548948542104 -1.4740724861808812, 37.91211068186195 -1.508754563829541, 37.827548817583306 -1.7357199033379525, 37.584024560645446 -1.7706314209146667, 37.49891551649364 -1.9982664430572974, 37.254663296635414 -2.0333933117036325, 37.16900909274307 -2.2616796019672303, 36.92404133459496 -2.297007422355806, 36.837844135556054 -2.525926133973616, 36.59217356587598 -2.561440203587341, 36.50543568200197 -2.7909720644293845, 36.259075328600176 -2.826657385389447, 36.17179921709098 -3.0567827054789127, 35.92476240750992 -3.0926239929193904, 35.836950673537075 -3.323322672575115, 35.589251033481986 -3.359304363560227, 35.50090643118102 -3.59055590216377, 35.66073324559136 -3.785923670536276, 35.57232704811844 -4.017809660331218, 35.73244484209869 -4.213484028764746, 35.6439773860283 -4.4459821127005394, 35.39491844725319 -4.482711113417204, 35.234684527435036 -4.286628772490821, 35.32362341789241 -4.054226410791612, 35.163683316065544 -3.8584456705267502, 35.25255788269726 -3.6266621651425424, 35.092911028851034 -3.4312072213859386, 34.844288142225764 -3.4671239870210613, 34.75495403742994 -3.6987926767714683, 34.50571644717371 -3.734812462561568, 34.34618079404683 -3.538877160597624, 34.09671420225243 -3.574709147489172, 33.93740519459615 -3.378725764267527, 33.687735021295225 -3.414377217724431, 33.59700031704011 -3.6462728550424863, 33.346771253219146 -3.682000146318665, 33.25553164911719 -3.914367268805414, 33.004759230495154 -3.9501537482846074, 32.845614874844046 -3.7533345311980195, 32.59470611597948 -3.7889371988054035, 32.502552974745186 -4.021584348223717, 32.25113788030572 -4.057224009558324, 32.15849455187606 -4.29029187610315, 31.906589401617424 -4.325951480051235, 31.747730969642078 -4.1283409351945535, 31.495758171180995 -4.163813765637773, 31.402240487339583 -4.3970858207791785, 31.149815905620898 -4.432556107559727, 31.055824089885192 -4.666196654284807, 30.802964690712173 -4.701647029243061, 30.708503477156114 -4.935632566948486, 30.45522646030085 -4.971045524055578, 30.360300728238627 -5.205352287480613, 30.51901541889842 -5.4044589909778065, 30.772713029836382 -5.368893376274929, 30.931802404981823 -5.567997463063136, 30.83714437677176 -5.8030258741978304, 30.583025412238527 -5.838744867309947, 30.423988484475615 -5.639281330462907, 30.169885895828855 -5.67477931796755, 30.011238295123434 -5.475314171684426, 29.757178550195874 -5.510599295641698, 29.66133899603244 -5.745476232848598, 29.819906883734348 -5.945293319311094, 29.723960669379807 -6.180649551061725, 29.882854807692723 -6.380812500413404, 29.786802004631056 -6.6166235016192445, 29.53150718000606 -6.6520474940387695, 29.434999900202854 -6.888069885986787, 29.594132662907384 -7.0888875190264296, 29.849864007611615 -7.053348099269715, 30.00941344107082 -7.254127001124075, 29.913147689084667 -7.4907728211003635, 30.073026169839068 -7.691821302334085, 29.976654064768525 -7.928846639348031, 29.72004705837125 -7.964618196879356, 29.623212157963735 -8.201797907488638, 29.366235214600778 -8.237395343461698, 29.206538981851224 -8.035709397844622, 28.94965843745888 -8.071024535509844, 28.79040772216183 -7.869282158160946, 28.533650640163444 -7.904323608407046, 28.435695800543755 -8.141182819058372, 28.594820867472407 -8.34323209428945, 28.49674854548101 -8.580419162563011, 28.656210196750436 -8.782713984433398, 28.5580204035395 -9.020202964742696, 28.300046342965317 -9.05516697272271, 28.201416568409 -9.29270738869504, 28.361080502658297 -9.495508715986226, 28.262330495988977 -9.733305044708967, 28.003599972165233 -9.768070168037749, 27.9044132842171 -10.005872007876865, 28.064270657420906 -10.20913326996908, 27.964960954440187 -10.447144548199445, 28.125161492416595 -10.650559339388801, 28.025728758108784 -10.888753403101362, 28.186273539288663 -11.092294865055937, 28.08671776045952 -11.33064494288353, 28.247607865891382 -11.534286100513052, 28.14792903249304 -11.772765321842973, 28.30916554582359 -11.976479102559674, 28.20936365100107 -12.21506051692815, 28.370947658454952 -12.418819770081052, 28.271022698593356 -12.657476366714855, 28.432955288952286 -12.861253883162533, 28.33290726372465 -13.099958610632571, 28.495189528305986 -13.303727142419088, 28.395018440721486 -13.542452928370311, 28.55765147335623 -13.746185208468598, 28.45735732980924 -13.984904979390409, 28.620342226819304 -14.18857374147719, 28.519925037138734 -14.427260442478334, 28.683262897313625 -14.630838440704547, 28.947149798626583 -14.595520641026134, 29.11096857579912 -14.798778675923105, 29.374974940591812 -14.762982518931361, 29.47468932315374 -14.52399410471982, 29.738319669571723 -14.487789971286134, 29.90269866540973 -14.690495809050846, 29.803353926939337 -14.929615643599398, 29.539257523256538 -14.96589886080394, 29.43942618349763 -15.204813780506116, 29.174948636185917 -15.24067528462182, 29.01077666405368 -15.037555895027133, 28.746414599386014 -15.072925083977177, 28.645751360914943 -15.31146465358967, 28.809798453537695 -15.514779567017833, 29.07463674338223 -15.479358773861085, 29.239162991238942 -15.68231241687163, 29.504112735782712 -15.646385371986499, 29.604060968494224 -15.407570855014193, 29.868624398417097 -15.371208382417421, 29.968082978428896 -15.132168734135512, 30.232239853384385 -15.095390000148909, 30.397397822459112 -15.2975584690158, 30.298324107843996 -15.53670981193141, 30.463831924647394 -15.738677982409591, 30.728477774839263 -15.70128864735437, 30.89439539279695 -15.902830646865203, 30.79561123052318 -16.141960277806447, 30.530506317097434 -16.17945659661516, 30.431211589719936 -16.418353813185625, 30.165663875098602 -16.455412258555555, 29.999878465188658 -16.253479457306074, 29.734378085182414 -16.290000938169747, 29.569035722655315 -16.087643431652072, 29.303612768091 -16.123636211516793, 29.203061049780416 -16.362051790903305, 29.36829909977149 -16.56459302256774, 29.267627544707608 -16.8028346497019, 29.4332231252302 -17.00512945747825, 29.332431789300188 -17.243170651048608, 29.49838598936094 -17.445192414965152, 29.765234630191827 -17.409001259266503, 29.93164631787303 -17.61055867272288, 29.831114724068442 -17.84847144915591, 29.563788843025094 -17.884729122304275, 29.462758129015327 -18.122290667730383, 29.629432843075023 -18.32368717203824, 29.52828253998689 -18.560969880068445, 29.26008107531854 -18.596758376797926, 29.09351670639819 -18.395210264965584, 28.82542803420506 -18.430404357627, 28.7234180426355 -18.667185772234994, 28.889857188405784 -18.868878358377824, 28.787721300245664 -19.10534211007232, 28.95452663097899 -19.30667096824755, 28.852264875952017 -19.542791636095995, 29.019437542971446 -19.74373110864618, 29.288996191762266 -19.70841651819257, 29.45665617887974 -19.908814153579186, 29.354641940568797 -20.144652780035287, 29.522669387799937 -20.344616087320887, 29.420532630794526 -20.580055612039622, 29.58892866863542 -20.77955962204036, 29.859563870220427 -20.743500859656066, 29.961310951230445 -20.507993345700072, 29.792815759745764 -20.308611923282506, 29.894443655161922 -20.072699428940325, 30.16417071477224 -20.0361062020852, 30.33274987064175 -20.235358429019353, 30.602513816875188 -20.198114037322778, 30.771524362541612 -20.396763317702785, 31.041293486982255 -20.358860338844188, 31.21071634055076 -20.556886952037857, 31.480458840241795 -20.518318331106176, 31.650274721462296 -20.71570290474171, 31.919958721078245 -20.67646196222671, 32.09014816432122 -20.873185485612964, 32.35974173852043 -20.833265924816345, 32.53028510602368 -21.029309761806026, 32.43124255287145 -21.26540450755383, 32.6021424404492 -21.460882584611973, 32.87206555664059 -21.420133026096256, 33.043297483780066 -21.614895279556496, 33.31306044048861 -21.573443226886592, 33.48460433758083 -21.76747205780401, 33.38643167834687 -22.003078716036807, 33.55832865177297 -22.196483229561917, 33.82833998692715 -22.15415407764781, 34.00052635401181 -22.34679086808252, 34.270307159265656 -22.303737734194566, 34.36746419255209 -22.0682302032762, 34.63655424700795 -22.0246426529167, 34.73310659809496 -21.788739242274502, 34.56109324374296 -21.59635944444748, 34.65756576917596 -21.36001531200787, 34.485896464916664 -21.16700555290203, 34.58228879940421 -20.930244305704417, 34.84982811835201 -20.886557680787064, 34.94561847326287 -20.649463589584727, 34.77439379348775 -20.455995054710943, 34.87010697397807 -20.218526627379447, 34.69922147568076 -20.02448061884578, 34.79485711048619 -19.78666225198627, 35.06085603276236 -19.742951440676027, 35.15589245468064 -19.50486451289237, 35.421173015942145 -19.460732657984884, 35.51560645517611 -19.22240367934418, 35.78015127048519 -19.177871813792095, 35.87397815310459 -18.939327356700026, 36.13777021892 -18.894416590641246, 36.23098716578298 -18.655683270378226, 36.49400986291096 -18.61041477224259, 36.586613688441275 -18.37151922750702, 36.84885078460644 -18.3259142051799, 36.94083849543023 -18.086883078673257, 37.2022741474716 -18.04096276075116, 37.293642940919256 -17.801822679839145, 37.55426169661743 -17.755608297011932, 37.645008959095605 -17.51638585449572, 37.904795758637135 -17.469898621089275, 37.994919063875784 -17.230620356120276, 38.253859240962186 -17.183881451832935, 38.423025418032466 -17.376086108331318, 38.6814494699488 -17.328768983547995, 38.770360298091276 -17.089595630156214, 39.027902714348556 -17.042056898907575, 39.116180334417464 -16.802887469178245, 39.37282763904912 -16.755148211428057, 39.46047038516406 -16.516008889031827, 39.71620949999158 -16.46809008705598, 39.80321588408367 -16.229006921193392, 40.058034128084756 -16.18092944258668, 40.14440283745847 -15.941928330294958, 40.39828792582668 -15.893712911338225, 40.48401782063408 -15.6548195801369, 40.73695786353977 -15.60648680955056, 40.82204797417273 -15.36772680045274, 40.65481286646934 -15.177124465030579, 40.73987897848076 -14.938342462640378, 40.991565508383616 -14.890342685330348, 41.075993911986046 -14.651738261603478, 40.90935079374481 -14.460958879155376, 40.99375746630187 -14.222376955857538, 40.82738652182988 -14.031195996196931, 40.911770859220894 -13.79266221200267, 40.74567188397495 -13.601104595400358, 40.83003328815789 -13.362644634836837, 40.66420607237225 -13.170735448872566, 40.7485439513415 -12.932375024449334, 40.58298828010186 -12.740139506888326, 40.66730204784557 -12.501904341139104, 40.50201770116274 -12.309367862585793, 40.586306777620734 -12.071283670053496, 40.42129353050325 -11.878471716412212, 40.505557341524735 -11.640564185608623, 40.75423999576191 -11.595605086875311, 40.837885062590345 -11.358029798263232, 40.67344223899465 -11.165282784859057, 40.75706424045137 -10.927927905630797, 40.592888377994484 -10.734963997392397, 40.67648674228127 -10.497854972311925, 40.51257762710526 -10.304699817357038, 40.59615178817995 -10.067862000615452, 40.43250920158482 -9.874541283888162, 40.185001989010146 -9.917722723609137, 40.02134069478126 -9.723918472927634, 39.77324548130511 -9.766721764369288, 39.60958250283821 -9.572450822024, 39.6942841659594 -9.335723097122814, 39.53089410967067 -9.141349901627786, 39.61556390866204 -8.90495906072716), (36.98410351442433 -3.373484211352971, 36.73776743556777 -3.409703445457411, 36.578064736564286 -3.215282856270818, 36.664856122629736 -2.985071578766224, 36.91085940713529 -2.9492060336126364, 36.99710744494841 -2.7195935403626805, 37.24240229155593 -2.6839045500969596, 37.40177417872673 -2.877465655402162, 37.64666931460406 -2.841595066385773, 37.80613370370984 -3.0350311648294817, 37.720889183302944 -3.2647685568030336, 37.47567258396075 -3.301014585648634, 37.316023984116825 -3.1071466707586066, 37.07040200513598 -3.1431991606278022, 36.98410351442433 -3.373484211352971)), ((43.051586790592864 -11.611394054421, 43.21525492363958 -11.800906534421852, 43.458485153029244 -11.753957829964195, 43.53779995514893 -11.518013428208524, 43.374515629449036 -11.32881249590001, 43.13153121065585 -11.375245258306894, 43.051586790592864 -11.611394054421)), ((49.63831706683709 -13.066047277935974, 49.70708914639036 -12.835203442722, 49.548446385308154 -12.656355079548186, 49.32048512934773 -12.708084307988184, 49.16147703811242 -12.528475092905653, 48.932478358344184 -12.579812511733913, 48.86234651036884 -12.811392905875552, 49.02189161591872 -12.991273377833581, 49.25103221798952 -12.939301638080027, 49.41022078560735 -13.118416777949133, 49.340810264083075 -13.349765817997326, 49.1115288678063 -13.402370416086699, 49.041477128823146 -13.634205226252963, 48.811012923905054 -13.687029381390012, 48.65074779560496 -13.507392956135401, 48.419255950685454 -13.559803356035776, 48.34787742252274 -13.792467048635936, 48.11521429573088 -13.845072863727802, 48.04318887012815 -14.07817840180798, 48.20450906959874 -14.258319623804395, 48.13251794866622 -14.4914912847224, 48.29403386900603 -14.67108253720275, 48.222077821199605 -14.904296845965622, 48.38378914509994 -15.083316667646452, 48.61692463532967 -15.028888504231178, 48.77829439816685 -15.20709109982454, 48.707066076543725 -15.439945980354413, 48.86862658532246 -15.617543604188567, 49.10087001145814 -15.562065895992946, 49.17140416946796 -15.329600166534041, 49.010389773496286 -15.152222555611688, 49.08096547216874 -14.919763367608471, 49.311862796787494 -14.86507456985728, 49.38178860063135 -14.633031812047182, 49.61148549198663 -14.578539273559771, 49.680764222480605 -14.346933322456973, 49.90925860522617 -14.292653196463558, 49.97789317369876 -14.061504059632913, 49.818722806558554 -13.88424042245335, 49.887403985695215 -13.653170163382255, 49.72840908341203 -13.475357130426149, 49.797136098045144 -13.24438862582682, 49.63831706683709 -13.066047277935974), (48.90077026259673 -14.098433732844915, 49.1313799813933 -14.044986065078858, 49.29147696145053 -14.223294049651969, 49.22150840328457 -14.455290586764681, 48.990754307213194 -14.509359862228113, 48.83011382718215 -14.330810508962356, 48.90077026259673 -14.098433732844915)), ((36.43303491081599 -2.3676852869600613, 36.51971892324997 -2.138853975375084, 36.36086157853197 -1.945466874538884, 36.11517750971987 -1.9804757063080778, 36.0280148315328 -2.2092076683479345, 35.78166540027115 -2.244392397393238, 35.69397245820025 -2.4737268331655735, 35.85310015625541 -2.6679823280974495, 36.09979319362236 -2.632470391771772, 36.18701276465171 -2.4030312324599814, 36.43303491081599 -2.3676852869600613)), ((45.30730685471633 -17.090112756670155, 45.0629461156625 -17.144232308963552, 44.984351983438785 -17.380447851522234, 45.15079926652095 -17.56222849869096, 45.39538142501675 -17.5075928315677, 45.561600349442216 -17.68852640768608, 45.805260068860235 -17.63336359921946, 45.88248580593927 -17.397791346137122, 45.716739480936496 -17.21705397808585, 45.793982681382886 -16.981360927182482, 45.62846438411384 -16.799984869742318, 45.385233212039225 -16.854098039682174, 45.30730685471633 -17.090112756670155)), ((39.65076816926356 -4.932545655619742, 39.56752655759024 -5.164207803156791, 39.72825308087431 -5.357661808736546, 39.97196282877201 -5.319039908335292, 40.054652977599545 -5.087405260358882, 39.894186650670605 -4.894363907121304, 39.65076816926356 -4.932545655619742)))",Johnston's Treefrog
197,23450,23449,Afrixalus delicatus,species,20978,Amphibia,2.32,"MULTIPOLYGON (((47.51741739282738 -15.065951604326752, 47.59071355908287 -14.831992812947231, 47.82587973871264 -14.778453098564434, 47.89852223841967 -14.544877220843524, 48.13251794866622 -14.4914912847224, 48.20450906959874 -14.258319623804395, 48.04318887012815 -14.07817840180798, 48.11521429573088 -13.845072863727802, 48.34787742252274 -13.792467048635936, 48.419255950685454 -13.559803356035776, 48.65074779560496 -13.507392956135401, 48.811012923905054 -13.687029381390012, 49.041477128823146 -13.634205226252963, 49.1115288678063 -13.402370416086699, 48.9517994408518 -13.222992581849098, 49.02189161591872 -12.991273377833581, 48.86234651036884 -12.811392905875552, 48.932478358344184 -12.579812511733913, 49.16147703811242 -12.528475092905653, 49.32048512934773 -12.708084307988184, 49.548446385308154 -12.656355079548186, 49.61726276378843 -12.425658852267082, 49.45879666476648 -12.246324979332972, 49.52765658075529 -12.015799307508441, 49.36936752866268 -11.836001622994315, 49.141679739899416 -11.886446346249882, 49.072144331564004 -12.117331015342963, 48.84328869039473 -12.168032838960043, 48.7731179279192 -12.39945120670529, 48.54309696401805 -12.45039522781769, 48.472288296245836 -12.682328091906795, 48.63217669485587 -12.86296505261677, 48.56140494223803 -13.095043883359114, 48.330066750635126 -13.146835268255384, 48.16965581247308 -12.965926791876479, 47.93731300929724 -13.017309010283032, 47.8652212594167 -13.250211664873328, 48.02614909410093 -13.431387491257642, 47.95409012720387 -13.664403374500314, 47.720424707380346 -13.71658530557253, 47.64771863001306 -13.950039037053475, 47.80935777478351 -14.130963208909867, 47.73668310486988 -14.364489826339183, 47.50168767721647 -14.417436850056, 47.428361520778 -14.65136341574951, 47.19220572608512 -14.704455535348044, 47.11822594908753 -14.9387605621274, 46.88091408768321 -14.991980318990297, 46.806278667817566 -15.2266419730001, 46.56781538104548 -15.279971578659389, 46.49252241129318 -15.514967689335279, 46.65637473084817 -15.696297961337043, 46.8950276005223 -15.642402143793914, 46.96963752727021 -15.407742818708638, 47.20713262585468 -15.35394783334956, 47.281084638345476 -15.119627779923631, 47.51741739282738 -15.065951604326752)), ((29.126225916437875 -31.91854289416055, 28.841163732796673 -31.950373911452722, 28.73270295586491 -32.16426073691032, 28.44724480991121 -32.19511342301902, 28.33824142663761 -32.408025846441525, 28.515092657844093 -32.59010210636084, 28.40594325347945 -32.802046068695034, 28.583211017587104 -32.983157554859766, 28.86978806528242 -32.95231470344269, 28.97853329937348 -32.740356891908775, 28.801109566638047 -32.559255053131515, 28.909712590606574 -32.34632683188349, 29.195327285885696 -32.31449212457369, 29.30337597835978 -32.100595743291166, 29.588562635871853 -32.067786735917544, 29.69604926588869 -31.852938768155333, 29.9807823794944 -31.819169310532658, 30.087699438527864 -31.603386797958898, 30.371953831786982 -31.568671226704843, 30.47829403580465 -31.35197167194751, 30.30082959548946 -31.169976809671986, 30.407042768647898 -30.952361169767546, 30.690267200778635 -30.91675664129914, 30.795900283664736 -30.69825330784688, 31.078603453201453 -30.661742746866082, 31.18364961879226 -30.442370420693816, 31.006459801068644 -30.259486142046846, 31.111386394078778 -30.039235075427666, 31.393032457298233 -30.001896417618664, 31.49736933390807 -29.780807804088813, 31.320533689645572 -29.597030660343545, 31.42475458621061 -29.37509069235931, 31.70533455463959 -29.336960774710175, 31.808963137060005 -29.114216030281124, 32.088964740465144 -29.07525008494158, 32.19199485961468 -28.85172110537232, 32.47139534361963 -28.811936488493, 32.57382107583908 -28.587644207529912, 32.85259806855282 -28.54705866729404, 32.954413716160246 -28.322024398977415, 32.777960897989715 -28.13752167907403, 32.879675344438596 -27.911706247756506, 32.70359965347416 -27.7263206226573, 32.80521260822172 -27.49974131947242, 33.08239423796647 -27.45860479850616, 33.183399072192344 -27.231334158240372, 33.007731928846994 -27.045144528599074, 33.1086386714008 -26.817142711222775, 32.93334339878959 -26.630108795659634, 33.03415174946596 -26.401394325919913, 33.30974729988972 -26.35977208127419, 33.40994959203147 -26.130419472283847, 33.23506694198875 -25.942632844215144, 33.33517417963185 -25.712602314666892, 33.609651183571145 -25.670420820275623, 33.709150917698 -25.439791491279166, 33.98295453907676 -25.39694153383379, 34.08184190999657 -25.165737286400653, 34.35495203832136 -25.122238669704068, 34.45322240264625 -24.890483658735405, 34.72561932582266 -24.846356452935, 34.90018038160221 -25.033808906359912, 35.1722751716911 -24.988885386172594, 35.26937554712339 -24.756698183878612, 35.54071173874323 -24.711174943629754, 35.637178927709385 -24.47849390285013, 35.46286894349532 -24.29123335804587, 35.55926258196942 -24.057973475945726, 35.82940567347845 -24.012083321845534, 35.925165881876666 -23.77837170063392, 35.75134531203179 -23.590443643942343, 35.84703504389239 -23.35619184176468, 35.673555790352225 -23.1675145513992, 35.76917460565704 -22.932744422207172, 35.59603598660624 -22.743338769807682, 35.69158345194933 -22.508072547558, 35.51878478277638 -22.317959820840358, 35.61426047129788 -22.082220108166748, 35.44180106467314 -21.891422000663315, 35.53720455599378 -21.655231756957168, 35.36508372194635 -21.463770357139584, 35.46041460210222 -21.22715288605036, 35.288631648095844 -21.035050665843983, 35.38388950947396 -20.79802960221261, 35.212443740481746 -20.605309404913378, 34.94561847326287 -20.649463589584727, 34.77439379348775 -20.455995054710943, 34.87010697397807 -20.218526627379447, 35.13651890033415 -20.17459372875966, 35.23162952640172 -19.93683764070087, 35.497316356248916 -19.89247090134207, 35.591820675622614 -19.654453580501592, 35.856764994339244 -19.609674064268994, 35.95065945205806 -19.371422012489244, 36.214844230315265 -19.326250868771794, 36.308125467607 -19.087790642403167, 36.57153406426875 -19.042249087191674, 36.664198917283386 -18.803607277691654, 36.926815081922484 -18.757716574699423, 37.01886058032471 -18.518919789254095, 37.28066845536074 -18.472701231115266, 37.37209182078675 -18.23377607331753, 37.2022741474716 -18.04096276075116, 37.293642940919256 -17.801822679839145, 37.55426169661743 -17.755608297011932, 37.645008959095605 -17.51638585449572, 37.904795758637135 -17.469898621089275, 38.074191414347126 -17.662311443241844, 38.33348322785352 -17.61523708524911, 38.423025418032466 -17.376086108331318, 38.6814494699488 -17.328768983547995, 38.770360298091276 -17.089595630156214, 39.027902714348556 -17.042056898907575, 39.196869812719854 -17.23333361053025, 39.45384795363029 -17.1852236921786, 39.54152598965908 -16.94620846734776, 39.79758905257194 -16.897907112110097, 39.88462770129681 -16.658928799759146, 40.139763019027015 -16.610456996410306, 40.226161001017545 -16.371541551669484, 40.480356305691316 -16.32292016481321, 40.56611251521181 -16.08409338440075, 40.39828792582668 -15.893712911338225, 40.48401782063408 -15.6548195801369, 40.73695786353977 -15.60648680955056, 40.82204797417273 -15.36772680045274, 41.07403147523425 -15.319297103561075, 41.15848099963989 -15.080695754475698, 40.991565508383616 -14.890342685330348, 41.075993911986046 -14.651738261603478, 40.90935079374481 -14.460958879155376, 40.99375746630187 -14.222376955857538, 40.82738652182988 -14.031195996196931, 40.911770859220894 -13.79266221200267, 40.74567188397495 -13.601104595400358, 40.83003328815789 -13.362644634836837, 40.66420607237225 -13.170735448872566, 40.7485439513415 -12.932375024449334, 40.998104510315216 -12.886082094512696, 41.0818152843012 -12.647998885149958, 40.916570343614694 -12.456055808371149, 41.00025980256527 -12.218116308680855, 40.83528243483681 -12.025879792486712, 40.91894998944224 -11.788109612066267, 40.75423999576191 -11.595605086875311, 40.837885062590345 -11.358029798263232, 41.08564216884224 -11.313101103084705, 41.168667736511054 -11.075881694671192, 41.004534434343384 -10.883454615726205, 41.08753967204433 -10.646473522291531, 40.92366964618623 -10.453836876058107, 40.67648674228127 -10.497854972311925, 40.51257762710526 -10.304699817357038, 40.59615178817995 -10.067862000615452, 40.43250920158482 -9.874541283888162, 40.185001989010146 -9.917722723609137, 40.02134069478126 -9.723918472927634, 40.10546977025686 -9.487277407974343, 39.94207812459024 -9.293352020124868, 40.02617861148033 -9.057040195824161, 39.863056356351166 -8.86301946295352, 39.947127720702554 -8.627061884965014, 39.784274593642266 -8.432971570964751, 39.868316307079 -8.197393077456034, 40.11464309192823 -8.15598052960666, 40.19808794494929 -7.920874671506041, 40.035774556089024 -7.727111454682114, 40.11919192826775 -7.4924260520928305, 39.95714365793228 -7.298651154279744, 39.71140875373919 -7.339185193938865, 39.54936139263492 -7.145040169916518, 39.633311038232705 -6.910746032692411, 39.47153171221248 -6.71663384495402, 39.55544964834948 -6.482816137062102, 39.8005916655257 -6.443155264944227, 39.883923455639774 -6.209875729100104, 39.722669019555724 -6.016218010679217, 39.805971253793075 -5.7834544590375785, 40.04997202105926 -5.744390469765019, 40.132689613615156 -5.512201338713131, 39.97196282877201 -5.319039908335292, 40.054652977599545 -5.087405260358882, 39.894186650670605 -4.894363907121304, 39.97684884646091 -4.663306434539532, 39.81664272963965 -4.47040975011146, 39.89927646830813 -4.239951838281633, 40.141566068010434 -4.202414019173203, 40.22362190119583 -3.9725946280379207, 40.06393884833267 -3.780295015341136, 40.1459682881744 -3.551111388649416, 40.3871300409663 -3.514247650822636, 40.468583162860966 -3.2857350464186945, 40.30942567385293 -3.0940711959099616, 40.39085442614635 -2.86622933435329, 40.63088955828087 -2.8300683311400863, 40.71174365446237 -2.602928615020062, 40.95092252696301 -2.567032672194843, 41.03120123841475 -2.3406122373539704, 41.26951427702434 -2.3049944608740622, 41.34921700897189 -2.079309983664012, 41.58665495463515 -2.043983130098265, 41.665781244005814 -1.81905082395978, 41.5080300850623 -1.629421242689935, 41.58714128796538 -1.4052301349291973, 41.82344346175586 -1.3706940752790453, 41.90198026259415 -1.1472824675977518, 42.13739545433148 -1.113068846389436, 42.21535761657037 -0.8904516833775865, 42.44987747441564 -0.8565719441501778, 42.52726488611012 -0.6347637002517277, 42.37069769457537 -0.4468075959353965, 42.136418683995316 -0.4801895435352829, 42.0584674351972 -0.7020240958755377, 41.8232987269555 -0.7357466315739956, 41.7447751769588 -0.9583865616435621, 41.50872514959332 -0.9924384855588835, 41.42962956484155 -1.2158691854356736, 41.19270690254572 -1.250238938675655, 41.113039675846295 -1.4744453310549417, 40.875253370414896 -1.5091209979447817, 40.717399773990905 -1.319122733541861, 40.479028719607356 -1.35363331963145, 40.39824330270446 -1.5785996587463922, 40.15903323809485 -1.6133990751425054, 40.000885858656204 -1.4227830955572027, 39.76112801940906 -1.4574187235007543, 39.67923798463934 -1.6831090071987351, 39.83764147646161 -1.8741808988465216, 39.755722585697754 -2.1006105636724763, 39.51486463264024 -2.135949121050632, 39.43238056062404 -2.3630850896711846, 39.19071435292159 -2.3986732750523476, 39.107666320122775 -2.6264980348994795, 38.865202734567276 -2.6623221064034115, 38.78159210126179 -2.890817695760674, 38.94097235109018 -3.0835126896326677, 38.857325687136864 -3.312687805061815, 39.01697127811161 -3.5056376927976705, 38.933289043042436 -3.7354710806307203, 39.09320028954758 -3.9286520202383977, 39.00948294795319 -4.159122069060109, 38.76532125868903 -4.1963998930003905, 38.681034983029576 -4.427479678111354, 38.841442797184754 -4.621287719784495, 38.75711925281098 -4.85296741491477, 38.511855861896436 -4.890830205511058, 38.426962300655475 -5.123084751542582, 38.1809127123164 -5.1611017151085345, 38.09545083132505 -5.393910607092283, 37.84862717797404 -5.432065822436591, 37.762598824068874 -5.665408150940835, 37.51501356198071 -5.703685410612924, 37.42842073331735 -5.9375398711644936, 37.58993069108527 -6.133136352130772, 37.50329024957324 -6.3675049536338015, 37.25462302143373 -6.406254399100545, 37.16741749781676 -6.641096935012006, 36.91800863394408 -6.6799244192956495, 36.830240312845774 -6.915218556351563, 36.992391531353235 -7.11170812427537, 36.90457046194999 -7.347458774788921, 37.06701124020532 -7.544040258334584, 36.97913782954214 -7.7802228292781885, 36.72831060232875 -7.819804620146824, 36.639871200043245 -8.05638137125013, 36.38831763859963 -8.095983921774668, 36.29931480527165 -8.332931334175436, 36.04704901832616 -8.372536586044273, 35.95748547563798 -8.609830827036939, 35.70452189815083 -8.649420519459513, 35.614400530034146 -8.887037456644327, 35.360753921269236 -8.926593140092521, 35.27007777494569 -9.164508356064577, 35.433537236246934 -9.362905557904392, 35.34279478984246 -9.601137276776845, 35.50656033687417 -9.799542171796174, 35.41575194044259 -10.038064471606171, 35.16068701841306 -10.078147027588027, 35.069321190607184 -10.316905294984771, 35.23350967870445 -10.51561041923416, 35.48895018046383 -10.475237254891269, 35.57982417166809 -10.236450446086005, 35.834578811884086 -10.195988038156232, 35.9988268375576 -10.394009923982336, 35.908454114238594 -10.632811835533477, 35.653329692260996 -10.67357763655511, 35.562390466789424 -10.912602750810917, 35.306574129551336 -10.953266986850169, 35.215071549393826 -11.192489897179765, 35.37988133835108 -11.391063621203655, 35.28831090596498 -11.630479257424158, 35.031436001669306 -11.671301464188529, 34.8665161826479 -11.472428254289813, 34.95857880025295 -11.233033167146163, 34.79397298703964 -11.034074074457807, 34.8859644169799 -10.794878840695622, 34.72167196050168 -10.59586070742911, 34.81359187207906 -10.356891772168076, 34.649612121525166 -10.157841415018925, 34.393621359625286 -10.197447389294263, 34.229868001611266 -9.998071521860012, 34.3221885530447 -9.759410592875641, 34.15874948611281 -9.560049453119627, 33.90291700769788 -9.599029769884089, 33.810133881826005 -9.837621949334919, 33.97364326255132 -10.03730340540757, 33.88078177159653 -10.276162405082479, 34.04460828900625 -10.475852036263493, 34.30122569158871 -10.436368065434896, 34.465294021708644 -10.635731874826092, 34.372823542123285 -10.874885961224932, 34.115813079409264 -10.914622473222341, 34.022795716384366 -11.15393599420993, 34.18725862986142 -11.353561353403476, 34.09416376981579 -11.593062346717737, 34.25894594021631 -11.792615178452055, 34.165773882557716 -12.032276997692327, 33.907348199272946 -12.072339887224523, 33.81362708221846 -12.312095924407679, 33.978801190605 -12.51182977068212, 33.88500014119765 -12.751700146012851, 34.05049784797012 -12.951300743801573, 33.95661715959656 -13.191258635631915, 34.12243919422079 -13.39069904198842, 34.02847916543129 -13.63071761274986, 34.19462625611695 -13.829970939088948, 34.10058719068013 -14.070023354743439, 34.267060064323886 -14.269062786160891, 34.52749077406736 -14.227796000153221, 34.69420322429764 -14.426348703484338, 34.60057455871291 -14.666413523922747, 34.76761116453355 -14.864705906383916, 34.67390754342506 -15.10474424453788, 34.84126899825111 -15.302749819716379, 34.74749076346524 -15.542735037416206, 34.48585233199239 -15.584723505657356, 34.31839776209213 -15.386485624486204, 34.05650862127271 -15.427942685379563, 33.88930528105499 -15.22917822404998, 33.62719484025561 -15.270109482608197, 33.46026144725883 -15.0708376318746, 33.55549605972317 -14.830868581831416, 33.38889511903264 -14.631342416885296, 33.12701289885737 -14.671552470512207, 32.96070260341543 -14.471558331201082, 32.69866349342132 -14.511267991457512, 32.53266223567044 -14.310825792181927, 32.27049563580164 -14.350041692985817, 32.1739024135851 -14.589873722332694, 32.33991471323421 -14.790549659562801, 32.243226648465196 -15.030342020060857, 31.98008961943256 -15.06939346221433, 31.882869805840357 -15.309060282205735, 31.61921187000047 -15.347752643879982, 31.521465339836283 -15.587267137832676, 31.25730559558005 -15.625580546322057, 31.09134324856933 -15.4242445985488, 30.82715460911882 -15.462038699457494, 30.661585477374217 -15.260276018287708, 30.397397822459112 -15.2975584690158, 30.298324107843996 -15.53670981193141, 30.463831924647394 -15.738677982409591, 30.364647645532074 -15.977715625864315, 30.530506317097434 -16.17945659661516, 30.79561123052318 -16.141960277806447, 30.96187831553621 -16.343254782833345, 31.226974822529 -16.305219452218996, 31.393632128283627 -16.50604676672699, 31.658690015405938 -16.467464947578257, 31.75663817020032 -16.22819072437788, 32.02118276316901 -16.189202920224343, 32.188220656627465 -16.3893423722847, 32.09070816440905 -16.628669126826445, 32.258090626177164 -16.82850094436763, 32.52298041873428 -16.788804940671007, 32.690697492331026 -16.988109017954013, 32.59353855757848 -17.227302177055993, 32.76159919224921 -17.426252694463557, 33.02679387327282 -17.38581555302432, 33.123490600694225 -17.14660269369341, 33.3880910074825 -17.10576634715928, 33.55642065680445 -17.30395648204244, 33.46019749994994 -17.543175837722643, 33.628866540323315 -17.74097371369978, 33.53255692824612 -17.979981377984636, 33.70156616636453 -18.177361365903277, 33.966823114869584 -18.135546228135002, 34.13610551221464 -18.332302723365657, 34.04020165682067 -18.571053839671855, 33.774520635047566 -18.613068178676695, 33.678039001515515 -18.851575050356097, 33.847731050912785 -19.04804335845057, 33.751163862288024 -19.286261561957083, 33.484413905736005 -19.32803003404489, 33.387270039145164 -19.56595802897422, 33.557364648583246 -19.762094620674326, 33.460132209723895 -19.99968949529739, 33.63057336847908 -20.195302081259896, 33.53325265557572 -20.43253904216916, 33.704041195966965 -20.62760345544478, 33.60663251295671 -20.864457993651257, 33.777769266199016 -21.058950393761215, 33.68027292279538 -21.295398299816675, 33.85175871893614 -21.4892951868414, 34.120671126909656 -21.446606067872985, 34.29243084807882 -21.63975270597966, 34.56109324374296 -21.59635944444748, 34.73310659809496 -21.788739242274502, 34.63655424700795 -22.0246426529167, 34.8089124118998 -22.216369859091117, 34.712280606625654 -22.45180927749406, 34.8849843405298 -22.642861643259543, 35.15420773579066 -22.598349172843953, 35.327139259186765 -22.788585737842237, 35.23096881710262 -23.023453154329115, 35.404243880811435 -23.21297703773573, 35.30799862237609 -23.447330500933464, 35.481617944696154 -23.636120538639208, 35.38529828527618 -23.869938027691074, 35.1148081776353 -23.915060090575086, 35.017862396097826 -24.14841801109968, 34.74662800433106 -24.19296445434148, 34.57277200163395 -24.003962260694053, 34.301248875140175 -24.04773468029014, 34.12765146428697 -23.85788366651079, 34.225666934383355 -23.62436540518247, 34.05242351849532 -23.43378574774587, 34.15035331143844 -23.199722667867427, 33.97746306886967 -23.00843555957143, 33.706568880294554 -23.051102222465353, 33.53396317490356 -22.859013943964694, 33.26285840539663 -22.900936951297698, 33.16391399392529 -23.135103470337228, 33.336572582441704 -23.327302027234992, 33.23753484790009 -23.560932807112405, 32.965342507754485 -23.60240403114678, 32.86571505928032 -23.835519846425374, 32.59290379700849 -23.876363541488544, 32.492691756990695 -24.10893973610819, 32.665775852022705 -24.300637515722197, 32.56546374760808 -24.53262157867203, 32.29158512676494 -24.572936699880767, 32.190690229601785 -24.804339887759006, 32.364153709214065 -24.99539625683052, 32.263155458693205 -25.22616954637289, 31.988216540955335 -25.26591231512874, 31.886637472473012 -25.4960644540899, 32.060471740926744 -25.686445320907268, 31.95878598718508 -25.91593097339662, 31.682794233051084 -25.955058458066404, 31.58052981602262 -26.183883729965483, 31.754726012224836 -26.3735563687578, 31.65235153552024 -26.601679797749238, 31.82692604900484 -26.790552818814927, 31.724441727436385 -27.017955372334605, 31.899395616243908 -27.206009959703845, 31.79680167039453 -27.432673064989434, 31.972135992866356 -27.619890868871902, 31.869432649162917 -27.845796419024975, 32.04514846388071 -28.03215956136869, 31.942335954668124 -28.257289920778614, 31.66332605862999 -28.296090326305773, 31.559922559675698 -28.52046380390011, 31.280347944775315 -28.55844987559122, 31.176359609713444 -28.782045369725353, 30.896243242117293 -28.819199940636103, 30.791676445116764 -29.04199674390555, 30.96768454675842 -29.227618670069816, 30.862997643828066 -29.449582466783767, 30.581847282856444 -29.485939088534074, 30.476584786933273 -29.707070911161942, 30.652924701209315 -29.891830084602514, 30.54753852171396 -30.112100503072412, 30.265363683665555 -30.14762232461175, 30.159404981752004 -30.36702881076189, 30.33606644184954 -30.550901821916124, 30.229980437924695 -30.769419937416064, 29.946791087030306 -30.804071357458177, 29.840135836759544 -31.021694937101593, 30.017108289496207 -31.204659899105295, 29.91032207871288 -31.42136958671297, 29.626128634096602 -31.455116293824112, 29.518776662362654 -31.670902221129335, 29.23413615025865 -31.703698076341695, 29.126225916437875 -31.91854289416055), (35.675557214952285 -13.142585414860335, 35.58371899124324 -13.382506276806168, 35.750092838286484 -13.580283053184672, 35.658188598372185 -13.820263627383238, 35.399398812094724 -13.862482853000667, 35.23289929285897 -13.664441235134822, 35.325312703839124 -13.42444604340633, 35.15913040765494 -13.226184623017568, 34.90042235215029 -13.267653566726974, 34.73444997109606 -13.068926441630461, 34.82728975352328 -12.829003768125093, 35.08560865115483 -12.787801547714775, 35.17788279512186 -12.54796637705659, 35.43552285331256 -12.50658559920139, 35.60126923529125 -12.704761334967653, 35.85859132312378 -12.662929798688573, 36.024516106287486 -12.860641414420705, 35.93325630441549 -13.100461706716224, 35.675557214952285 -13.142585414860335), (37.08677954388356 -15.152910555309296, 37.25453793555786 -15.348153542663374, 37.16405485704467 -15.587967689335787, 36.90526252907719 -15.632615005911475, 36.73732083170176 -15.437131878146905, 36.82835235294689 -15.197242364623767, 37.08677954388356 -15.152910555309296)), ((43.62714610444172 -12.603833830029611, 43.791153998739645 -12.792016285398113, 44.034075105705625 -12.743599185356818, 44.11274949645025 -12.507524825238928, 44.35462021415728 -12.459202916981809, 44.518045435117926 -12.646422787952911, 44.759082283334806 -12.597671026022264, 44.92231282783166 -12.784208448799887, 44.84493580216042 -13.019782921856045, 45.008395630532846 -13.205908119582606, 45.248794056950686 -13.15617562997589, 45.32551548938187 -12.92086917729896, 45.5648236151151 -12.871256871135005, 45.64090081635703 -12.636362229963341, 45.47832787638478 -12.450806477116473, 45.239229325239705 -12.499859136217642, 45.076434524030105 -12.313612271405002, 44.836468737068145 -12.362242927936517, 44.673467565047446 -12.175317101385016, 44.750862750480906 -11.940059963962817, 44.58809103308175 -11.7527697079316, 44.34750266504756 -11.80043538447271, 44.269462713067156 -12.035933846279443, 44.02782298162836 -12.083721786762213, 43.864456278680365 -11.895476032040252, 43.622010666026625 -11.942843786517475, 43.458485153029244 -11.753957829964195, 43.53779995514893 -11.518013428208524, 43.374515629449036 -11.32881249590001, 43.13153121065585 -11.375245258306894, 43.051586790592864 -11.611394054421, 43.21525492363958 -11.800906534421852, 43.13530651302932 -12.03725604410702, 43.29921968525818 -12.226445799844434, 43.21926793670207 -12.462971034576903, 43.38342617581293 -12.651813443723691, 43.62714610444172 -12.603833830029611)), ((43.10712192722036 -21.503177172726353, 43.277882414827445 -21.682492993948923, 43.19455488285735 -21.917511750849567, 42.93978124807148 -21.973502299628215, 42.85576305746736 -22.208413975748137, 43.02720433659573 -22.387044615611803, 42.9431801025209 -22.621540319073798, 43.114892016039676 -22.79933615634541, 43.37021088415102 -22.74251864592539, 43.453543849946726 -22.508317778719192, 43.28225094295186 -22.3306390402051, 43.3655815670127 -22.096018404210774, 43.6195130194223 -22.03937836139238, 43.70215046987386 -21.80465810725515, 43.531548219865414 -21.62627885177932, 43.614185483468304 -21.39117837282905, 43.86673422198271 -21.33476246363455, 43.94868177254753 -21.099605534347923, 44.20010463212947 -21.0430095555982, 44.281363186258375 -20.807821344050822, 44.11189134705501 -20.628919782228138, 43.860720440353305 -20.68506528605253, 43.77877097514303 -20.92056229765023, 43.526481376162394 -20.976538453615188, 43.4438450500175 -21.211997060119877, 43.19044562355219 -21.26778226772312, 43.10712192722036 -21.503177172726353)), ((45.859596247941056 -16.09278898534799, 45.936209559442005 -15.857191766756698, 46.17696037959769 -15.803697104668467, 46.25291268738354 -15.568389034085303, 46.0887939840315 -15.386254654626454, 45.84824656940964 -15.439199618363974, 45.77161560439788 -15.67482807973354, 45.52993931018699 -15.727837155645371, 45.45264825263996 -15.96374951436184, 45.617710030760776 -16.146338240740562, 45.859596247941056 -16.09278898534799)), ((50.18261016736537 -13.369182892330215, 50.02417342059795 -13.191623414769797, 50.0922629927158 -12.961163338886658, 49.93399830486521 -12.783084209807834, 49.70708914639036 -12.835203442722, 49.63831706683709 -13.066047277935974, 49.797136098045144 -13.24438862582682, 49.72840908341203 -13.475357130426149, 49.887403985695215 -13.653170163382255, 49.818722806558554 -13.88424042245335, 49.97789317369876 -14.061504059632913, 50.20518327310475 -14.007452134216917, 50.273176677269134 -13.77677944301789, 50.114568292462764 -13.599760658763795, 50.18261016736537 -13.369182892330215)), ((26.751700296628485 -33.36299549822291, 26.46465807846579 -33.38877193739133, 26.353068145108153 -33.59658317463449, 26.528855224755063 -33.778663048474556, 26.81648557115591 -33.752936676017484, 26.92773667764098 -33.54508104818029, 26.751700296628485 -33.36299549822291)), ((43.99844234850576 -17.59573260584155, 43.91783534762277 -17.832569539313667, 44.085365570606314 -18.0155834067782, 44.33307299038904 -17.961564074212735, 44.41300608639173 -17.725019259727425, 44.245907139702496 -17.542201069386245, 44.3258459163915 -17.30551047925247, 44.158991880449264 -17.12206439749151, 43.911770485082684 -17.17510589025736, 43.83116120737526 -17.41208290370768, 43.99844234850576 -17.59573260584155)), ((31.638068404893488 -12.864448227169314, 31.54134028146771 -13.104144720846776, 31.279886255090503 -13.142099292557267, 31.182646836433605 -13.38174447471099, 31.347271164689346 -13.583535152174907, 31.609164500520222 -13.545433231437148, 31.70599132927603 -13.305688693930135, 31.967386416560515 -13.267281732147627, 32.13238628388015 -13.468459038386857, 32.39369335390717 -13.429592319402364, 32.48956894704867 -13.189723473862896, 32.32457213182778 -12.988800099322301, 32.42035532314071 -12.748992592500496, 32.25569163817809 -12.547962979860682, 32.35138221261275 -12.30824377738997, 32.6113028986544 -12.269473583117842, 32.70646755819331 -12.029782862821582, 32.965840875115504 -11.990780145410636, 33.060475085982944 -11.751144352274897, 32.89617933882508 -11.550590793684806, 32.99072675880058 -11.311110094354369, 32.826757177159095 -11.110517904250793, 32.568215697986375 -11.149119561997406, 32.47323087412184 -11.388513020919023, 32.21415332578002 -11.42690860742875, 32.11864861145534 -11.666370427189594, 32.28264856285074 -11.867531103818035, 32.187050815631665 -12.107135062129837, 31.927028191829947 -12.145478953719175, 31.830912258416788 -12.385104916146135, 31.570383990460755 -12.423190344118115, 31.473754746856685 -12.662811777728692, 31.638068404893488 -12.864448227169314)), ((44.09194057633269 -18.671097360641564, 44.25996886290329 -18.852774948219064, 44.50815918563049 -18.7977872977515, 44.58807870597266 -18.561605522887493, 44.42049011258919 -18.380107835268223, 44.17254084456073 -18.434612582817238, 44.0047615708003 -18.252256197224256, 43.755953886393314 -18.30620153646719, 43.67467823091937 -18.54297757347187, 43.84288412345359 -18.72551759298435, 44.09194057633269 -18.671097360641564)), ((46.75729655620023 -9.141010547873375, 46.59807750084124 -8.955411216175223, 46.36539220163991 -9.000553584586712, 46.29174359734617 -9.231896632732775, 46.05797677529981 -9.277289898399605, 45.983703327307296 -9.509224353541653, 46.14384100187485 -9.695515815059577, 46.37779711350362 -9.649527982322663, 46.53768545199037 -9.835205991976508, 46.77073655130056 -9.78885883380036, 46.84371587934578 -9.557437082428875, 46.68429387394272 -9.372099533756652, 46.75729655620023 -9.141010547873375)), ((44.887981376226264 -16.306057328753926, 45.131896688415196 -16.252976834138877, 45.20984920337722 -16.016803862511953, 45.04455984599983 -15.833412765186344, 44.800868515293274 -15.885970609979124, 44.72224387872802 -16.12244159237159, 44.4774498185582 -16.175016184466177, 44.39816397839488 -16.411718548527535, 44.15227448647181 -16.464290390152374, 44.072326531840474 -16.701200129971177, 44.2389356079681 -16.885252109705455, 44.48506247347075 -16.83217778612375, 44.56434146187567 -16.595554581461545, 44.809366172085106 -16.542467340761736, 44.887981376226264 -16.306057328753926)), ((53.076260740980445 -5.361488364696295, 53.22525242503224 -5.538163656956608, 53.43383586361074 -5.4971773338966745, 53.49336429899387 -5.280239155628669, 53.344945814371556 -5.103953180399475, 53.13642560865833 -5.144216900223254, 53.076260740980445 -5.361488364696295)), ((47.19165901450384 -11.2231483915097, 47.118780222263865 -11.455666851753895, 47.2792136996984 -11.63934321764931, 47.51203525922392 -11.590195592981415, 47.58425065869892 -11.35798188976912, 47.42430878969566 -11.17461033844337, 47.19165901450384 -11.2231483915097)), ((44.44319838828986 -20.33711614527856, 44.52377629903651 -20.101617740023542, 44.355001271920116 -19.922100958927174, 44.105203142687486 -19.977930271780174, 44.0239359046939 -20.21373992547322, 44.193154621437884 -20.39340954785076, 44.44319838828986 -20.33711614527856)), ((44.24265568153987 -24.894654753055633, 43.98688635609551 -24.954183433691405, 43.90355548373773 -25.18543056068052, 44.07671207564346 -25.35682539076605, 44.332740687197884 -25.296898288563956, 44.41535179446555 -25.065975273476745, 44.24265568153987 -24.894654753055633)), ((56.02610242961873 -4.633327589738011, 56.08194488617329 -4.416603244565366, 55.91958919997725 -4.279388527333739, 55.97540152291097 -4.063710419511273, 55.813785240839536 -3.927467431403136, 55.59670034328019 -4.006253964558584, 55.54046371007823 -4.221357209851616, 55.70173378335187 -4.358249195559062, 55.645462080576635 -4.574396555470583, 55.4274980101755 -4.65306870898566, 55.37076772490164 -4.869666900746158, 55.53242366344338 -5.008179022207421, 55.75116692718211 -4.929444552060903, 55.80747251817448 -4.712260645991331, 56.02610242961873 -4.633327589738011)), ((46.36832345965948 -25.43298355243125, 46.44728062040994 -25.203279532561666, 46.27607096190067 -25.036151273915312, 46.025379212265904 -25.09866733984895, 45.94568036515187 -25.32874441087165, 46.11741367417383 -25.495932756326525, 46.36832345965948 -25.43298355243125)), ((25.666223256669127 -33.85172930428299, 25.953709591601438 -33.82805972820007, 26.065790097207667 -33.62131110322389, 25.890697866856726 -33.43828795418224, 25.603808643292354 -33.46202679286315, 25.491418588293556 -33.66871885378362, 25.666223256669127 -33.85172930428299)), ((35.32417222836045 -7.147268892299323, 35.4863030159936 -7.345007537826525, 35.73817830097522 -7.306353103305919, 35.82755813375073 -7.070270636617565, 35.665549440192706 -6.8729011845757935, 35.41403649421116 -6.911245953526502, 35.32417222836045 -7.147268892299323)), ((43.984164755563 1.0279622465156315, 43.8295403372496 1.2131961205194814, 43.60003866318905 1.1821958992789374, 43.52494890676758 0.9654397180514014, 43.67993072977643 0.7797167176157617, 43.90964611496253 0.8112403852109632, 43.984164755563 1.0279622465156315)), ((47.94231463076105 -10.200886238648938, 48.013329127494984 -9.97031871886709, 47.854769320203985 -9.786883236465812, 47.925815556316934 -9.556624434940206, 47.76744673061887 -9.372880436256228, 47.53753878104564 -9.419058848092426, 47.465837501706005 -9.649605582569952, 47.624698385624214 -9.833686773145352, 47.553026085295414 -10.06455021950944, 47.71208170144001 -10.24831497662414, 47.94231463076105 -10.200886238648938)), ((44.347650317481964 -19.27002586819944, 44.267059729077005 -19.506063858693206, 44.43558589941313 -19.68632128449596, 44.68425589751348 -19.630375874375357, 44.76415884829001 -19.394651068686105, 44.596080888042906 -19.21455795508686, 44.347650317481964 -19.27002586819944)))",Delicate Leaf-folding Frog
198,23455,23449,Afrixalus fornasini,species,20978,Amphibia,2.32,"MULTIPOLYGON (((31.919958721078245 -20.67646196222671, 32.09014816432122 -20.873185485612964, 31.99064348086509 -21.109281032502523, 32.16119140293074 -21.30545692624621, 32.06158496771104 -21.541119321010264, 32.23249232661931 -21.73672383162122, 32.13278436410715 -21.971929285233603, 32.304052117888915 -22.16693900740581, 32.204242857971906 -22.401664068716393, 31.932702052265654 -22.441384421707525, 31.83232744212046 -22.675615354425034, 32.003954749659755 -22.870117280900125, 31.90347563145565 -23.103826899653278, 31.630910697943165 -23.143037575011533, 31.529868332586233 -23.376210521795297, 31.7018466291471 -23.570166353525448, 31.600696504820178 -23.802778081163513, 31.327115074750623 -23.84143477837792, 31.225403981339866 -24.07346818861941, 31.397724447120908 -24.266840830301756, 31.29590230402451 -24.49827420031289, 31.468595803434198 -24.690948057251195, 31.366662797682352 -24.921760168892334, 31.091585304030502 -24.95990140075419, 30.989090268825805 -25.19007806483938, 31.162120733974803 -25.382107601384295, 31.059511488916968 -25.611626023586666, 31.232919950788215 -25.802911023362093, 31.130196671090744 -26.031751111653882, 31.3039842195748 -26.222271558148634, 31.201147085881473 -26.45041366387226, 31.375314811666783 -26.640149988720573, 31.272364010122374 -26.867574914198443, 31.44691300464092 -27.056508004408506, 31.34384872696299 -27.2831970099078, 31.518780082334786 -27.47130821444543, 31.415602525886072 -27.697243024499425, 31.59091733486244 -27.88451416022926, 31.4876267027241 -28.10967696931791, 31.20855340396875 -28.147591433997174, 31.10468163866861 -28.37199012533991, 31.280347944775315 -28.55844987559122, 31.176359609713444 -28.782045369725353, 30.896243242117293 -28.819199940636103, 30.791676445116764 -29.04199674390555, 30.96768454675842 -29.227618670069816, 30.862997643828066 -29.449582466783767, 30.581847282856444 -29.485939088534074, 30.476584786933273 -29.707070911161942, 30.652924701209315 -29.891830084602514, 30.54753852171396 -30.112100503072412, 30.265363683665555 -30.14762232461175, 30.159404981752004 -30.36702881076189, 29.87674645013459 -30.401649367840815, 29.77022226720581 -30.620173060734384, 29.946791087030306 -30.804071357458177, 29.840135836759544 -31.021694937101593, 29.55648086747115 -31.0554198581372, 29.44926363982526 -31.27213078936004, 29.626128634096602 -31.455116293824112, 29.518776662362654 -31.670902221129335, 29.23413615025865 -31.703698076341695, 29.126225916437875 -31.91854289416055, 28.841163732796673 -31.950373911452722, 28.73270295586491 -32.16426073691032, 28.44724480991121 -32.19511342301902, 28.33824142663761 -32.408025846441525, 28.515092657844093 -32.59010210636084, 28.40594325347945 -32.802046068695034, 28.119550261491753 -32.83189261796904, 28.00986264541899 -33.04283670315436, 27.723119994136567 -33.07167041042398, 27.612902549843255 -33.28159948624459, 27.789803813529346 -33.462721419570464, 28.077118864700566 -33.43390982494986, 28.18695627769432 -33.2239548975966, 28.473915601489296 -33.19412157772541, 28.583211017587104 -32.983157554859766, 28.86978806528242 -32.95231470344269, 28.97853329937348 -32.740356891908775, 28.801109566638047 -32.559255053131515, 28.909712590606574 -32.34632683188349, 29.195327285885696 -32.31449212457369, 29.30337597835978 -32.100595743291166, 29.588562635871853 -32.067786735917544, 29.69604926588869 -31.852938768155333, 29.9807823794944 -31.819169310532658, 30.087699438527864 -31.603386797958898, 30.371953831786982 -31.568671226704843, 30.47829403580465 -31.35197167194751, 30.30082959548946 -31.169976809671986, 30.407042768647898 -30.952361169767546, 30.690267200778635 -30.91675664129914, 30.795900283664736 -30.69825330784688, 31.078603453201453 -30.661742746866082, 31.18364961879226 -30.442370420693816, 31.006459801068644 -30.259486142046846, 31.111386394078778 -30.039235075427666, 31.393032457298233 -30.001896417618664, 31.49736933390807 -29.780807804088813, 31.320533689645572 -29.597030660343545, 31.42475458621061 -29.37509069235931, 31.70533455463959 -29.336960774710175, 31.808963137060005 -29.114216030281124, 32.088964740465144 -29.07525008494158, 32.19199485961468 -28.85172110537232, 32.47139534361963 -28.811936488493, 32.57382107583908 -28.587644207529912, 32.85259806855282 -28.54705866729404, 32.954413716160246 -28.322024398977415, 32.777960897989715 -28.13752167907403, 32.879675344438596 -27.911706247756506, 32.70359965347416 -27.7263206226573, 32.80521260822172 -27.49974131947242, 33.08239423796647 -27.45860479850616, 33.183399072192344 -27.231334158240372, 33.007731928846994 -27.045144528599074, 33.1086386714008 -26.817142711222775, 32.93334339878959 -26.630108795659634, 33.03415174946596 -26.401394325919913, 33.30974729988972 -26.35977208127419, 33.40994959203147 -26.130419472283847, 33.23506694198875 -25.942632844215144, 33.33517417963185 -25.712602314666892, 33.609651183571145 -25.670420820275623, 33.709150917698 -25.439791491279166, 33.98295453907676 -25.39694153383379, 34.08184190999657 -25.165737286400653, 34.35495203832136 -25.122238669704068, 34.52961634715467 -25.309780870064962, 34.80245079873691 -25.26547758331401, 34.90018038160221 -25.033808906359912, 35.1722751716911 -24.988885386172594, 35.26937554712339 -24.756698183878612, 35.54071173874323 -24.711174943629754, 35.637178927709385 -24.47849390285013, 35.46286894349532 -24.29123335804587, 35.55926258196942 -24.057973475945726, 35.82940567347845 -24.012083321845534, 35.925165881876666 -23.77837170063392, 35.75134531203179 -23.590443643942343, 35.84703504389239 -23.35619184176468, 35.673555790352225 -23.1675145513992, 35.76917460565704 -22.932744422207172, 35.59603598660624 -22.743338769807682, 35.69158345194933 -22.508072547558, 35.959713621419354 -22.462316273243996, 36.05463447274968 -22.22667698096151, 35.88198278002838 -22.036692820840813, 35.97683528256596 -21.80059824118112, 35.80451924688907 -21.609934561610693, 35.89930296280437 -21.373407841182075, 35.727321927233675 -21.182086840559954, 35.46041460210222 -21.22715288605036, 35.288631648095844 -21.035050665843983, 35.38388950947396 -20.79802960221261, 35.212443740481746 -20.605309404913378, 35.307628181756 -20.367908701153137, 35.13651890033415 -20.17459372875966, 35.23162952640172 -19.93683764070087, 35.497316356248916 -19.89247090134207, 35.591820675622614 -19.654453580501592, 35.856764994339244 -19.609674064268994, 35.95065945205806 -19.371422012489244, 36.214844230315265 -19.326250868771794, 36.308125467607 -19.087790642403167, 36.57153406426875 -19.042249087191674, 36.664198917283386 -18.803607277691654, 36.926815081922484 -18.757716574699423, 37.01886058032471 -18.518919789254095, 37.28066845536074 -18.472701231115266, 37.37209182078675 -18.23377607331753, 37.2022741474716 -18.04096276075116, 37.293642940919256 -17.801822679839145, 37.55426169661743 -17.755608297011932, 37.723874587635265 -17.94822401351618, 37.98401989057223 -17.901413645369814, 38.074191414347126 -17.662311443241844, 38.33348322785352 -17.61523708524911, 38.423025418032466 -17.376086108331318, 38.6814494699488 -17.328768983547995, 38.85067369369594 -17.520257037106933, 39.10855384508503 -17.472359651788437, 39.196869812719854 -17.23333361053025, 39.45384795363029 -17.1852236921786, 39.54152598965908 -16.94620846734776, 39.79758905257194 -16.897907112110097, 39.88462770129681 -16.658928799759146, 40.139763019027015 -16.610456996410306, 40.226161001017545 -16.371541551669484, 40.480356305691316 -16.32292016481321, 40.56611251521181 -16.08409338440075, 40.39828792582668 -15.893712911338225, 40.48401782063408 -15.6548195801369, 40.73695786353977 -15.60648680955056, 40.82204797417273 -15.36772680045274, 41.07403147523425 -15.319297103561075, 41.15848099963989 -15.080695754475698, 40.991565508383616 -14.890342685330348, 41.075993911986046 -14.651738261603478, 40.90935079374481 -14.460958879155376, 40.99375746630187 -14.222376955857538, 40.82738652182988 -14.031195996196931, 40.911770859220894 -13.79266221200267, 40.74567188397495 -13.601104595400358, 40.83003328815789 -13.362644634836837, 40.66420607237225 -13.170735448872566, 40.7485439513415 -12.932375024449334, 40.998104510315216 -12.886082094512696, 41.0818152843012 -12.647998885149958, 40.916570343614694 -12.456055808371149, 41.00025980256527 -12.218116308680855, 40.83528243483681 -12.025879792486712, 40.91894998944224 -11.788109612066267, 40.75423999576191 -11.595605086875311, 40.837885062590345 -11.358029798263232, 41.08564216884224 -11.313101103084705, 41.168667736511054 -11.075881694671192, 41.004534434343384 -10.883454615726205, 41.08753967204433 -10.646473522291531, 40.92366964618623 -10.453836876058107, 40.67648674228127 -10.497854972311925, 40.51257762710526 -10.304699817357038, 40.59615178817995 -10.067862000615452, 40.43250920158482 -9.874541283888162, 40.185001989010146 -9.917722723609137, 40.02134069478126 -9.723918472927634, 40.10546977025686 -9.487277407974343, 39.94207812459024 -9.293352020124868, 40.02617861148033 -9.057040195824161, 39.863056356351166 -8.86301946295352, 39.947127720702554 -8.627061884965014, 39.784274593642266 -8.432971570964751, 39.868316307079 -8.197393077456034, 40.11464309192823 -8.15598052960666, 40.19808794494929 -7.920874671506041, 40.035774556089024 -7.727111454682114, 40.11919192826775 -7.4924260520928305, 39.95714365793228 -7.298651154279744, 39.71140875373919 -7.339185193938865, 39.54936139263492 -7.145040169916518, 39.633311038232705 -6.910746032692411, 39.47153171221248 -6.71663384495402, 39.55544964834948 -6.482816137062102, 39.8005916655257 -6.443155264944227, 39.883923455639774 -6.209875729100104, 39.722669019555724 -6.016218010679217, 39.805971253793075 -5.7834544590375785, 40.04997202105926 -5.744390469765019, 40.132689613615156 -5.512201338713131, 39.97196282877201 -5.319039908335292, 40.054652977599545 -5.087405260358882, 39.894186650670605 -4.894363907121304, 39.97684884646091 -4.663306434539532, 39.81664272963965 -4.47040975011146, 39.89927646830813 -4.239951838281633, 40.141566068010434 -4.202414019173203, 40.22362190119583 -3.9725946280379207, 40.06393884833267 -3.780295015341136, 40.1459682881744 -3.551111388649416, 40.3871300409663 -3.514247650822636, 40.468583162860966 -3.2857350464186945, 40.30942567385293 -3.0940711959099616, 40.39085442614635 -2.86622933435329, 40.63088955828087 -2.8300683311400863, 40.71174365446237 -2.602928615020062, 40.95092252696301 -2.567032672194843, 41.03120123841475 -2.3406122373539704, 41.26951427702434 -2.3049944608740622, 41.34921700897189 -2.079309983664012, 41.58665495463515 -2.043983130098265, 41.665781244005814 -1.81905082395978, 41.90233515115827 -1.7840272966683737, 41.98088466439356 -1.559862909305894, 41.82344346175586 -1.3706940752790453, 41.90198026259415 -1.1472824675977518, 42.13739545433148 -1.113068846389436, 42.21535761657037 -0.8904516833775865, 42.44987747441564 -0.8565719441501778, 42.52726488611012 -0.6347637002517277, 42.37069769457537 -0.4468075959353965, 42.448076499890476 -0.2257925588845268, 42.68145773781171 -0.1927620385314081, 42.75826407927758 0.0274198164687797, 42.60225387160986 0.2145945699980895, 42.36910835725854 0.1820645087782834, 42.291738704449074 -0.0381394499989715, 42.057700999028214 -0.0710272865991525, 41.90127612209869 0.1167804652767418, 41.666601664897655 0.0840292909270673, 41.588106212494836 -0.1370121751691909, 41.74483941008239 -0.3252960555825205, 41.66632964450861 -0.547145804353969, 41.4305321672488 -0.5807170416715359, 41.35145272743506 -0.8033685155654743, 41.11478827480727 -0.8372646593871677, 41.03513958265535 -1.0607031187311127, 40.79761716854688 -1.0949124968861401, 40.717399773990905 -1.319122733541861, 40.479028719607356 -1.35363331963145, 40.321146595680915 -1.1634769085512546, 40.08221212178253 -1.1978285002360265, 40.000885858656204 -1.4227830955572027, 39.76112801940906 -1.4574187235007543, 39.67923798463934 -1.6831090071987351, 39.438667044466655 -1.718015843741989, 39.356214346465435 -1.9444250907579905, 39.11484087976453 -1.979589968064165, 39.031826764267066 -2.206700997324576, 38.78966165608176 -2.2421104122451596, 38.70608750793613 -2.469905590999662, 38.865202734567276 -2.6623221064034115, 38.78159210126179 -2.890817695760674, 38.94097235109018 -3.0835126896326677, 38.857325687136864 -3.312687805061815, 39.01697127811161 -3.5056376927976705, 38.933289043042436 -3.7354710806307203, 38.6894311935136 -3.772335925673338, 38.60518264622158 -4.002793565201131, 38.36053852028738 -4.039847244201122, 38.27572525859864 -4.270909658740841, 38.4360811697926 -4.464936873025333, 38.681034983029576 -4.427479678111354, 38.841442797184754 -4.621287719784495, 38.75711925281098 -4.85296741491477, 38.511855861896436 -4.890830205511058, 38.426962300655475 -5.123084751542582, 38.1809127123164 -5.1611017151085345, 38.02007413254063 -4.966467255132339, 37.773571827817904 -5.004236698810761, 37.68758878243062 -5.237025308471891, 37.84862717797404 -5.432065822436591, 37.762598824068874 -5.665408150940835, 37.51501356198071 -5.703685410612924, 37.42842073331735 -5.9375398711644936, 37.18008664218567 -5.975922691192767, 37.09293148975493 -6.21026759434616, 37.25462302143373 -6.406254399100545, 37.16741749781676 -6.641096935012006, 36.91800863394408 -6.6799244192956495, 36.830240312845774 -6.915218556351563, 36.992391531353235 -7.11170812427537, 36.90457046194999 -7.347458774788921, 36.654088357932864 -7.386693237513588, 36.491774569736975 -7.189829917557808, 36.24092305946402 -7.228761607239084, 36.15203662482884 -7.464890536049933, 36.31450164692771 -7.662122113957984, 36.56570412092407 -7.622855539789859, 36.72831060232875 -7.819804620146824, 36.639871200043245 -8.05638137125013, 36.38831763859963 -8.095983921774668, 36.22555682231237 -7.898672788384844, 35.97364807259507 -7.937953604851327, 35.884145400436495 -8.174869049461858, 36.04704901832616 -8.372536586044273, 35.95748547563798 -8.609830827036939, 35.70452189815083 -8.649420519459513, 35.614400530034146 -8.887037456644327, 35.360753921269236 -8.926593140092521, 35.27007777494569 -9.164508356064577, 35.433537236246934 -9.362905557904392, 35.34279478984246 -9.601137276776845, 35.50656033687417 -9.799542171796174, 35.41575194044259 -10.038064471606171, 35.16068701841306 -10.078147027588027, 35.069321190607184 -10.316905294984771, 34.81359187207906 -10.356891772168076, 34.649612121525166 -10.157841415018925, 34.393621359625286 -10.197447389294263, 34.229868001611266 -9.998071521860012, 34.3221885530447 -9.759410592875641, 34.15874948611281 -9.560049453119627, 33.90291700769788 -9.599029769884089, 33.73972405454015 -9.3993832773844, 33.48369045088353 -9.43800935069938, 33.39045480669088 -9.67651943683177, 33.55370270695468 -9.876486375089694, 33.810133881826005 -9.837621949334919, 33.97364326255132 -10.03730340540757, 33.88078177159653 -10.276162405082479, 34.04460828900625 -10.475852036263493, 33.95166871734804 -10.714951524393454, 34.115813079409264 -10.914622473222341, 34.022795716384366 -11.15393599420993, 34.18725862986142 -11.353561353403476, 34.09416376981579 -11.593062346717737, 33.836137855030415 -11.632884857623026, 33.74249695860618 -11.872499770372032, 33.907348199272946 -12.072339887224523, 33.81362708221846 -12.312095924407679, 33.978801190605 -12.51182977068212, 33.88500014119765 -12.751700146012851, 33.62555719487216 -12.791791052017015, 33.46032409266135 -12.59178321276985, 33.20069326162138 -12.631427162857504, 33.105886208651214 -12.871292633612601, 32.84567879334361 -12.91069736293628, 32.680698494996534 -12.71003475414825, 32.775952733044875 -12.470235702296156, 33.035742819230535 -12.431032073649348, 33.130463576051994 -12.19126800666154, 32.965840875115504 -11.990780145410636, 33.060475085982944 -11.751144352274897, 33.319283393566764 -11.711928780600388, 33.41338279207804 -11.472374251099833, 33.249124583291405 -11.272108335734918, 33.34314019944364 -11.032728669471922, 33.17920543400777 -10.83243078172534, 33.27313701093689 -10.593252641201952, 33.109524926975354 -10.392949764456288, 33.2033722126485 -10.153999711508984, 33.0400820475723 -9.953718774180967, 32.78291249182661 -9.992081236629245, 32.68862686628103 -10.23093652683571, 32.85194648377461 -10.431524915526728, 32.75757336119446 -10.670615264933494, 32.49944694016304 -10.709016871203968, 32.404552364039375 -10.948221534799137, 32.568215697986375 -11.149119561997406, 32.47323087412184 -11.388513020919023, 32.21415332578002 -11.42690860742875, 32.11864861145534 -11.666370427189594, 31.859052824574974 -11.704540450918625, 31.763032931354076 -11.944044275224954, 31.50293701981215 -11.981969232102939, 31.406406826038392 -12.22148861036945, 31.570383990460755 -12.423190344118115, 31.473754746856685 -12.662811777728692, 31.212739285513692 -12.700619163137992, 31.115601775473124 -12.940209472193205, 31.279886255090503 -13.142099292557267, 31.182646836433605 -13.38174447471099, 30.920718899983854 -13.419387896988397, 30.822973397310477 -13.658955081842864, 30.5605906114522 -13.696267799853715, 30.4623444038819 -13.935730290555446, 30.199526095086867 -13.972692826178168, 30.100784728766513 -14.212023934641696, 29.837550482495914 -14.248616904496382, 29.738319669571723 -14.487789971286134, 29.47468932315374 -14.52399410471982, 29.374974940591812 -14.762982518931361, 29.11096857579912 -14.798778675923105, 29.01077666405368 -15.037555895027133, 29.174948636185917 -15.24067528462182, 29.43942618349763 -15.204813780506116, 29.539257523256538 -14.96589886080394, 29.803353926939337 -14.929615643599398, 29.968082978428896 -15.132168734135512, 29.868624398417097 -15.371208382417421, 29.604060968494224 -15.407570855014193, 29.504112735782712 -15.646385371986499, 29.239162991238942 -15.68231241687163, 29.138731161639924 -15.920875324779509, 28.873415586250246 -15.956347942559871, 28.77250638078459 -16.194632876702364, 28.506845693684966 -16.229632252520762, 28.405465496965803 -16.467612980766685, 28.57009090115025 -16.670731770322618, 28.83623498085214 -16.635694016139187, 28.937267130011605 -16.397576459175824, 29.203061049780416 -16.362051790903305, 29.303612768091 -16.123636211516793, 29.569035722655315 -16.087643431652072, 29.734378085182414 -16.290000938169747, 29.999878465188658 -16.253479457306074, 30.165663875098602 -16.455412258555555, 30.431211589719936 -16.418353813185625, 30.59742212429569 -16.619840810545156, 30.862986965573214 -16.582237422542107, 31.02960449939576 -16.783257759747674, 31.295156162446062 -16.74510174591738, 31.462162379008106 -16.94563482462794, 31.3635827006064 -17.18450980302302, 31.530938783029967 -17.384722253294584, 31.79689786022567 -17.345872069631223, 31.89504688603637 -17.1069443007869, 32.160480992562356 -17.06766121053625, 32.32820892041909 -17.267159084356475, 32.23050236274895 -17.50612653497857, 32.39857665441281 -17.70526434814711, 32.664346787206114 -17.665246697030256, 32.83275185096488 -17.863817690527696, 33.09838154789787 -17.823206704626987, 33.267098303164005 -18.02119164292333, 33.170221886546074 -18.259967631150634, 32.90415658262444 -18.30075219630195, 32.806717981937055 -18.53926988144585, 32.97581450615033 -18.737004835780922, 32.878283190686545 -18.9752457690065, 33.04772674524591 -19.172524701158796, 32.95010297752299 -19.410463455139066, 33.119894428399704 -19.607261386372677, 33.02217847637729 -19.844872780909707, 32.754196293787174 -19.88569065425975, 32.6559130429313 -20.122959181338285, 32.82608435955646 -20.31940114333614, 32.727705850805336 -20.55629834825147, 32.458685919337796 -20.596756635116176, 32.288498145195774 -20.40017090237899, 32.387343714209294 -20.163271365819046, 32.21751060649706 -19.966167930491878, 32.316257329624534 -19.728902743751135, 32.5843767230711 -19.688736940390136, 32.68256446206857 -19.45112185268582, 32.513095741016286 -19.253680989057905, 32.245425609731114 -19.293700157450722, 32.14677796124863 -19.531306113410864, 31.878552814323257 -19.570825806289655, 31.77935467979262 -19.808074909163633, 31.948830039133043 -20.00582110815039, 31.849529511276558 -20.24271031101284, 32.019361433651 -20.43995737616165, 31.919958721078245 -20.67646196222671), (34.41267206184421 -15.146492352080347, 34.2455454471345 -14.9479607646225, 34.33974165341005 -14.70792105010391, 34.17294227128193 -14.509122235626915, 33.9118702791259 -14.550124168733158, 33.81719201332016 -14.790151790386103, 33.555496059723176 -14.830868581831416, 33.38889511903265 -14.631342416885296, 33.484044759294804 -14.391340351406791, 33.31777548784349 -14.191586591069088, 33.41283988094047 -13.951578338113569, 33.246901494759236 -13.751623808852552, 33.34188037087068 -13.511636243797172, 33.602335763670034 -13.47156326849241, 33.696767624495884 -13.231577250218098, 33.95661715959657 -13.191258635631915, 34.12243919422079 -13.39069904198842, 34.02847916543131 -13.63071761274986, 33.76822258884353 -13.671264006758076, 33.673708304310935 -13.911290741264594, 33.83992312625077 -14.110797540904425, 34.10058719068012 -14.070023354743439, 34.26706006432389 -14.269062786160891, 34.527490774067346 -14.227796000153221, 34.69420322429763 -14.426348703484338, 34.60057455871291 -14.666413523922747, 34.767611164533534 -14.864705906383916, 34.673907543425074 -15.10474424453788, 34.41267206184421 -15.146492352080347), (32.46305636634327 -13.870285558187964, 32.55902414149672 -13.630382345765627, 32.82021409383657 -13.591048757987297, 32.985857763460395 -13.791431113168118, 32.890336204868326 -14.031393565797385, 32.62872196819728 -14.070915171290139, 32.46305636634327 -13.870285558187964), (36.024516106287486 -12.860641414420705, 35.93325630441549 -13.100461706716224, 35.675557214952285 -13.142585414860335, 35.509497405936216 -12.944595831233457, 35.60126923529125 -12.704761334967653, 35.85859132312378 -12.662929798688573, 36.024516106287486 -12.860641414420705), (35.215071549393826 -11.192489897179765, 34.95857880025296 -11.233033167146163, 34.793972987039645 -11.034074074457807, 34.885964416979895 -10.794878840695622, 35.14207530182781 -10.75461417273834, 35.30657412955134 -10.953266986850169, 35.215071549393826 -11.192489897179765)), ((43.384261277343796 -24.667312148555936, 43.55732693190649 -24.840669472540036, 43.81399596612056 -24.7818416819057, 43.89732914412275 -24.5500522846261, 43.72470498164671 -24.376779262146286, 43.808039673236976 -24.1444670867345, 43.63568175615109 -23.97027890273845, 43.71901717632426 -23.737463822479494, 43.546925514933434 -23.562377039987982, 43.29106430898892 -23.62000879064163, 43.20702642925795 -23.853128932057622, 43.37955050256943 -24.02831278920809, 43.29550959242192 -24.26093304236142, 43.46830444712586 -24.435211854093467, 43.384261277343796 -24.667312148555936)), ((46.59807750084124 -8.955411216175223, 46.36539220163991 -9.000553584586712, 46.29174359734617 -9.231896632732775, 46.05797677529981 -9.277289898399605, 45.983703327307296 -9.509224353541653, 46.14384100187485 -9.695515815059577, 46.37779711350362 -9.649527982322663, 46.53768545199037 -9.835205991976508, 46.77073655130056 -9.78885883380036, 46.84371587934578 -9.557437082428875, 46.68429387394272 -9.372099533756652, 46.75729655620023 -9.141010547873375, 46.59807750084124 -8.955411216175223)), ((53.076260740980445 -5.361488364696295, 53.22525242503224 -5.538163656956608, 53.16514972477063 -5.755951388431242, 53.31426878683254 -5.932411527973087, 53.52291424830062 -5.89070102720781, 53.67158060768227 -6.066550560719362, 53.88918228888551 -5.989371267284424, 53.948133292477365 -5.771784526209359, 53.78987121726601 -5.6320092681822915, 53.58237854829122 -5.673255365570185, 53.43383586361074 -5.4971773338966745, 53.49336429899387 -5.280239155628669, 53.344945814371556 -5.103953180399475, 53.13642560865833 -5.144216900223254, 53.076260740980445 -5.361488364696295)), ((49.887403985695215 -13.653170163382255, 50.114568292462764 -13.599760658763795, 50.18261016736537 -13.369182892330215, 50.02417342059795 -13.191623414769797, 50.0922629927158 -12.961163338886658, 49.93399830486521 -12.783084209807834, 50.002134805162314 -12.552764619120591, 49.84404258997722 -12.374187092166764, 49.61726276378843 -12.425658852267082, 49.45879666476648 -12.246324979332972, 49.52765658075529 -12.015799307508441, 49.36936752866268 -11.836001622994315, 49.141679739899416 -11.886446346249882, 49.072144331564004 -12.117331015342963, 48.84328869039473 -12.168032838960043, 48.684113281746136 -11.98721269861904, 48.45424225823109 -12.037527429062587, 48.38339742915991 -12.269290976153252, 48.54309696401805 -12.45039522781769, 48.472288296245836 -12.682328091906795, 48.24110484205531 -12.733499034209045, 48.16965581247308 -12.965926791876479, 47.93731300929724 -13.017309010283032, 47.8652212594167 -13.250211664873328, 47.63172256346974 -13.301789150742845, 47.55898583623875 -13.535146318844697, 47.720424707380346 -13.71658530557253, 47.64771863001306 -13.950039037053475, 47.41289499582524 -14.00239155998036, 47.33953961097194 -14.236262188884181, 47.50168767721647 -14.417436850056, 47.428361520778 -14.65136341574951, 47.19220572608512 -14.704455535348044, 47.11822594908753 -14.9387605621274, 46.88091408768321 -14.991980318990297, 46.806278667817566 -15.2266419730001, 46.56781538104548 -15.279971578659389, 46.49252241129318 -15.514967689335279, 46.65637473084817 -15.696297961337043, 46.8950276005223 -15.642402143793914, 46.96963752727021 -15.407742818708638, 47.20713262585468 -15.35394783334956, 47.281084638345476 -15.119627779923631, 47.51741739282738 -15.065951604326752, 47.59071355908287 -14.831992812947231, 47.82587973871264 -14.778453098564434, 47.89852223841967 -14.544877220843524, 48.13251794866622 -14.4914912847224, 48.20450906959874 -14.258319623804395, 48.04318887012815 -14.07817840180798, 48.11521429573088 -13.845072863727802, 48.34787742252274 -13.792467048635936, 48.419255950685454 -13.559803356035776, 48.65074779560496 -13.507392956135401, 48.811012923905054 -13.687029381390012, 49.041477128823146 -13.634205226252963, 49.1115288678063 -13.402370416086699, 48.9517994408518 -13.222992581849098, 49.02189161591872 -12.991273377833581, 48.86234651036884 -12.811392905875552, 48.932478358344184 -12.579812511733913, 49.16147703811242 -12.528475092905653, 49.32048512934773 -12.708084307988184, 49.548446385308154 -12.656355079548186, 49.70708914639036 -12.835203442722, 49.63831706683709 -13.066047277935974, 49.797136098045144 -13.24438862582682, 49.72840908341203 -13.475357130426149, 49.887403985695215 -13.653170163382255)), ((42.9431801025209 -22.621540319073798, 43.114892016039676 -22.79933615634541, 43.03086248133127 -23.033394381895892, 43.20284507678181 -23.210337196537047, 43.458435482807715 -23.1531109322581, 43.541770033133446 -22.919351146088598, 43.37021088415102 -22.74251864592539, 43.453543849946726 -22.508317778719192, 43.28225094295186 -22.3306390402051, 43.3655815670127 -22.096018404210774, 43.6195130194223 -22.03937836139238, 43.70215046987386 -21.80465810725515, 43.531548219865414 -21.62627885177932, 43.614185483468304 -21.39117837282905, 43.86673422198271 -21.33476246363455, 43.94868177254753 -21.099605534347923, 44.20010463212947 -21.0430095555982, 44.281363186258375 -20.807821344050822, 44.11189134705501 -20.628919782228138, 44.193154621437884 -20.39340954785076, 44.44319838828986 -20.33711614527856, 44.52377629903651 -20.101617740023542, 44.355001271920116 -19.922100958927174, 44.43558589941313 -19.68632128449596, 44.68425589751348 -19.630375874375357, 44.76415884829001 -19.394651068686105, 44.596080888042906 -19.21455795508686, 44.347650317481964 -19.27002586819944, 44.17937306303685 -19.089048051931723, 44.25996886290329 -18.852774948219064, 44.50815918563049 -18.7977872977515, 44.58807870597266 -18.561605522887493, 44.42049011258919 -18.380107835268223, 44.17254084456073 -18.434612582817238, 44.0047615708003 -18.252256197224256, 44.085365570606314 -18.0155834067782, 44.33307299038904 -17.961564074212735, 44.41300608639173 -17.725019259727425, 44.245907139702496 -17.542201069386245, 44.3258459163915 -17.30551047925247, 44.158991880449264 -17.12206439749151, 43.911770485082684 -17.17510589025736, 43.83116120737526 -17.41208290370768, 43.5828532949844 -17.465071414325084, 43.501577803312244 -17.70218856239222, 43.66927718107894 -17.886037594815676, 43.58800124841835 -18.122996206518987, 43.755953886393314 -18.30620153646719, 43.67467823091937 -18.54297757347187, 43.84288412345359 -18.72551759298435, 43.76160946966377 -18.962087221117212, 43.93006860429122 -19.143940659858675, 43.848795683041146 -19.38028026363948, 44.01750804039921 -19.5614262005527, 43.93623758893813 -19.797512397333456, 44.105203142687486 -19.977930271780174, 44.0239359046939 -20.21373992547322, 43.773017735510024 -20.269431973638287, 43.69106710618823 -20.505246560311523, 43.860720440353305 -20.68506528605253, 43.77877097514303 -20.92056229765023, 43.526481376162394 -20.976538453615188, 43.4438450500175 -21.211997060119877, 43.19044562355219 -21.26778226772312, 43.10712192722036 -21.503177172726353, 43.277882414827445 -21.682492993948923, 43.19455488285735 -21.917511750849567, 42.93978124807148 -21.973502299628215, 42.85576305746736 -22.208413975748137, 43.02720433659573 -22.387044615611803, 42.9431801025209 -22.621540319073798)), ((43.67993072977643 0.7797167176157617, 43.90964611496253 0.8112403852109632, 43.984164755563 1.0279622465156315, 44.212946461189915 1.0590857286243156, 44.28689428434572 1.2749131152425903, 44.132634278093235 1.4596554321718769, 43.90406086719338 1.429060548812584, 43.8295403372496 1.2131961205194814, 43.60003866318905 1.1821958992789374, 43.52494890676758 0.9654397180514014, 43.67993072977643 0.7797167176157617)), ((47.53753878104564 -9.419058848092426, 47.465837501706005 -9.649605582569952, 47.23481722518622 -9.696055529052694, 47.16248990789791 -9.927203763892939, 47.32183700914811 -10.11161806076932, 47.553026085295414 -10.06455021950944, 47.71208170144001 -10.24831497662414, 47.94231463076105 -10.200886238648938, 48.013329127494984 -9.97031871886709, 47.854769320203985 -9.786883236465812, 47.925815556316934 -9.556624434940206, 47.76744673061887 -9.372880436256228, 47.53753878104564 -9.419058848092426)), ((52.4995426850092 -6.717580986874525, 52.437755224930356 -6.938316695731056, 52.58872578579954 -7.11564598583633, 52.800911591571776 -7.071873750148634, 52.86205215270354 -6.851487899449823, 52.71165397021878 -6.674523674481209, 52.4995426850092 -6.717580986874525)), ((45.12252432981356 -15.597196898980378, 45.04455984599983 -15.833412765186344, 44.800868515293274 -15.885970609979124, 44.72224387872802 -16.12244159237159, 44.4774498185582 -16.175016184466177, 44.311513223564106 -15.990604598373812, 44.06586187655532 -16.042672011017075, 43.9859104124223 -16.279654805045325, 44.15227448647181 -16.464290390152374, 44.072326531840474 -16.701200129971177, 44.2389356079681 -16.885252109705455, 44.48506247347075 -16.83217778612375, 44.56434146187567 -16.595554581461545, 44.809366172085106 -16.542467340761736, 44.887981376226264 -16.306057328753926, 45.131896688415196 -16.252976834138877, 45.20984920337722 -16.016803862511953, 45.45264825263996 -15.96374951436184, 45.617710030760776 -16.146338240740562, 45.859596247941056 -16.09278898534799, 45.936209559442005 -15.857191766756698, 46.17696037959769 -15.803697104668467, 46.25291268738354 -15.568389034085303, 46.0887939840315 -15.386254654626454, 45.84824656940964 -15.439199618363974, 45.77161560439788 -15.67482807973354, 45.52993931018699 -15.727837155645371, 45.365106009251264 -15.544675031296983, 45.12252432981356 -15.597196898980378)), ((44.518045435117926 -12.646422787952911, 44.759082283334806 -12.597671026022264, 44.92231282783166 -12.784208448799887, 44.84493580216042 -13.019782921856045, 45.008395630532846 -13.205908119582606, 45.248794056950686 -13.15617562997589, 45.32551548938187 -12.92086917729896, 45.5648236151151 -12.871256871135005, 45.64090081635703 -12.636362229963341, 45.47832787638478 -12.450806477116473, 45.239229325239705 -12.499859136217642, 45.076434524030105 -12.313612271405002, 44.836468737068145 -12.362242927936517, 44.673467565047446 -12.175317101385016, 44.750862750480906 -11.940059963962817, 44.58809103308175 -11.7527697079316, 44.34750266504756 -11.80043538447271, 44.269462713067156 -12.035933846279443, 44.02782298162836 -12.083721786762213, 43.864456278680365 -11.895476032040252, 43.622010666026625 -11.942843786517475, 43.458485153029244 -11.753957829964195, 43.53779995514893 -11.518013428208524, 43.374515629449036 -11.32881249590001, 43.13153121065585 -11.375245258306894, 43.051586790592864 -11.611394054421, 43.21525492363958 -11.800906534421852, 43.13530651302932 -12.03725604410702, 43.29921968525818 -12.226445799844434, 43.21926793670207 -12.462971034576903, 43.38342617581293 -12.651813443723691, 43.62714610444172 -12.603833830029611, 43.791153998739645 -12.792016285398113, 44.034075105705625 -12.743599185356818, 44.11274949645025 -12.507524825238928, 44.35462021415728 -12.459202916981809, 44.518045435117926 -12.646422787952911)), ((51.1148882640621 -10.166442111887864, 50.894244533206404 -10.215052633725016, 50.82846279301057 -10.442354974318505, 50.98399286643951 -10.620673270806044, 51.204741038858 -10.571380975566568, 51.26985431888082 -10.344452753714627, 51.48941968225881 -10.295505433505454, 51.553919419495685 -10.069235556345543, 51.39952101207018 -9.89153640465977, 51.1800548814131 -9.93979623889006, 51.1148882640621 -10.166442111887864)), ((44.07671207564346 -25.35682539076605, 44.332740687197884 -25.296898288563956, 44.41535179446555 -25.065975273476745, 44.24265568153987 -24.894654753055633, 43.98688635609551 -24.954183433691405, 43.90355548373773 -25.18543056068052, 44.07671207564346 -25.35682539076605)), ((55.163096054765276 -4.163403426236483, 54.946588567521786 -4.241759669525228, 54.889486776849196 -4.456733461766232, 55.04930027159659 -4.593941311024935, 54.99215483459875 -4.80994724699033, 55.1527050364798 -4.9481333864722865, 55.37076772490164 -4.869666900746158, 55.53242366344338 -5.008179022207421, 55.75116692718211 -4.929444552060903, 55.80747251817448 -4.712260645991331, 56.02610242961873 -4.633327589738011, 56.08194488617329 -4.416603244565366, 55.91958919997725 -4.279388527333739, 55.97540152291097 -4.063710419511273, 55.813785240839536 -3.927467431403136, 55.59670034328019 -4.006253964558584, 55.54046371007823 -4.221357209851616, 55.32327477320064 -4.299965164447054, 55.163096054765276 -4.163403426236483)), ((51.30982912861822 -9.487480399451265, 51.374438023504865 -9.2618248238651, 51.220343757311525 -9.083380560858734, 51.001079685944774 -9.130264534181597, 50.84658115767533 -8.951143881444182, 50.62625786107367 -8.997707131580784, 50.56032551362725 -9.224072891665243, 50.71537733170965 -9.403525916161273, 50.64949444961891 -9.630225809693108, 50.8047061215795 -9.809322304125583, 51.0252442188021 -9.761394016114481, 51.09046343215715 -9.53505238342599, 51.30982912861822 -9.487480399451265)), ((35.754867314311724 -6.637272435828101, 35.59315581918324 -6.440054153486278, 35.342004987751125 -6.4780904402070325, 35.25220585718171 -6.713652536425829, 35.41403649421116 -6.911245953526502, 35.32417222836045 -7.147268892299323, 35.07199965699701 -7.185626786930588, 34.98159210926602 -7.422020400041167, 34.728774896627414 -7.460373499324237, 34.63782733656248 -7.697113964718877, 34.800166945483056 -7.895573723730722, 35.05335805494616 -7.8569344643120065, 35.14383325196192 -7.620122518666559, 35.396373953730404 -7.581466620799384, 35.4863030159936 -7.345007537826525, 35.73817830097522 -7.306353103305919, 35.82755813375073 -7.070270636617565, 36.07875330572904 -7.031635573775149, 36.16758097426725 -6.7959531651676395, 36.00570596065657 -6.598958514108958, 35.754867314311724 -6.637272435828101)), ((49.928409451797506 -17.078573546664163, 49.76703824283055 -16.904662347111707, 49.53544243534796 -16.962411319979406, 49.46508237033814 -17.194674526312703, 49.62702488695385 -17.36876638143434, 49.85875677232045 -17.310414055249566, 49.928409451797506 -17.078573546664163)), ((47.19394959905043 -25.012895398058376, 47.44128749336966 -24.94887451220913, 47.51806219484669 -24.719279746358623, 47.348246795540206 -24.553307276415207, 47.10110404659673 -24.616870044189636, 47.02358263923429 -24.846863071630356, 46.77517864797045 -24.910243258807196, 46.696940429261986 -25.140103819671005, 46.44728062040994 -25.203279532561666, 46.27607096190067 -25.036151273915312, 46.025379212265904 -25.09866733984895, 45.94568036515187 -25.32874441087165, 45.69375230187262 -25.391021765344565, 45.61333345550963 -25.620910234299437, 45.785582086281664 -25.788156640389417, 46.03773558407076 -25.725456105991544, 46.11741367417383 -25.495932756326525, 46.36832345965948 -25.43298355243125, 46.53977084012561 -25.599129323969986, 46.789640254975865 -25.535515002818467, 46.8678514743043 -25.30619388655431, 47.11645780073303 -25.242365303905572, 47.19394959905043 -25.012895398058376)), ((42.74876016520858 -17.199662316420966, 42.99868530392055 -17.14776367418777, 43.080619008616566 -16.910249884702726, 42.91328265070328 -16.724383979910474, 42.66362356607905 -16.775818431100742, 42.581036444610106 -17.01358231664978, 42.74876016520858 -17.199662316420966)), ((40.09678091100989 -22.568607799202724, 40.26962371454249 -22.75134737067634, 40.53087823687949 -22.698567111708922, 40.61896075489196 -22.463395059952283, 40.44643910923756 -22.280781379949445, 40.1855116148308 -22.333214505649195, 40.09678091100989 -22.568607799202724)), ((45.187672412345194 -25.51463682363143, 44.93353389031108 -25.575962761112677, 44.85165885473458 -25.805985316865414, 45.024655420500864 -25.97433540112144, 45.27903536877585 -25.91260222798977, 45.36017584763189 -25.68292665799195, 45.187672412345194 -25.51463682363143)), ((52.983810408587004 -6.4119769228518875, 53.133633658164314 -6.588572792602647, 53.34349858873509 -6.545683152816013, 53.403474870301466 -6.3269206280003445, 53.25422894757179 -6.150696342639196, 53.04442931834734 -6.192863760022403, 52.983810408587004 -6.4119769228518875)), ((47.51203525922392 -11.590195592981415, 47.58425065869892 -11.35798188976912, 47.42430878969566 -11.17461033844337, 47.19165901450384 -11.2231483915097, 47.118780222263865 -11.455666851753895, 47.2792136996984 -11.63934321764931, 47.51203525922392 -11.590195592981415)))",Fornasini's Spiny Reed Frog
199,23485,23480,Heterixalus alboguttatus,species,20978,Amphibia,2.32,"MULTIPOLYGON (((47.80569991656259 -23.169961701778988, 47.881156655014934 -22.938825139651836, 48.124135354307896 -22.875831835705256, 48.19888993163704 -22.644691800865225, 48.03140342929947 -22.476132860476397, 48.10619491225981 -22.2445943992363, 48.347737392541745 -22.18203318284944, 48.42183172625167 -21.950531851519735, 48.25511767835752 -21.78117612410166, 48.01374733656661 -21.84322308159543, 47.846683956235154 -21.67288879922744, 47.92154669451193 -21.440614491730482, 48.16274370537903 -21.37908602970054, 48.32925040112033 -21.549313679364257, 48.56936521553351 -21.487228403842185, 48.64280581317473 -21.255443635781823, 48.47686211544078 -21.08532570892915, 48.23691396869637 -21.14688311196459, 48.07061497519578 -20.975800145652364, 48.14482193631926 -20.743277687148876, 48.38460221662746 -20.682252280088225, 48.55034253879191 -20.853217633112628, 48.7890383092531 -20.791651471267222, 48.86183164138794 -20.5596614869064, 48.6966560872703 -20.388816994287748, 48.769490636049454 -20.15654192886333, 49.00677604735034 -20.095537292422538, 49.07892854621633 -19.863420525248145, 48.91451883135895 -19.691886077724888, 48.67738947187337 -19.75233636668666, 48.51261321365496 -19.579864884111725, 48.58552768976665 -19.347083952683164, 48.8224997880921 -19.28719186017995, 48.986713893108686 -19.45952280403751, 49.22259768722918 -19.399121265254742, 49.29411574548584 -19.166956213131257, 49.13046947204202 -18.99476932659338, 48.89473658146383 -19.054603724711573, 48.73071846929628 -18.88149427603148, 48.802996168383515 -18.648703154933358, 49.03857694177893 -18.589439585629552, 49.20203139573982 -18.762396615966985, 49.4365223663693 -18.702638831810745, 49.50741233592538 -18.470503907948984, 49.34452701675474 -18.297702928212676, 49.110181905667986 -18.35688111875969, 48.946919664124096 -18.183172351389324, 49.018566848182104 -17.950450240339343, 49.252764882418376 -17.891855155546367, 49.415462111625686 -18.065399392061284, 49.64856909888613 -18.006325031348236, 49.718837289804526 -17.77429841563726, 49.55671035254767 -17.600922440768876, 49.62702488695385 -17.36876638143434, 49.46508237033814 -17.194674526312703, 49.23225843984099 -17.25256221629018, 49.16123554660135 -17.485136430172357, 48.9271857935762 -17.543145048855585, 48.76430912439574 -17.367989426369306, 48.83603830957475 -17.135007139852856, 49.06993858990407 -17.077588192465434, 49.14100416639104 -16.84491227550053, 48.97887359033365 -16.66925238422745, 48.74512396138036 -16.726078613550534, 48.58263434308603 -16.549553864730065, 48.34783190212039 -16.605913156555584, 48.27536187656432 -16.839383821068147, 48.03935799765469 -16.895853859996564, 47.96622339414401 -17.12962133905469, 47.729021603942385 -17.18618388238872, 47.56512697642111 -17.008406302588966, 47.32690918727954 -17.0644796455212, 47.252408929436456 -17.29889326948278, 47.4168241758899 -17.476862321403313, 47.34235328698213 -17.71115609903876, 47.10276762792529 -17.767847672045644, 46.93783835568672 -17.589691094575066, 46.697258466316754 -17.64587406304978, 46.62141787777077 -17.88075767696556, 46.37966426315995 -17.936966676108195, 46.30315060056415 -18.17205035540177, 46.06022862969337 -18.22826582150677, 45.894026749014074 -18.048868994729265, 45.65015412947804 -18.104552813945745, 45.57227264732151 -18.34015124199164, 45.738955534863976 -18.519728033643045, 45.66109053864321 -18.755140696105634, 45.415849455568065 -18.81130934669331, 45.33730646392331 -19.04685045132026, 45.50469853856424 -19.22588602568825, 45.75015744082356 -19.169211958539414, 45.91730366711502 -19.347350113058603, 45.83947397025207 -19.58232197073105, 46.00685161321596 -19.75971099406692, 45.929040741925235 -19.994428270326424, 45.68314901586058 -20.052104011240328, 45.604652443617 -20.286895812021946, 45.7727516660909 -20.46366075884591, 45.69427213583572 -20.698157671137313, 45.44698781918163 -20.75623507465103, 45.36781844993345 -20.99076420697565, 45.119363155938316 -21.048726206418387, 45.039502527627064 -21.283262940015344, 45.20880230227033 -21.45949574994963, 45.45748561224269 -21.40106150476418, 45.626546556584 -21.576343111082835, 45.54740840151777 -21.810180930101076, 45.298498008448206 -21.8690839466755, 45.218663235124126 -22.10289391853408, 44.96857466417961 -22.16163959650939, 44.798556494898946 -21.986116393445005, 44.5475384821344 -22.044235084037005, 44.46629869415821 -22.27832451618745, 44.21412482237119 -22.336252970680757, 44.132187585294304 -22.570257615186826, 43.878866076243014 -22.62797400079322, 43.79623053089131 -22.861868787527484, 43.541770033133446 -22.919351146088598, 43.458435482807715 -23.1531109322581, 43.63026088569495 -23.329079301288104, 43.546925514933434 -23.562377039987982, 43.71901717632426 -23.737463822479494, 43.97400362598654 -23.679152402897525, 44.056634182506286 -23.446167544105553, 43.88498475321779 -23.27118071147205, 43.96761819303953 -23.037730503442052, 44.221195696089865 -22.979587211960627, 44.39239334420762 -23.15447116953466, 44.310466857744046 -23.387600794185577, 44.48192173112014 -23.56159947292534, 44.40000180274163 -23.794260553606225, 44.14591479154754 -23.853247227023047, 44.063287902989174 -24.08574632250457, 44.23546076637456 -24.258932457703764, 44.15283833736274 -24.490925741105407, 43.89732914412275 -24.5500522846261, 43.81399596612056 -24.7818416819057, 43.98688635609551 -24.954183433691405, 43.90355548373773 -25.18543056068052, 44.07671207564346 -25.35682539076605, 44.332740687197884 -25.296898288563956, 44.505698336233934 -25.4672627961238, 44.76079403616299 -25.406633406918374, 44.93353389031108 -25.575962761112677, 44.85165885473458 -25.805985316865414, 45.024655420500864 -25.97433540112144, 45.27903536877585 -25.91260222798977, 45.36017584763189 -25.68292665799195, 45.61333345550963 -25.620910234299437, 45.785582086281664 -25.788156640389417, 46.03773558407076 -25.725456105991544, 46.11741367417383 -25.495932756326525, 46.36832345965948 -25.43298355243125, 46.53977084012561 -25.599129323969986, 46.789640254975865 -25.535515002818467, 46.8678514743043 -25.30619388655431, 47.11645780073303 -25.242365303905572, 47.19394959905043 -25.012895398058376, 47.44128749336966 -24.94887451220913, 47.51806219484669 -24.719279746358623, 47.348246795540206 -24.553307276415207, 47.425053661167055 -24.323205786874894, 47.67093015199788 -24.25948217630327, 47.747024879962424 -24.029296144251827, 47.577987587950474 -23.862430033929094, 47.654116110171 -23.631772704109988, 47.89853950672489 -23.56839176400414, 47.97396087078846 -23.33769037889416, 47.80569991656259 -23.169961701778988), (47.0276252577578 -18.002370351192983, 47.1927691973467 -18.179830096392767, 47.432538298400324 -18.122587523908503, 47.59737425221743 -18.299159577569057, 47.5229644821464 -18.533144704100245, 47.28301300841522 -18.590935208411413, 47.11765466002972 -18.414192237418106, 46.876693755910686 -18.471461315161392, 46.7110384241391 -18.29382622810388, 46.78685434418368 -18.059097848086864, 47.0276252577578 -18.002370351192983), (47.329563032740424 -20.518891099387094, 47.25391188149132 -20.752212003712156, 47.01079660832054 -20.812098691753242, 46.84352489875224 -20.638148972828766, 46.91989317447138 -20.40444434679677, 46.75284339393862 -20.22968575325237, 46.82923790507997 -19.99569528503769, 46.66241030042996 -19.820146186147298, 46.73883023735477 -19.58589195030822, 46.572225047609194 -19.409571100872462, 46.64866960664237 -19.17507542539547, 46.891013039868156 -19.117270544833794, 46.96677725222293 -18.8829215284622, 47.207927099890775 -18.82511396098144, 47.37349959088599 -19.001120561314703, 47.61363235464657 -18.942785336879663, 47.778887869513056 -19.117881850321517, 47.70454243024946 -19.351467679915377, 47.87000727647202 -19.525797848505647, 47.79569522117727 -19.759150573570686, 47.55520317905626 -19.818565043540584, 47.48020798978188 -20.052058676283558, 47.64642123412017 -20.225742186539446, 47.57145791472699 -20.45896324039382, 47.329563032740424 -20.518891099387094)), ((59.8506519206432 -16.901468597376212, 59.90662636810981 -16.65780196987994, 59.717667532449866 -16.495122763523188, 59.473011487808776 -16.57553077346501, 59.416412422007284 -16.818646538303152, 59.60509077405095 -16.98190589656947, 59.8506519206432 -16.901468597376212)), ((44.76415884829001 -19.394651068686105, 44.596080888042906 -19.21455795508686, 44.347650317481964 -19.27002586819944, 44.267059729077005 -19.506063858693206, 44.43558589941313 -19.68632128449596, 44.68425589751348 -19.630375874375357, 44.76415884829001 -19.394651068686105)), ((57.85162876666516 -20.46645707634896, 58.10205111308039 -20.390718352176464, 58.16226521533136 -20.146343446592347, 57.97267107988566 -19.97829823963131, 58.032882164836394 -19.73430254351223, 57.84425371031014 -19.566707852384695, 57.595779023419425 -19.64257928270679, 57.53496508445659 -19.885978801700652, 57.28625904343872 -19.961114400826567, 57.224837483119785 -20.204294649217385, 56.97591432436178 -20.278675456885143, 56.91388573319901 -20.52161089577347, 57.10136755214418 -20.690775892970805, 57.35127762202728 -20.616488291471306, 57.540126082682605 -20.78557665597077, 57.79079567765058 -20.710600890633323, 57.85162876666516 -20.46645707634896)), ((50.34207012354767 -15.689493313725022, 50.182202104299904 -15.51463325594725, 49.953320331052055 -15.57080484737602, 49.884180422581665 -15.802461533764117, 50.04462137434032 -15.977527442154837, 50.27362984150636 -15.920730461398147, 50.34207012354767 -15.689493313725022)), ((55.72659170895707 -21.538303694824275, 55.97623794019245 -21.467124720844346, 56.04008289117985 -21.225075227405696, 55.8548430444381 -21.05484424070517, 55.91864778679221 -20.813108144680807, 55.73437104032433 -20.643341651315858, 55.48674020939302 -20.71481288244605, 55.30387460869443 -20.54502931631591, 55.05711930165393 -20.615841298706915, 54.99222784151061 -20.856278441794558, 55.17462434279639 -21.026558381720843, 55.10967815350901 -21.267317889224856, 55.29303255156964 -21.43807403925171, 55.54180485937479 -21.367579433194532, 55.72659170895707 -21.538303694824275)), ((63.42877938180317 -19.605552540949578, 63.37729965716403 -19.855053300559664, 63.5799256943055 -20.01962386139102, 63.83416073186427 -19.934144852823117, 63.884884896588744 -19.68421944213761, 63.68213271059989 -19.520196432976036, 63.42877938180317 -19.605552540949578)), ((43.94868177254753 -21.099605534347923, 44.20010463212947 -21.0430095555982, 44.281363186258375 -20.807821344050822, 44.11189134705501 -20.628919782228138, 43.860720440353305 -20.68506528605253, 43.77877097514303 -20.92056229765023, 43.94868177254753 -21.099605534347923)), ((43.6195130194223 -22.03937836139238, 43.70215046987386 -21.80465810725515, 43.531548219865414 -21.62627885177932, 43.277882414827445 -21.682492993948923, 43.19455488285735 -21.917511750849567, 43.3655815670127 -22.096018404210774, 43.6195130194223 -22.03937836139238)))",Starry Night Reed Frog
